OFV: 210.1243998997495
Runtime: 2.547691042003862
Gap: 1.3518599184776113e-08
repPt: {0: (50, 50), 7: (83.96602747459063, 31.542436473779254), 8: (84.3027930815011, 54.602289291845004), 1: (82.17315180175099, 84.51113499523609), 2: (80.93856065430248, 101.84907158890915), 5: (77.59100015890974, 103.02048582528109), 6: (79.51669742186564, 116.025964262036), 4: (80.39905882614852, 121.98553099529174), 3: (71.00962362297057, 93.12202478913747), 10: (57.77298464378666, 65.95391018480244), 9: (50.67404401052691, 51.38346416906555)}
solType: IP_Optimal
lowerBound: 210.12439705916196
upperBound: 210.1243998997495
Path: 
50 50
83.966 31.5424
84.3028 54.6023
82.1732 84.5111
80.9386 101.8491
77.591 103.0205
79.5167 116.026
80.3991 121.9855
71.0096 93.122
57.773 65.9539
50.674 51.3835
50 50
