OFV: 356.8064781546061
Runtime: 0.13156203797552735
Gap: None
repPt: {0: (50, 50), 3: (52.35438726207123, 47.29787721073686), 4: (58.80491623247259, 55.65642562864734), 7: (78.88269729095276, 81.68595315053027), 8: (90.51410143027702, 104.23444636863154), 16: (92.7599954071762, 95.0762312936432), 15: (95.43812372635583, 84.14566792614333), 6: (98.56356321171762, 84.37749490185944), 5: (95.28420314959956, 67.29814809974053), 17: (92.25168829529073, 68.01543153847894), 18: (88.72514990444529, 88.95724754899992), 1: (51.17653850325604, 85.94143512416265), 2: (45.99837749741725, 116.94050828882004), 14: (43.67271719361147, 118.26395315891308), 13: (34.42225165860744, 86.5659626584308), 10: (16.512094374082746, 48.26906318578468), 9: (8.778729196441924, 27.415862109795803), 11: (23.786930899388306, 38.84480253935918), 12: (34.12535662086087, 49.42857455946889)}
lowerBound: 356.8064427578451
upperBound: 356.8064781546061
solType: IP_Optimal
Path: 
50 50
52.3544 47.2979
58.8049 55.6564
78.8827 81.686
90.5141 104.2344
92.76 95.0762
95.4381 84.1457
98.5636 84.3775
95.2842 67.2981
92.2517 68.0154
88.7251 88.9572
51.1765 85.9414
45.9984 116.9405
43.6727 118.264
34.4223 86.566
16.5121 48.2691
8.7787 27.4159
23.7869 38.8448
34.1254 49.4286
50 50
