OFV: 708.5777747377471
Runtime: 0.37611366098280996
Gap: None
repPt: {0: (50, 50), 28: (46.36759879744008, 53.399863436634654), 27: (36.21180010636954, 20.68612471630228), 22: (32.97164360817478, 26.712323687188018), 21: (26.11773126679764, 5.462580167659023), 5: (18.399616745871185, 7.8588900276270115), 6: (20.95347900617065, 33.86995626514099), 26: (21.055730266229258, 34.909961154572805), 25: (20.271010088838562, 22.883188465430685), 37: (18.714283372667044, 25.03913863287331), 38: (16.922773535054155, 46.80008644022846), 14: (16.90790359885978, 46.57797998961301), 13: (14.953489529261388, 17.399523107138766), 19: (14.866167341728858, 20.19938584838061), 20: (13.962339122304346, 49.191601637365444), 7: (4.224728926752533, 73.76780289383693), 8: (3.137412922170909, 88.96849786514669), 35: (5.069552468655458, 83.781745198542), 36: (8.37327232598446, 107.95528289299968), 16: (13.460264442552061, 99.0777688126809), 15: (17.735496290295814, 86.0797758864754), 12: (25.362094926258514, 64.99278193564088), 11: (27.37193372529222, 31.869583056256822), 3: (38.48473506581747, 31.709060465187257), 4: (41.64357480102312, 49.926511821827084), 9: (48.21363113908679, 45.26606877837979), 10: (55.85451919669128, 65.94187393273737), 34: (67.55464279903931, 67.30299201711436), 33: (62.546405681569, 31.464529502876452), 1: (72.90312001161183, 13.273631832425968), 2: (79.2248528958121, 37.80843833838496), 39: (81.91647949360996, 31.48657263806798), 40: (88.88471030745099, 63.71886505953661), 23: (95.47967132196733, 68.17257132163776), 24: (104.00170953475953, 97.03911326355812), 30: (72.39772438666014, 100.52659507824953), 29: (67.00942116675353, 80.07193107393394), 18: (67.21067636549415, 92.30597986623044), 17: (65.63699019365724, 78.0331035949623), 32: (66.76237544937341, 79.26718360080918), 31: (63.497115549213525, 50.033484693656476)}
lowerBound: 708.57765530581
upperBound: 708.5777747377471
solType: IP_Optimal
Path: 
50 50
46.3676 53.3999
36.2118 20.6861
32.9716 26.7123
26.1177 5.4626
18.3996 7.8589
20.9535 33.87
21.0557 34.91
20.271 22.8832
18.7143 25.0391
16.9228 46.8001
16.9079 46.578
14.9535 17.3995
14.8662 20.1994
13.9623 49.1916
4.2247 73.7678
3.1374 88.9685
5.0696 83.7817
8.3733 107.9553
13.4603 99.0778
17.7355 86.0798
25.3621 64.9928
27.3719 31.8696
38.4847 31.7091
41.6436 49.9265
48.2136 45.2661
55.8545 65.9419
67.5546 67.303
62.5464 31.4645
72.9031 13.2736
79.2249 37.8084
81.9165 31.4866
88.8847 63.7189
95.4797 68.1726
104.0017 97.0391
72.3977 100.5266
67.0094 80.0719
67.2107 92.306
65.637 78.0331
66.7624 79.2672
63.4971 50.0335
50 50
