OFV: 476.6940080662475
Runtime: 3.388492744998075
Gap: None
repPt: {0: (50, 50), 11: (50.57128559940792, 51.211278208900495), 12: (64.28546061253995, 80.27735491134821), 6: (65.78750496065456, 80.34860873044376), 5: (68.82965219290791, 55.66782848651765), 37: (68.32371383159418, 62.977594250927446), 38: (67.12992888813054, 80.08053400596225), 3: (66.89343578837637, 83.50294750004643), 4: (66.4619826308516, 107.84561681937508), 30: (65.33722608804898, 106.00694467544054), 29: (50.93622058928834, 82.47574160012715), 33: (39.51311489570054, 71.4098661907709), 34: (40.05059134222327, 92.46255081320696), 35: (39.91977927057812, 92.33075129120415), 36: (39.212167637839265, 107.94592563659288), 40: (28.45781536365563, 106.09417036372757), 39: (24.562203315420973, 100.49812046798756), 18: (22.984130579710612, 103.00332933507772), 17: (20.02284177345813, 98.88400476655237), 24: (18.991646887419382, 99.15258516171885), 23: (13.25840556228486, 71.62097640040606), 2: (13.258411451916647, 71.62098274507184), 1: (14.229977022754703, 63.21752727612366), 26: (14.610638211685673, 59.919984439022855), 25: (16.598628354702196, 42.73782378870065), 20: (9.76781454673888, 52.387985837426626), 19: (12.311119569472003, 33.71191591342276), 14: (12.54189168841217, 32.467935867305776), 13: (15.407612563501521, 17.05514013836793), 16: (31.298447205808216, 27.762943673900672), 15: (37.359238853332876, 17.781405156141204), 28: (39.17229663323166, 16.041823589271402), 27: (44.6761805798421, 10.768234496682693), 9: (46.608028294019825, 10.729872922317277), 10: (61.22359802260759, 31.932947950197704), 8: (64.35581707011477, 31.09945472866321), 7: (62.61774105956081, 12.634839856483472), 21: (52.02267569015442, 18.885414753573258), 22: (49.03863723109138, 40.25041817124028), 31: (49.87033069899298, 32.0922327015034), 32: (49.99849552064855, 49.79375237938327)}
lowerBound: 476.69389834317076
upperBound: 476.6940080662475
solType: IP_Optimal
Path: 
50 50
50.5713 51.2113
64.2855 80.2774
65.7875 80.3486
68.8297 55.6678
68.3237 62.9776
67.1299 80.0805
66.8934 83.5029
66.462 107.8456
65.3372 106.0069
50.9362 82.4757
39.5131 71.4099
40.0506 92.4626
39.9198 92.3308
39.2122 107.9459
28.4578 106.0942
24.5622 100.4981
22.9841 103.0033
20.0228 98.884
18.9916 99.1526
13.2584 71.621
13.2584 71.621
14.23 63.2175
14.6106 59.92
16.5986 42.7378
9.7678 52.388
12.3111 33.7119
12.5419 32.4679
15.4076 17.0551
31.2984 27.7629
37.3592 17.7814
39.1723 16.0418
44.6762 10.7682
46.608 10.7299
61.2236 31.9329
64.3558 31.0995
62.6177 12.6348
52.0227 18.8854
49.0386 40.2504
49.8703 32.0922
49.9985 49.7938
50 50
