OFV: 859.2912722269247
Runtime: 36.54001942102332
Gap: None
Path: 
50 50
46.4628 46.1213
46.5056 46.4486
49.9211 72.6533
50.368 76.8304
50.5692 78.7101
51.0349 83.0641
54.2559 113.2332
54.9395 119.6255
52.0901 121.8351
49.5832 113.9715
45.8377 99.3739
43.8702 91.7044
40.3668 78.049
37.3168 66.1608
34.3461 70.7486
32.3527 99.7716
28.3407 96.7556
19.1082 68.4109
14.6152 63.4963
19.5174 92.6032
19.7498 93.9839
20.7445 99.8944
22.6035 111.0867
24.6001 123.0999
8.1679 115.1943
5.0606 79.5418
3.5 61.5727
0.9706 32.4386
15.8009 55.4379
15.6772 51.9719
14.7999 27.3211
15.4079 15.0913
27.8777 3.9205
31.2479 27.0184
42.5049 26.8752
54.3973 58.7373
63.857 52.1806
64.5568 18.8563
82.9007 22.8633
81.6236 10.531
74.7852 7.9492
75.1098 9.295
78.458 23.1879
81.3562 30.4155
95.1801 60.5237
98.8569 74.0174
92.5146 65.8853
93.3627 74.4478
93.7594 78.4519
96.6195 107.3501
77.1749 95.1664
75.7935 118.6104
69.2611 109.1268
67.4338 100.1334
63.3814 80.1941
62.2156 75.9242
61.9172 74.9237
60.267 69.3926
56.3506 56.2644
55.2924 52.717
50 50
