OFV: 647.5760266108642
Runtime: 751.8330722230021
Gap: None
Path: 
50 50
50.0852 52.04
50.5375 62.6411
50.89 70.9003
51.0734 75.2751
54.2293 75.3111
54.8693 86.4901
55.2342 92.8002
55.3363 94.5948
56.5261 97.6074
57.4766 100.0138
62.9549 113.9314
67.4798 125.4331
78.052 108.9485
78.052 108.9485
77.2238 89.9989
77.0426 85.8885
76.4434 72.2286
76.2702 68.3111
97.8433 93.4551
97.4401 90.9863
96.9442 86.0
96.3682 80.251
95.8212 74.7955
95.3785 70.3902
94.9542 66.1693
93.9189 59.2427
93.046 53.4254
92.9708 52.9217
92.8912 52.3866
91.631 44.0062
91.4575 42.8383
91.26 41.5093
90.988 39.6825
90.5849 36.9865
90.1929 34.362
89.8032 31.7528
89.3636 28.8179
88.9948 26.3474
88.612 23.7901
88.2839 21.5942
84.5735 10.0634
81.1191 9.28
80.1345 9.0578
77.4057 8.4396
77.4891 13.5776
77.564 18.1412
77.6497 23.5425
77.7178 27.6569
77.8029 32.897
77.8911 38.3763
77.9787 43.8121
78.0193 46.2123
78.068 49.1263
74.3781 61.2715
63.8405 59.6427
62.7633 50.5205
62.3606 47.0726
62.0177 44.1356
61.7121 41.5185
60.5081 31.3268
58.8148 16.9756
58.0577 15.5406
57.252 14.0133
55.8961 11.4398
28.7175 10.6716
28.6382 11.9257
27.6834 26.918
19.4688 27.6774
16.1489 27.9852
14.0257 34.3568
12.9179 37.6862
11.7208 46.4092
17.3448 42.3978
17.6733 42.1629
17.7325 44.5723
17.7977 47.2251
18.0847 58.2692
18.2188 63.555
18.343 68.2629
18.4676 73.0268
19.1364 77.01
20.1939 83.2969
21.2449 89.5452
21.7928 92.8104
23.7657 104.4676
27.2589 104.9381
27.9603 105.0312
36.0144 105.487
35.6549 93.9637
35.2684 81.5914
34.8901 69.3339
42.6811 66.5253
42.7679 64.8683
42.8259 63.757
43.1464 57.8124
43.6388 48.6355
44.1054 39.9107
44.4273 33.824
44.8638 25.6159
45.4452 25.0601
50 50
