OFV: 622.8055124650951
Runtime: 0.8502085270592943
Gap: None
repPt: {0: (50, 50), 33: (46.44027019140518, 66.37052989106893), 34: (43.476677889941804, 97.31795238971605), 36: (43.20298325042308, 96.30841984344839), 35: (35.15790538042006, 66.63122516460803), 14: (35.15790530186004, 66.63122436669745), 13: (33.70069710930817, 59.29979662152218), 39: (33.700750917750135, 59.29993996848438), 40: (40.82381746886385, 77.97911505164019), 11: (41.4538712456362, 79.63086580314841), 12: (44.677271575976405, 103.68042031384425), 10: (36.60742205629929, 113.92418043922646), 9: (30.571926945822106, 87.02117224914934), 17: (15.709159747508984, 77.01575352447901), 18: (22.32031404778953, 94.373588555019), 6: (22.734851453758242, 95.46270745603056), 5: (18.6830725443563, 68.26352011718127), 20: (18.557510196693123, 67.42014699967727), 19: (13.962455034343026, 36.570192788791495), 8: (15.148544294110419, 36.268436894000274), 7: (12.996500322174462, 26.353250574982514), 24: (7.661681642020095, 25.89080865712668), 23: (6.170821983671723, 5.121718133003954), 37: (35.58382234587716, 16.530601818883515), 38: (39.49161281401261, 35.400913575730485), 21: (36.92206444636596, 30.615806350359158), 22: (41.829563490710264, 46.70714817119949), 27: (46.371793601084676, 41.430930332052085), 28: (57.50521768826137, 69.47288960917076), 3: (71.88863716046312, 67.40101315784402), 4: (79.81696852215751, 94.84429875017237), 30: (80.1397158223127, 95.96143783842028), 29: (75.3828600580786, 75.49589506056707), 2: (72.72098096884491, 77.48374262878079), 1: (70.31643828178683, 60.65222858573948), 16: (70.31639299994374, 60.65189158913928), 15: (66.04277112064962, 29.654329845814242), 25: (77.09106512342461, 6.197147171040483), 26: (77.69508843057412, 24.116950901089425), 31: (67.98782604411004, 38.49728465081144), 32: (62.75767273654473, 50.65522596210341)}
lowerBound: 622.8054741998733
upperBound: 622.8055124650951
solType: IP_Optimal
Path: 
50 50
46.4403 66.3705
43.4767 97.318
43.203 96.3084
35.1579 66.6312
35.1579 66.6312
33.7007 59.2998
33.7008 59.2999
40.8238 77.9791
41.4539 79.6309
44.6773 103.6804
36.6074 113.9242
30.5719 87.0212
15.7092 77.0158
22.3203 94.3736
22.7349 95.4627
18.6831 68.2635
18.5575 67.4201
13.9625 36.5702
15.1485 36.2684
12.9965 26.3533
7.6617 25.8908
6.1708 5.1217
35.5838 16.5306
39.4916 35.4009
36.9221 30.6158
41.8296 46.7071
46.3718 41.4309
57.5052 69.4729
71.8886 67.401
79.817 94.8443
80.1397 95.9614
75.3829 75.4959
72.721 77.4837
70.3164 60.6522
70.3164 60.6519
66.0428 29.6543
77.0911 6.1971
77.6951 24.117
67.9878 38.4973
62.7577 50.6552
50 50
