OFV: 332.4216510497538
Runtime: 104.49677769598202
Gap: -4.544262274524955e-07
repPt: {0: (50, 50), 7: (85.9778372613253, 8.914010126372835), 8: (82.57414680809063, 28.267517190948322), 1: (59.71664132083731, 64.17153237051404), 2: (59.63410848408175, 87.8257216214562), 5: (75.9439446257128, 83.24217926449143), 6: (77.58760142967091, 95.96576084208743), 3: (63.31734333570635, 90.99291237925921), 4: (59.13042937668399, 118.47117910098652), 14: (34.98407782941354, 101.70884747005715), 13: (27.364665015547306, 86.61304452684983), 10: (21.926647763162833, 75.82804367326166), 12: (17.140357029327962, 66.33389640143797), 9: (13.942064149004151, 58.93434506747704), 11: (12.297397997368419, 55.13831364555112)}
solType: IP_Optimal
lowerBound: 332.4218021108706
upperBound: 332.4216510497538
Path: 
50 50
85.9778 8.914
82.5741 28.2675
59.7166 64.1715
59.6341 87.8257
75.9439 83.2422
77.5876 95.9658
63.3173 90.9929
59.1304 118.4712
34.9841 101.7088
27.3647 86.613
21.9266 75.828
17.1404 66.3339
13.9421 58.9343
12.2974 55.1383
50 50
