OFV: 720.4059372057502
Runtime: 111.031004820019
Gap: None
Path: 
50 50
38.3809 39.9218
33.6751 48.4797
29.7494 51.6159
28.6942 52.4597
28.3987 43.6074
28.2332 38.5754
26.225 28.5467
21.4664 4.8195
5.2388 7.5799
5.2742 8.0428
6.2968 21.671
7.3699 35.9823
7.5348 38.1619
7.7625 41.1768
8.9265 56.7016
9.1962 60.2769
10.3019 75.0129
10.7976 81.6004
11.8455 95.5635
16.0089 114.1621
8.9314 123.7093
7.4932 98.8234
40.8978 86.2179
44.3981 89.31
48.0515 101.2064
53.0516 117.4806
61.8687 120.277
66.152 109.6196
64.0256 99.3303
61.9205 89.1451
61.0203 84.7966
60.7767 83.6219
60.3395 81.5129
60.0884 80.3024
59.0107 75.0935
58.6039 73.1294
58.1649 71.0099
56.797 64.3917
56.1345 61.111
55.7854 59.3905
55.4219 57.597
55.3852 57.4178
55.3567 57.2789
58.7632 56.6181
68.2605 54.771
69.7889 48.6611
70.7507 41.4878
75.0714 39.0124
81.6099 37.9488
82.2312 37.848
84.495 43.5763
88.3257 53.2571
89.5832 56.441
90.5149 61.9738
90.9024 64.2748
93.2015 77.924
90.9732 96.754
88.5524 117.2069
84.1021 118.6016
84.248 111.7454
84.4396 102.726
84.5664 96.7601
84.7078 90.1103
84.8602 82.9398
84.964 78.0605
85.2438 64.8406
98.6891 60.167
96.6594 48.5749
94.9762 38.9668
92.9967 27.7444
89.725 9.2187
85.1192 9.7785
79.822 10.4234
75.3937 25.2001
55.6 12.1396
55.3848 18.9088
55.1285 26.9397
54.8644 35.2105
54.618 42.9334
54.395 49.9342
50 50
