OFV: 340.6044492791697
Runtime: 3606.119606635999
Gap: 0.038575837920761594
repPt: {0: (50, 50), 10: (35.12822813584306, 37.33127468424463), 9: (30.47824083792041, 19.909909341265347), 19: (41.5936121271037, 14.085352833977826), 7: (43.61357482091353, 13.379068375793866), 20: (45.4369814012165, 25.733713668653188), 8: (48.62783457691617, 34.08659804157804), 12: (66.1861756524374, 26.36661782972987), 11: (69.2608009932302, 14.317176391333698), 1: (82.85415252932025, 5.515543627504011), 2: (83.29466393866066, 28.21841733946402), 3: (68.78600054032398, 50.40812531569158), 4: (61.80658766646512, 70.40700044748772), 17: (50.55494405688246, 87.87012916831814), 18: (45.97551070484939, 99.6712519877887), 14: (23.877467012704646, 86.459289051888), 13: (17.042515390475643, 79.59982089119738), 6: (9.135772452070036, 87.81057549333387), 5: (5.978710720235356, 70.84561525629488), 16: (35.995660166213035, 64.00325572163725), 15: (40.25543169816272, 56.31142722035574)}
solType: IP_TimeLimit
lowerBound: 327.4653472486862
upperBound: 340.6044492791697
Path: 
50 50
35.1282 37.3313
30.4782 19.9099
41.5936 14.0854
43.6136 13.3791
45.437 25.7337
48.6278 34.0866
66.1862 26.3666
69.2608 14.3172
82.8542 5.5155
83.2947 28.2184
68.786 50.4081
61.8066 70.407
50.5549 87.8701
45.9755 99.6713
23.8775 86.4593
17.0425 79.5998
9.1358 87.8106
5.9787 70.8456
35.9957 64.0033
40.2554 56.3114
50 50
