OFV: 616.2296864244206
Runtime: 0.6232041619950905
Gap: None
repPt: {0: (50, 50), 10: (25.211764401681876, 57.50214276152045), 9: (18.083879726580438, 46.53851471321561), 33: (5.6753127914102475, 29.434996174144395), 34: (8.97910771106141, 52.943491810387115), 17: (19.138500422303693, 50.33277922858285), 18: (22.32249551078081, 66.32623944887443), 1: (21.28533934648746, 68.864622121198), 2: (20.033257143733582, 99.95447926741886), 27: (22.873382520152713, 94.21338618221972), 28: (23.99844860986127, 107.05115084668051), 24: (11.466723842089863, 112.54332393317296), 23: (5.702475186935697, 86.5067360107329), 32: (13.357653496350553, 92.27742787152006), 31: (17.238461760999257, 77.32951554564109), 15: (35.26479264581112, 71.50960829673262), 16: (41.57067639227196, 103.30498738101294), 40: (51.65279549807257, 106.13981764994328), 39: (53.695399465303765, 98.86653412716407), 36: (56.126365861003094, 100.39933403060532), 35: (56.404885010562474, 86.5003581885596), 26: (56.47770434257285, 86.58428993485978), 25: (54.62294217254753, 61.40477043972166), 13: (60.10401151404967, 63.074635781952985), 14: (67.01070559630556, 84.16734935322339), 5: (67.67957432299957, 83.8946922678614), 6: (73.78477052998805, 95.52028984324659), 29: (81.71089163777006, 100.61446478004873), 30: (88.96970873489794, 124.6282004088905), 22: (89.56700127119309, 117.33829341658789), 21: (91.67513365180548, 91.77802852858622), 12: (94.48310241588324, 91.94592749330663), 11: (93.23544415762053, 66.11835603227459), 20: (95.46077219804008, 70.25600511992124), 19: (95.39068221557676, 52.345988200799866), 38: (95.33328923854812, 42.675912279014504), 37: (89.86090815627283, 18.684406871217895), 3: (84.64159899899254, 13.764194729337547), 4: (85.23924013626353, 37.24029543147551), 7: (75.77443308439558, 29.94564536093343), 8: (71.39050166780477, 45.64277745548541)}
lowerBound: 616.2295504327498
upperBound: 616.2296864244206
solType: IP_Optimal
Path: 
50 50
25.2118 57.5021
18.0839 46.5385
5.6753 29.435
8.9791 52.9435
19.1385 50.3328
22.3225 66.3262
21.2853 68.8646
20.0333 99.9545
22.8734 94.2134
23.9984 107.0512
11.4667 112.5433
5.7025 86.5067
13.3577 92.2774
17.2385 77.3295
35.2648 71.5096
41.5707 103.305
51.6528 106.1398
53.6954 98.8665
56.1264 100.3993
56.4049 86.5004
56.4777 86.5843
54.6229 61.4048
60.104 63.0746
67.0107 84.1673
67.6796 83.8947
73.7848 95.5203
81.7109 100.6145
88.9697 124.6282
89.567 117.3383
91.6751 91.778
94.4831 91.9459
93.2354 66.1184
95.4608 70.256
95.3907 52.346
95.3333 42.6759
89.8609 18.6844
84.6416 13.7642
85.2392 37.2403
75.7744 29.9456
71.3905 45.6428
50 50
