OFV: 686.742215412642
Runtime: 215.75787150196265
Gap: None
Path: 
50 50
41.4479 49.7073
35.7718 49.5145
34.0669 41.8489
32.7711 36.0192
31.4584 30.1133
29.6598 22.0256
27.6296 12.9044
21.4598 9.2414
11.7975 6.5811
6.1653 5.0315
12.7469 25.1617
15.6651 34.0779
16.0864 35.3629
21.586 52.1815
23.2689 57.3215
24.0415 60.4825
28.3305 78.0704
28.9131 80.4533
29.2519 83.2251
30.0566 89.8322
31.2311 99.4593
31.4793 103.1677
31.8686 109.0228
31.1057 109.4357
8.224 90.2116
7.5272 89.6255
9.1334 93.9738
9.8635 95.9523
11.366 100.0204
13.0149 104.4842
18.2769 118.7066
24.224 126.9357
47.8628 126.4554
47.5652 123.4815
46.8722 116.5336
46.1857 109.6524
45.8119 96.3183
45.735 93.5943
45.7134 92.8368
45.6646 91.1235
45.4482 83.472
45.2135 75.1749
44.9845 67.0651
45.22 65.6154
48.2641 67.0955
51.0384 70.4754
55.4601 78.1972
59.5361 85.3156
62.0506 92.4424
63.9064 97.7053
66.0179 103.6927
71.9614 107.6279
97.2857 124.3816
97.4266 119.9957
98.0033 101.8157
97.3844 95.2319
96.9655 90.771
96.1047 81.6282
82.5527 89.5501
81.8108 82.6958
80.9552 74.7878
85.4437 78.1691
84.7955 66.5311
84.6999 64.8378
85.3342 55.3381
85.805 48.2821
87.2634 26.5047
87.5088 22.8213
98.4108 29.5186
93.3673 7.798
50.4884 8.1154
51.4358 11.5238
52.5936 15.6933
53.2094 17.9067
53.2603 18.0895
55.414 31.6573
56.0193 35.4585
56.9919 41.5695
57.6328 45.5944
58.5492 51.3513
50 50
