OFV: 330.03806549763016
Runtime: 0.036469412967562675
Gap: None
repPt: {0: (50, 50), 5: (50.16777804917956, 73.4278872379731), 6: (50.38916804088835, 104.31323625536747), 1: (29.781035909063387, 82.26321977119184), 2: (36.18293306189324, 112.9872941772574), 10: (67.17597368810522, 110.1029229097811), 9: (64.72656640091287, 87.66110217340298), 8: (64.43413454357702, 84.98661253889543), 7: (61.97955011154408, 62.52876070972869), 4: (97.97734456557329, 32.78382285872875), 3: (93.49908459786424, 9.399313070764792), 11: (82.4950011043667, 10.447316698872138), 12: (81.04272541269238, 22.507559525458497)}
lowerBound: 330.0380536928746
upperBound: 330.03806549763016
solType: IP_Optimal
Path: 
50 50
50.1678 73.4279
50.3892 104.3132
29.781 82.2632
36.1829 112.9873
67.176 110.1029
64.7266 87.6611
64.4341 84.9866
61.9796 62.5288
97.9773 32.7838
93.4991 9.3993
82.495 10.4473
81.0427 22.5076
50 50
