OFV: 1078.785679184985
Runtime: 3601.7358164070174
Gap: None
repPt: {0: (50, 50), 80: (60.62752851024055, 49.81966531260636), 79: (64.68925691660638, 24.695236829477523), 97: (75.10978246775989, 30.44105198171753), 98: (80.29652267993166, 47.72541352591225), 72: (80.29955115907941, 47.69181043019538), 71: (81.45766575626125, 34.768803568696754), 63: (82.79180381322422, 38.89269910520649), 64: (88.7659082219326, 57.329983833328406), 9: (88.76591205362453, 57.329992139742345), 10: (96.82227280330093, 78.75472238920177), 36: (99.01960595110688, 79.4265380770456), 35: (95.82996859784507, 59.34060025986949), 5: (95.71998402647202, 58.64789076290344), 6: (97.84729215342504, 74.7192225992535), 91: (88.78121058216955, 71.53778381178124), 92: (91.51941522703189, 100.21316364827948), 23: (81.99040417839396, 95.74893293766017), 24: (82.85518978465817, 112.42076360063764), 14: (82.85517939665235, 112.42076193410446), 13: (80.07947687501321, 102.37356385124266), 49: (80.07933951279448, 102.37362075491806), 50: (73.27783062159315, 123.61672342810344), 86: (68.68269928541143, 123.78708273536493), 85: (61.04753752035631, 94.55448500082706), 54: (62.08706631170753, 97.20367838646987), 53: (61.65963303129582, 84.70704640748852), 33: (63.34244273263274, 89.29071083417232), 34: (71.40777880886002, 111.28600935378746), 62: (74.31021576320377, 119.19894632098466), 61: (73.03017991697202, 91.72190267201547), 44: (73.61771927578664, 91.9803590062052), 43: (74.16417670844054, 69.63163554049935), 68: (74.25364597285858, 65.90163080057496), 67: (74.49999733679444, 55.80000077676748), 31: (74.50000597847054, 55.800001743716535), 32: (80.31111814166017, 84.54889204337881), 88: (80.3111036090831, 84.5488941417378), 87: (69.5368233804535, 57.29812758566258), 15: (67.28880579326668, 64.03047817483352), 16: (63.81299978112871, 74.42271863978686), 46: (62.10568383402876, 75.16501426781628), 45: (57.408663095696134, 59.53588058580033), 55: (57.38383508733638, 59.45301620967746), 56: (57.06483288488929, 78.1144461713631), 19: (52.90090442526731, 76.37243827644625), 20: (54.24868141895332, 97.53784753437388), 42: (54.26175355305409, 97.74250088087678), 41: (50.39070505219233, 91.59727920284861), 37: (46.93541565054699, 93.2103980851849), 38: (45.48568890846808, 117.64503902574438), 90: (39.5820089723485, 118.26284103770709), 89: (35.64260638724885, 89.8521828341789), 39: (35.24549376077258, 86.99761221205085), 40: (33.111267923621, 97.52352139751636), 51: (32.910152165109984, 97.54738477392137), 52: (31.311704793316544, 104.01510011811003), 100: (30.387382116511162, 101.81635739468777), 99: (19.835475881479347, 76.74892243383351), 77: (11.880536644940229, 81.48399033112044), 78: (10.602697335326909, 106.01580993614373), 96: (10.511937819564846, 105.59302720970464), 95: (7.9819794829056505, 93.81345217531363), 58: (19.433963627789694, 100.13478178391459), 57: (16.23474631733686, 69.9737029065357), 69: (27.50003076868091, 74.3731042777472), 70: (35.27542094343359, 83.49153125844296), 4: (35.951787760676154, 84.28571644781515), 3: (27.748015954811574, 54.87355485650987), 8: (26.851880890843464, 51.660452582475365), 7: (22.65838011524768, 36.62576730852639), 60: (22.9439456668967, 40.520841994347066), 59: (21.18090633069975, 24.48980753438572), 76: (20.474471427280047, 27.410608138425793), 75: (15.959611640024677, 15.698028722244745), 18: (15.23622473841073, 17.30013122488929), 17: (11.062993751660063, 7.693078638133768), 1: (9.965977737222975, 11.182292979011239), 2: (11.690463542439353, 35.420262718190656), 82: (13.11387640187689, 35.56606543812588), 81: (16.48706444639781, 11.243584707759084), 73: (18.128395245400718, 12.298327448668847), 74: (25.44806844433369, 22.80026969592098), 94: (25.44807698368357, 22.800268738770477), 93: (24.603828000638547, 14.096150172549514), 66: (24.56227172615035, 14.331715536931092), 65: (24.967711477310875, 6.268540292734839), 21: (24.967748685755375, 6.268541352025331), 22: (35.220952568887675, 21.593639153540288), 11: (40.98528385948745, 23.810465807433122), 12: (43.336123604690606, 40.59303763365551), 47: (43.33611729801041, 40.593031736289156), 48: (44.43961410615058, 56.214297962122515), 83: (44.43972402013411, 56.21587597485318), 84: (45.40655283295939, 69.93259092589108), 26: (45.488997909757025, 71.1096816033579), 25: (45.04520688793726, 62.95524296681792), 28: (46.41290613068381, 65.06850029788177), 27: (46.860086538262685, 56.76916326153116), 30: (51.25396855763127, 58.36008679046507), 29: (50.91406006011248, 49.130683593502916)}
lowerBound: 1071.2858814399967
upperBound: 1078.785679184985
solType: IP_TimeLimit
Path: 
50 50
60.6275 49.8197
64.6893 24.6952
75.1098 30.4411
80.2965 47.7254
80.2996 47.6918
81.4577 34.7688
82.7918 38.8927
88.7659 57.33
88.7659 57.33
96.8223 78.7547
99.0196 79.4265
95.83 59.3406
95.72 58.6479
97.8473 74.7192
88.7812 71.5378
91.5194 100.2132
81.9904 95.7489
82.8552 112.4208
82.8552 112.4208
80.0795 102.3736
80.0793 102.3736
73.2778 123.6167
68.6827 123.7871
61.0475 94.5545
62.0871 97.2037
61.6596 84.707
63.3424 89.2907
71.4078 111.286
74.3102 119.1989
73.0302 91.7219
73.6177 91.9804
74.1642 69.6316
74.2536 65.9016
74.5 55.8
74.5 55.8
80.3111 84.5489
80.3111 84.5489
69.5368 57.2981
67.2888 64.0305
63.813 74.4227
62.1057 75.165
57.4087 59.5359
57.3838 59.453
57.0648 78.1144
52.9009 76.3724
54.2487 97.5378
54.2618 97.7425
50.3907 91.5973
46.9354 93.2104
45.4857 117.645
39.582 118.2628
35.6426 89.8522
35.2455 86.9976
33.1113 97.5235
32.9102 97.5474
31.3117 104.0151
30.3874 101.8164
19.8355 76.7489
11.8805 81.484
10.6027 106.0158
10.5119 105.593
7.982 93.8135
19.434 100.1348
16.2347 69.9737
27.5 74.3731
35.2754 83.4915
35.9518 84.2857
27.748 54.8736
26.8519 51.6605
22.6584 36.6258
22.9439 40.5208
21.1809 24.4898
20.4745 27.4106
15.9596 15.698
15.2362 17.3001
11.063 7.6931
9.966 11.1823
11.6905 35.4203
13.1139 35.5661
16.4871 11.2436
18.1284 12.2983
25.4481 22.8003
25.4481 22.8003
24.6038 14.0962
24.5623 14.3317
24.9677 6.2685
24.9677 6.2685
35.221 21.5936
40.9853 23.8105
43.3361 40.593
43.3361 40.593
44.4396 56.2143
44.4397 56.2159
45.4066 69.9326
45.489 71.1097
45.0452 62.9552
46.4129 65.0685
46.8601 56.7692
51.254 58.3601
50.9141 49.1307
50 50
