OFV: 727.2524837334628
Runtime: 91.14730019401759
Gap: None
repPt: {0: (50, 50), 50: (47.78729459366865, 51.18423976841858), 49: (41.811002345277956, 37.56600858825891), 39: (41.81100797952536, 37.5660096178316), 40: (46.11385599181848, 62.511244011197945), 41: (44.632716608560756, 62.46671992965467), 42: (45.27703565123949, 90.74856928996259), 57: (45.37198892286951, 94.87848277003599), 58: (45.733901108134376, 110.70722338031133), 36: (44.46592528963284, 109.66708195812929), 35: (37.8775738136335, 104.26501833282974), 27: (14.951859173155942, 98.70810277070342), 28: (12.568231775981648, 122.81584513811677), 10: (14.872847467888542, 114.3544962858547), 9: (20.776593466464085, 92.68145992608056), 4: (32.173180171737464, 91.73389903080788), 3: (32.26999882196721, 81.86666444716855), 44: (32.2700021279457, 81.86666081125745), 43: (27.383704258731086, 55.69268793291486), 1: (25.608820200397677, 56.9608029708212), 2: (19.3901038916474, 61.402613061765926), 22: (17.208327479474587, 62.491549028138095), 21: (8.471275094835322, 43.69014698013962), 54: (6.533087210656444, 49.36994556357553), 53: (9.14347532800083, 26.37202086773385), 33: (14.342827686652333, 10.191599901114525), 34: (19.71437095995977, 22.583577795037257), 11: (25.71309012490718, 36.42787625015838), 12: (29.588450756776442, 45.369979299060525), 20: (39.61007879766295, 42.49075500769546), 19: (45.76932195072355, 19.664205371685398), 45: (60.13658504634937, 9.18464362589338), 46: (67.81581148469533, 16.519885010425398), 15: (73.31036092643718, 21.683140439259706), 16: (77.76680080320217, 34.881094067392524), 18: (77.84353518108104, 35.108560585335155), 17: (73.45001761104233, 23.47307530174356), 7: (66.86093423018251, 24.217502111905716), 8: (71.46397141586621, 46.87318566440556), 31: (71.46397754461081, 46.87321981182682), 32: (74.63343445200641, 60.71140492823424), 51: (74.94884961842715, 62.08992780133127), 52: (78.85352366376112, 79.14067517009357), 26: (79.6119873602982, 77.53397179663276), 25: (86.83986323424897, 49.051854482715925), 23: (92.9185957779685, 51.11788694224733), 24: (95.30646420603765, 58.454884395597226), 37: (95.30645819786216, 58.45487536971439), 38: (94.73349185593881, 81.6611333350219), 59: (94.4355367790723, 93.80770891550692), 60: (94.071295932715, 108.58133428158413), 14: (93.96201043544575, 113.04560925319021), 13: (86.48481870156289, 101.01036305785551), 6: (80.27522932138649, 100.9815073094437), 5: (72.93668067281679, 77.01903097325119), 30: (61.775774495652975, 86.51800023110688), 29: (61.36751595219712, 64.76877004121837), 55: (61.31847867328292, 62.19275134225892), 56: (62.0721334220987, 72.63933131274372), 48: (60.726340159103174, 71.92804919924403), 47: (52.48676159612372, 55.0845414197035)}
lowerBound: 727.2523026168816
upperBound: 727.2524837334628
solType: IP_Optimal
Path: 
50 50
47.7873 51.1842
41.811 37.566
41.811 37.566
46.1139 62.5112
44.6327 62.4667
45.277 90.7486
45.372 94.8785
45.7339 110.7072
44.4659 109.6671
37.8776 104.265
14.9519 98.7081
12.5682 122.8158
14.8728 114.3545
20.7766 92.6815
32.1732 91.7339
32.27 81.8667
32.27 81.8667
27.3837 55.6927
25.6088 56.9608
19.3901 61.4026
17.2083 62.4915
8.4713 43.6901
6.5331 49.3699
9.1435 26.372
14.3428 10.1916
19.7144 22.5836
25.7131 36.4279
29.5885 45.37
39.6101 42.4908
45.7693 19.6642
60.1366 9.1846
67.8158 16.5199
73.3104 21.6831
77.7668 34.8811
77.8435 35.1086
73.45 23.4731
66.8609 24.2175
71.464 46.8732
71.464 46.8732
74.6334 60.7114
74.9488 62.0899
78.8535 79.1407
79.612 77.534
86.8399 49.0519
92.9186 51.1179
95.3065 58.4549
95.3065 58.4549
94.7335 81.6611
94.4355 93.8077
94.0713 108.5813
93.962 113.0456
86.4848 101.0104
80.2752 100.9815
72.9367 77.019
61.7758 86.518
61.3675 64.7688
61.3185 62.1928
62.0721 72.6393
60.7263 71.928
52.4868 55.0845
50 50
