OFV: 369.3960773776465
Runtime: 0.05186703894287348
Gap: None
repPt: {0: (50, 50), 11: (43.81334259341817, 48.75364097031404), 12: (45.35090394127057, 60.47958372176505), 5: (46.305132940881094, 67.75920041186865), 6: (50.27010925802258, 98.00449464025405), 4: (52.592948825508294, 96.30942465652433), 3: (55.978540241498436, 86.7980161800035), 9: (80.0603981597246, 92.61894231287754), 10: (82.66445386542875, 114.54798926225749), 8: (39.19180636429533, 122.88642924621655), 7: (31.846475993488596, 93.42013667465119), 14: (29.28577815074701, 83.14720055784552), 13: (26.10881955935566, 70.400771143926), 18: (26.108819231838016, 70.40077062581003), 17: (25.958368938660286, 49.6164797910588), 16: (35.10697761390811, 39.81224910945562), 15: (39.39462533963385, 22.661042923371465), 1: (80.87592192235631, 17.95583128296082), 2: (86.00199760738965, 42.18397792504594)}
lowerBound: 369.39606794263455
upperBound: 369.3960773776465
solType: IP_Optimal
Path: 
50 50
43.8133 48.7536
45.3509 60.4796
46.3051 67.7592
50.2701 98.0045
52.5929 96.3094
55.9785 86.798
80.0604 92.6189
82.6645 114.548
39.1918 122.8864
31.8465 93.4201
29.2858 83.1472
26.1088 70.4008
26.1088 70.4008
25.9584 49.6165
35.107 39.8122
39.3946 22.661
80.8759 17.9558
86.002 42.184
50 50
