OFV: 348.77871553244245
Runtime: 620.2120202340011
Gap: -3.422091815893416e-08
repPt: {0: (50, 50), 13: (36.82839413576482, 60.893190018980114), 9: (33.863950422534195, 66.95848640294291), 14: (33.81955751273216, 70.55396339351772), 3: (33.811916091215394, 71.21965976479963), 10: (33.689897681738614, 80.97086514571629), 4: (33.62773321377898, 86.00791259268827), 17: (33.552327426599085, 92.07594140448947), 18: (33.20894255772718, 118.41351872652864), 12: (17.070250430392807, 103.69903214665773), 11: (10.780193663741642, 80.3447166026826), 16: (32.76862878868296, 33.68314726685402), 15: (38.240364979374306, 9.007905628656317), 5: (72.1014439018875, 7.071723162660351), 6: (77.22639202523895, 18.545494454459874), 7: (96.98614842322304, 10.133079966112188), 8: (96.44350742271945, 29.928405231389267), 1: (96.39952269275837, 31.52515842605991), 2: (95.98521731314095, 46.64551686161151)}
solType: IP_Optimal
lowerBound: 348.7787274679703
upperBound: 348.77871553244245
Path: 
50 50
36.8284 60.8932
33.864 66.9585
33.8196 70.554
33.8119 71.2197
33.6899 80.9709
33.6277 86.0079
33.5523 92.0759
33.2089 118.4135
17.0703 103.699
10.7802 80.3447
32.7686 33.6831
38.2404 9.0079
72.1014 7.0717
77.2264 18.5455
96.9861 10.1331
96.4435 29.9284
96.3995 31.5252
95.9852 46.6455
50 50
