OFV: 316.0227591490804
Runtime: 0.1237552899401635
Gap: None
repPt: {0: (50, 50), 6: (26.740271066330507, 45.63052247442183), 5: (17.83202292750152, 27.16137377338779), 3: (14.048238545839425, 19.3147952005784), 4: (16.5718121638144, 45.34645692419531), 15: (4.371041929495722, 37.68832640977514), 16: (6.108995243320717, 62.601044824065504), 7: (15.658720808493971, 67.81965734384292), 8: (23.573452812749842, 79.21311994329793), 14: (26.96952261397322, 79.61138528336679), 13: (32.25050147641971, 62.388070568374815), 1: (38.54718232379972, 57.243001673720165), 2: (46.62099574702317, 69.47353424552257), 12: (71.67740402047208, 107.42115337259845), 11: (68.27248339848472, 97.72315980380478), 10: (48.7318078679693, 70.81682309305569), 9: (44.47373368322454, 41.57481216959513)}
lowerBound: 316.02272787257846
upperBound: 316.0227591490804
solType: IP_Optimal
Path: 
50 50
26.7403 45.6305
17.832 27.1614
14.0482 19.3148
16.5718 45.3465
4.371 37.6883
6.109 62.601
15.6587 67.8197
23.5735 79.2131
26.9695 79.6114
32.2505 62.3881
38.5472 57.243
46.621 69.4735
71.6774 107.4212
68.2725 97.7232
48.7318 70.8168
44.4737 41.5748
50 50
