OFV: 413.7043988989501
Runtime: 571.9586351309554
Gap: -2.383649535162901e-08
repPt: {0: (50, 50), 15: (48.463553170412695, 59.83947307578604), 16: (45.6700069158806, 77.72267043140953), 1: (23.381921383936284, 75.17063897830391), 2: (28.190152509148177, 93.3248306260398), 10: (99.05711670176338, 106.07182995549907), 9: (96.73563922192139, 93.455633581801), 8: (94.59079948435705, 81.80009259178816), 7: (91.18666233567016, 63.29177678983658), 4: (90.85276922907157, 68.30611508559402), 3: (85.87921087051556, 38.535994486262524), 18: (72.09375745724788, 22.72926046624487), 17: (65.08797949749903, 10.082995329933485), 14: (55.932962851870904, 21.611098957681264), 13: (46.838250674011775, 6.351987771266128), 11: (9.86739062848795, 6.487366090808077), 12: (11.518201177820226, 18.9270918039836), 19: (13.229463032009487, 31.825411611966647), 20: (15.454858872689808, 48.602106183250335), 6: (15.510896462720023, 47.844828301197914), 5: (16.23520423945981, 38.0855306403689)}
solType: IP_Optimal
lowerBound: 413.7044087602131
upperBound: 413.7043988989501
Path: 
50 50
48.4636 59.8395
45.67 77.7227
23.3819 75.1706
28.1902 93.3248
99.0571 106.0718
96.7356 93.4556
94.5908 81.8001
91.1867 63.2918
90.8528 68.3061
85.8792 38.536
72.0938 22.7293
65.088 10.083
55.933 21.6111
46.8383 6.352
9.8674 6.4874
11.5182 18.9271
13.2295 31.8254
15.4549 48.6021
15.5109 47.8448
16.2352 38.0855
50 50
