OFV: 481.29531661034036
Runtime: 3.345974601979833
Gap: -3.6566038280471046e-09
repPt: {0: (50, 50), 17: (96.10455049005809, 11.830032148101516), 18: (103.05214251023216, 45.64310022729626), 1: (79.64105769254701, 81.66353101386355), 2: (77.35390401592298, 111.05308852540358), 10: (61.20172420981951, 92.60633689866302), 9: (51.799064545082885, 64.55691785059493), 6: (51.13411643750418, 62.57264820939502), 5: (41.1760838408428, 32.86766265134263), 14: (36.484361054306426, 29.41834849650035), 13: (32.46502306194513, 13.87701828710368), 15: (7.562357610910437, 28.870205949776924), 16: (10.717105540030811, 42.47934913594696), 11: (24.215861368527765, 44.256585104348645), 12: (26.15518164782135, 71.58922583109012), 7: (8.707462648501902, 85.3921490121962), 8: (8.944008257990488, 107.32669007662217), 4: (35.69012189993188, 81.01292516601653), 3: (38.182628475149684, 54.42293312689981)}
solType: IP_Optimal
lowerBound: 481.29531837024666
upperBound: 481.29531661034036
Path: 
50 50
96.1046 11.83
103.0521 45.6431
79.6411 81.6635
77.3539 111.0531
61.2017 92.6063
51.7991 64.5569
51.1341 62.5726
41.1761 32.8677
36.4844 29.4183
32.465 13.877
7.5624 28.8702
10.7171 42.4793
24.2159 44.2566
26.1552 71.5892
8.7075 85.3921
8.944 107.3267
35.6901 81.0129
38.1826 54.4229
50 50
