OFV: 426.74096311870335
Runtime: 0.07414654700551182
Gap: None
repPt: {0: (50, 50), 4: (48.23461421272866, 31.487282863827694), 3: (46.44077038931222, 18.75488485155903), 8: (27.442712813977284, 20.93729967698546), 7: (22.31509772769843, 9.915546373371038), 5: (22.151554148864655, 12.352288578533827), 6: (20.858928928371682, 31.334615466348424), 15: (14.298425617105114, 58.22546453788774), 16: (20.17980014627627, 88.91487505644693), 19: (53.325408103704355, 98.19603958429214), 20: (61.323026511456376, 129.4065376336605), 14: (76.64278947353272, 126.80100484089422), 13: (77.69838618114133, 99.90290018461572), 12: (98.9576148095163, 44.2431455695529), 11: (97.82329414965001, 25.582049985986902), 17: (97.87384826744588, 26.04406250610008), 18: (98.95423553956279, 35.967698578283844), 2: (89.18577076387659, 50.047251423763555), 1: (80.99562733524492, 26.23487432628176), 9: (78.78480594629175, 29.110546453731764), 10: (75.37739516991586, 41.85373619044463)}
lowerBound: 426.7409264000249
upperBound: 426.74096311870335
solType: IP_Optimal
Path: 
50 50
48.2346 31.4873
46.4408 18.7549
27.4427 20.9373
22.3151 9.9155
22.1516 12.3523
20.8589 31.3346
14.2984 58.2255
20.1798 88.9149
53.3254 98.196
61.323 129.4065
76.6428 126.801
77.6984 99.9029
98.9576 44.2431
97.8233 25.582
97.8738 26.0441
98.9542 35.9677
89.1858 50.0473
80.9956 26.2349
78.7848 29.1105
75.3774 41.8537
50 50
