OFV: 222.23133204940012
Runtime: 0.027883962029591203
Gap: None
repPt: {0: (50, 50), 5: (65.26267293343007, 34.46795300448732), 6: (70.66120245343049, 44.73823372038699), 14: (79.07579486774561, 44.803142586606285), 13: (73.29368146292099, 17.643838337143254), 1: (72.58792024869264, 15.28615169246185), 2: (71.57124560441645, 25.621837981018633), 3: (49.587694717236694, 22.031652845894016), 4: (48.56630093862211, 43.393647278343636), 9: (45.33289223909038, 45.107624615747014), 10: (44.05186595240826, 71.7967727956114), 12: (32.540619674242635, 83.48626470355417), 11: (31.69918856854676, 71.30934373758383), 8: (35.109178499323136, 68.98750419097391), 7: (36.768764012278304, 49.26361765449319)}
lowerBound: 222.2313207487765
upperBound: 222.23133204940012
solType: IP_Optimal
Path: 
50 50
65.2627 34.468
70.6612 44.7382
79.0758 44.8031
73.2937 17.6438
72.5879 15.2862
71.5712 25.6218
49.5877 22.0317
48.5663 43.3936
45.3329 45.1076
44.0519 71.7968
32.5406 83.4863
31.6992 71.3093
35.1092 68.9875
36.7688 49.2636
50 50
