OFV: 389.6751679140962
Runtime: 0.040554679930210114
Gap: None
repPt: {0: (50, 50), 9: (31.70170378287166, 67.10414445260402), 10: (30.613214272990827, 80.54469847358972), 11: (8.254277615907593, 81.62525965497646), 12: (15.303517498978787, 104.64700340058349), 18: (33.87020639584428, 120.31082753180395), 17: (32.39870233784988, 90.012181813161), 4: (32.352444521636066, 85.3802578403021), 3: (32.20338513975284, 70.24806549737048), 14: (33.97769700236951, 71.91783612676304), 13: (34.68776185841942, 57.35460043401873), 16: (35.747586873092104, 35.7012838398099), 15: (37.131874156431294, 7.31071362035471), 5: (72.91531764416244, 5.211411984459451), 6: (76.61154888184039, 20.455523911559723), 7: (98.27317528240614, 8.58240303809448), 8: (98.30070466992441, 30.03540617238296), 1: (98.28094805324712, 30.46500088470789), 2: (97.48192755558777, 47.97543685876165)}
lowerBound: 389.67515958772873
upperBound: 389.6751679140962
solType: IP_Optimal
Path: 
50 50
31.7017 67.1041
30.6132 80.5447
8.2543 81.6253
15.3035 104.647
33.8702 120.3108
32.3987 90.0122
32.3524 85.3803
32.2034 70.2481
33.9777 71.9178
34.6878 57.3546
35.7476 35.7013
37.1319 7.3107
72.9153 5.2114
76.6115 20.4555
98.2732 8.5824
98.3007 30.0354
98.2809 30.465
97.4819 47.9754
50 50
