OFV: 220.00757915492235
Runtime: 32.749398036976345
Gap: 1.9543311089438484e-07
repPt: {0: (50, 50), 11: (5.3919613900585315, 8.277631589281112), 1: (7.508473426820444, 21.30189639915284), 12: (8.891040939138563, 29.83064398946854), 7: (11.261990580875029, 44.39453946640949), 5: (12.065379833335466, 49.357265055567474), 2: (14.288468685768056, 63.07310449892046), 8: (14.540874886442484, 64.62228093802214), 6: (25.279001418356344, 69.37550193108585), 10: (64.02888576643336, 85.79266560287893), 4: (69.01190401817874, 87.90173730010535), 3: (65.77976123904931, 77.38938610485597), 9: (55.61445633392317, 59.740627955650844)}
solType: IP_Optimal
lowerBound: 220.00753615815674
upperBound: 220.00757915492235
Path: 
50 50
5.392 8.2776
7.5085 21.3019
8.891 29.8306
11.262 44.3945
12.0654 49.3573
14.2885 63.0731
14.5409 64.6223
25.279 69.3755
64.0289 85.7927
69.0119 87.9017
65.7798 77.3894
55.6145 59.7406
50 50
