OFV: 1401.8882223582639
Runtime: 2.5078536979854107
Gap: None
repPt: {0: (50, 50), 95: (58.9731998114791, 47.890650713069405), 96: (64.48025669704582, 60.11708796304418), 60: (65.12988923963121, 57.06609228600988), 59: (68.48255396779483, 41.343095011482134), 40: (71.89462349008463, 37.43705003052118), 39: (72.032370061293, 14.656011356718817), 77: (73.35429627918745, 14.20831801478675), 78: (74.95960791710507, 33.403286789988), 46: (74.94645710032398, 32.044110222069044), 45: (74.67444737349368, 4.34448810747916), 63: (74.96664906002565, 5.085957361374998), 64: (84.40563597027985, 36.200005294031506), 84: (86.45287068792932, 29.53926047229238), 83: (87.3968566309745, 17.490977638627122), 89: (87.64678210506611, 14.289832535882093), 90: (95.83402363922215, 47.3411490786908), 75: (91.15343688786837, 43.277351039844646), 76: (92.72422990364136, 62.90808336639077), 37: (98.63751786331053, 59.06561661874488), 38: (102.09804017710722, 76.27620661873802), 67: (96.77527196360559, 76.16639014885884), 68: (96.23851806041523, 99.73222273229786), 61: (96.30346628698054, 99.49844647146662), 62: (101.2526022274228, 123.13191978295909), 48: (93.608550829096, 123.2853869151072), 47: (87.22243682490029, 86.4748514536074), 18: (87.04769600103646, 85.46603670262328), 17: (81.85347183736987, 55.52631179529164), 3: (84.81977489288612, 50.39458159193664), 4: (92.65774277296971, 68.72482999372966), 11: (95.3912750597411, 68.09343144679045), 12: (96.75773855958282, 95.80694615405949), 16: (89.65230995927601, 96.29602879439932), 15: (81.35245628673216, 72.52766382898932), 82: (74.74273832601894, 74.05810255599775), 81: (71.70117871228663, 44.790560156529146), 41: (71.6391266369455, 44.19677222672866), 42: (71.35658701833059, 69.61457969233692), 32: (69.58903122273169, 69.34687470163668), 31: (66.23993301051308, 50.96756785032135), 98: (66.3189086449506, 51.65681586762112), 97: (62.80001569323924, 39.21718666341713), 53: (62.800020920107954, 39.21719544900808), 54: (63.69539164794711, 66.83502488686581), 5: (53.94939762775446, 77.13858039556943), 6: (57.49521518243753, 106.14640626508732), 94: (57.953646759886176, 109.90357200501862), 93: (58.34862260348281, 93.33327647699755), 69: (60.40092344803841, 92.55378687948964), 70: (66.75632504482718, 118.82123642052127), 100: (66.7563710095696, 118.82116637390548), 99: (63.18102057870223, 95.15868048944039), 34: (55.48634808494697, 96.71882484769904), 33: (49.883420930996614, 65.27040176247331), 73: (49.85125896590482, 65.08945963880639), 74: (49.74223836407763, 77.99963475498798), 50: (49.2016757514358, 77.77586675740675), 49: (45.05906995096524, 58.67401137992468), 79: (45.059038339973, 58.674017674321085), 80: (45.972951142367386, 84.22052684994695), 52: (29.096713252127927, 79.05685270038464), 51: (22.3201048139097, 49.42754872702312), 36: (21.921706949715343, 47.682776637733404), 35: (15.96748395326777, 21.65138805191207), 25: (7.584477706138867, 28.91655000067871), 26: (10.709936219762671, 61.985791374842194), 21: (11.467825369817376, 62.20434438666839), 22: (14.374612089256267, 78.78061249224609), 20: (10.646269909595242, 79.76062684223135), 19: (9.888523428908938, 69.15452574120022), 71: (15.026341002469742, 74.74316042855735), 72: (15.621756317455612, 90.23935534471666), 9: (14.85665547971278, 92.90812240088822), 10: (14.12114725795389, 104.864184895063), 87: (6.209923799607875, 95.94519296209619), 88: (8.377223015310424, 116.54590043764959), 28: (7.532033364305983, 113.1650351579839), 27: (3.7996859906535265, 92.75659542101374), 92: (4.704073300837778, 86.8437207203531), 91: (3.088387303399509, 52.99010443451724), 30: (3.0878422623824235, 52.97877342278343), 29: (1.7161945711971107, 24.244691463386957), 1: (2.490283825346973, 24.814474129505587), 2: (11.587187738516445, 43.746658869918754), 24: (14.468946600944536, 45.3633190998811), 23: (15.276971338680177, 32.99251676132231), 58: (18.514759848078256, 31.477983785601605), 57: (16.667217390618863, 4.854740000850565), 43: (16.585780917624295, 3.6750921134642134), 44: (22.610720074299174, 35.29252881038492), 65: (22.61072381164426, 35.292558756483906), 66: (24.680072012718288, 47.64982894012493), 8: (34.22104015998693, 44.74901510830873), 7: (39.357555262426295, 8.513442894865232), 85: (40.26161483389845, 6.767796901093826), 86: (46.48938192096144, 40.09121904505037), 14: (49.5242079286673, 38.44348358248303), 13: (46.28546188732774, 14.589628217575479), 55: (39.325074261189116, 17.352234527630582), 56: (45.0515928171042, 48.417494064078305)}
lowerBound: 1401.8881523434943
upperBound: 1401.8882223582639
solType: IP_Optimal
Path: 
50 50
58.9732 47.8907
64.4803 60.1171
65.1299 57.0661
68.4826 41.3431
71.8946 37.4371
72.0324 14.656
73.3543 14.2083
74.9596 33.4033
74.9465 32.0441
74.6744 4.3445
74.9666 5.086
84.4056 36.2
86.4529 29.5393
87.3969 17.491
87.6468 14.2898
95.834 47.3411
91.1534 43.2774
92.7242 62.9081
98.6375 59.0656
102.098 76.2762
96.7753 76.1664
96.2385 99.7322
96.3035 99.4984
101.2526 123.1319
93.6086 123.2854
87.2224 86.4749
87.0477 85.466
81.8535 55.5263
84.8198 50.3946
92.6577 68.7248
95.3913 68.0934
96.7577 95.8069
89.6523 96.296
81.3525 72.5277
74.7427 74.0581
71.7012 44.7906
71.6391 44.1968
71.3566 69.6146
69.589 69.3469
66.2399 50.9676
66.3189 51.6568
62.8 39.2172
62.8 39.2172
63.6954 66.835
53.9494 77.1386
57.4952 106.1464
57.9536 109.9036
58.3486 93.3333
60.4009 92.5538
66.7563 118.8212
66.7564 118.8212
63.181 95.1587
55.4863 96.7188
49.8834 65.2704
49.8513 65.0895
49.7422 77.9996
49.2017 77.7759
45.0591 58.674
45.059 58.674
45.973 84.2205
29.0967 79.0569
22.3201 49.4275
21.9217 47.6828
15.9675 21.6514
7.5845 28.9166
10.7099 61.9858
11.4678 62.2043
14.3746 78.7806
10.6463 79.7606
9.8885 69.1545
15.0263 74.7432
15.6218 90.2394
14.8567 92.9081
14.1211 104.8642
6.2099 95.9452
8.3772 116.5459
7.532 113.165
3.7997 92.7566
4.7041 86.8437
3.0884 52.9901
3.0878 52.9788
1.7162 24.2447
2.4903 24.8145
11.5872 43.7467
14.4689 45.3633
15.277 32.9925
18.5148 31.478
16.6672 4.8547
16.5858 3.6751
22.6107 35.2925
22.6107 35.2926
24.6801 47.6498
34.221 44.749
39.3576 8.5134
40.2616 6.7678
46.4894 40.0912
49.5242 38.4435
46.2855 14.5896
39.3251 17.3522
45.0516 48.4175
50 50
