OFV: 347.4456836837115
Runtime: 5.039414288010448
Gap: 5.649198577435856e-08
repPt: {0: (50, 50), 8: (56.72259669169962, 51.54392434057926), 7: (55.550437566348485, 39.18017872492818), 10: (52.204473979133795, 39.38202954569931), 9: (49.871986865565326, 22.16624781984971), 12: (49.651100888255336, 20.530904697882743), 11: (47.590561782820075, 5.307050962198658), 15: (89.74174113427817, 24.419583257393096), 16: (91.48452539519764, 47.430213957441325), 1: (91.76592230862622, 51.14635336139099), 2: (93.71076480858979, 76.79538666463915), 4: (65.55951551872985, 102.5575833729255), 3: (60.185595065666234, 72.8088042552349), 6: (20.24820227787024, 57.31364888797426), 5: (12.372932751890005, 26.05458197849348), 13: (15.915076414909068, 29.119928376818542), 14: (22.226614874596066, 42.300399938364386)}
solType: IP_Optimal
lowerBound: 347.44566405581486
upperBound: 347.4456836837115
Path: 
50 50
56.7226 51.5439
55.5504 39.1802
52.2045 39.382
49.872 22.1662
49.6511 20.5309
47.5906 5.3071
89.7417 24.4196
91.4845 47.4302
91.7659 51.1464
93.7108 76.7954
65.5595 102.5576
60.1856 72.8088
20.2482 57.3136
12.3729 26.0546
15.9151 29.1199
22.2266 42.3004
50 50
