OFV: 432.83249855038446
Runtime: 80.7467153329635
Gap: None
Path: 
50 50
48.1332 49.7745
45.7519 48.0721
38.0554 33.7812
34.985 28.0759
30.35 19.4659
24.865 9.2851
21.5564 10.3237
21.5803 14.1383
21.5895 15.5375
21.6181 20.0243
21.6541 25.7103
21.6924 31.7538
21.705 33.6399
21.7125 34.745
21.7834 46.1958
21.7985 48.4726
21.819 51.6017
21.8879 62.7919
7.8407 75.5939
8.6741 83.629
8.8721 85.5321
9.4337 90.9387
10.8553 99.0613
11.9367 105.2531
65.7514 98.0491
66.6514 91.3556
67.751 83.1899
68.0044 81.3007
101.5479 93.7526
92.2541 68.7806
89.9883 62.6953
81.8903 40.9369
77.6456 29.5343
73.09 17.2969
66.444 32.3695
66.3178 49.0248
66.1857 66.3464
66.1205 75.257
59.6995 64.8165
50.1702 49.3177
50 50
