OFV: 902.6326719724487
Runtime: 1.4557254490209743
Gap: None
repPt: {0: (50, 50), 3: (43.054494668348745, 56.92295892060989), 4: (48.79545365898954, 92.08172243860767), 12: (54.23341285200862, 84.6153171781195), 11: (53.8923142981523, 73.29382952265593), 19: (54.23862031398885, 76.82985453355555), 20: (57.3023713519523, 108.08075304118313), 56: (55.84687309705157, 116.21017497603084), 55: (55.605414127768874, 97.19494283249436), 28: (59.19496013726666, 99.30378817840668), 27: (53.71670243669701, 78.06204557810744), 47: (46.86779654084825, 80.64215160803049), 48: (43.68057094780262, 109.1213666055824), 50: (43.55771611609637, 110.21959065181828), 49: (40.207241320590484, 100.75269417256503), 18: (30.168248422977463, 105.14254093213034), 17: (28.399894667718947, 74.72502698932279), 43: (28.789750781350154, 69.49865716567383), 44: (32.39653753023149, 96.06703483400115), 16: (28.67596707672009, 95.14266792106015), 15: (24.576767660681636, 84.79240713417975), 13: (12.426974684148878, 88.29345824420615), 14: (10.856166995011387, 108.96818679585638), 40: (10.055541667203416, 119.50051480190899), 39: (8.709937667046352, 84.2154114102757), 21: (8.540245940382981, 79.79036419271694), 22: (10.39860553140149, 94.99895531851232), 2: (18.045822386860657, 93.74047358449263), 1: (16.197220987787478, 67.42944959334747), 42: (21.117039124358698, 66.91628230096771), 41: (17.01792235775101, 52.412232858798504), 54: (12.840653181044289, 37.63589845861248), 53: (7.744723688780837, 19.610960463794093), 8: (7.744715380687453, 19.610906236958982), 7: (4.142539304449759, 2.7674984501700943), 5: (7.084679542012989, 4.2229540810983455), 6: (11.86267122710809, 16.630149312262667), 36: (39.342905353816505, 31.835735117309646), 35: (38.747500601906744, 8.763628344802315), 45: (43.41466676550248, 10.056706628921757), 46: (52.978295604076365, 40.60821590386519), 37: (53.03431072750825, 40.787153092541736), 38: (59.71293076784204, 62.70975325654647), 33: (75.24461174831876, 63.06530009331038), 34: (82.13364961485206, 75.54576240643782), 23: (84.75900378900366, 78.39478391540392), 24: (90.74875304121171, 93.57225120953042), 26: (96.27177226906738, 91.63826520633589), 25: (96.60783437610624, 75.69413134442208), 58: (90.7415025398564, 82.32043866614805), 57: (86.65636714838512, 56.26998171643777), 52: (86.65635278590993, 56.26988803008515), 51: (84.51294720421546, 39.34642761039734), 10: (99.14258405116969, 52.07779985757794), 9: (94.88081091714024, 25.625514327197973), 59: (72.36466051810619, 31.87707568312527), 60: (69.19499174590156, 45.43161047371851), 30: (63.62969739864852, 44.69085433166104), 29: (60.56916252679907, 30.77097113720711), 31: (59.99756073797116, 22.693487891208562), 32: (61.82561864066448, 52.34128078900482)}
lowerBound: 902.6325745940031
upperBound: 902.6326719724487
solType: IP_Optimal
Path: 
50 50
43.0545 56.923
48.7955 92.0817
54.2334 84.6153
53.8923 73.2938
54.2386 76.8299
57.3024 108.0808
55.8469 116.2102
55.6054 97.1949
59.195 99.3038
53.7167 78.062
46.8678 80.6422
43.6806 109.1214
43.5577 110.2196
40.2072 100.7527
30.1682 105.1425
28.3999 74.725
28.7898 69.4987
32.3965 96.067
28.676 95.1427
24.5768 84.7924
12.427 88.2935
10.8562 108.9682
10.0555 119.5005
8.7099 84.2154
8.5402 79.7904
10.3986 94.999
18.0458 93.7405
16.1972 67.4294
21.117 66.9163
17.0179 52.4122
12.8407 37.6359
7.7447 19.611
7.7447 19.6109
4.1425 2.7675
7.0847 4.223
11.8627 16.6301
39.3429 31.8357
38.7475 8.7636
43.4147 10.0567
52.9783 40.6082
53.0343 40.7872
59.7129 62.7098
75.2446 63.0653
82.1336 75.5458
84.759 78.3948
90.7488 93.5723
96.2718 91.6383
96.6078 75.6941
90.7415 82.3204
86.6564 56.27
86.6564 56.2699
84.5129 39.3464
99.1426 52.0778
94.8808 25.6255
72.3647 31.8771
69.195 45.4316
63.6297 44.6909
60.5692 30.771
59.9976 22.6935
61.8256 52.3413
50 50
