OFV: 393.8465077008894
Runtime: 0.08998123509809375
Gap: None
repPt: {0: (50, 50), 12: (33.469251570037386, 51.33070347475275), 11: (24.938536933587116, 37.18039762274175), 9: (7.597699574312095, 25.801721744992552), 10: (14.647775962195041, 48.99599767362653), 13: (36.29644160216779, 85.86771156295907), 14: (43.14825938421149, 120.22003917499052), 2: (47.6288954553239, 118.098935000353), 1: (50.227638334265635, 84.1149830359883), 7: (81.49823927796959, 81.53660331201742), 8: (90.84417611279173, 106.21092871089051), 16: (92.9479345118718, 95.36633338567593), 15: (95.43228966740553, 80.65619612705319), 5: (97.88082553682666, 66.09762777700847), 6: (99.64304941318751, 86.30694310156342), 18: (92.94185984690642, 90.12580711556168), 17: (86.39579256820811, 66.6350577991944), 4: (57.14807748737867, 55.907883583803525), 3: (52.417180507173605, 45.298854621406406)}
lowerBound: 393.84644958730576
upperBound: 393.8465077008894
solType: IP_Optimal
Path: 
50 50
33.4693 51.3307
24.9385 37.1804
7.5977 25.8017
14.6478 48.996
36.2964 85.8677
43.1483 120.22
47.6289 118.0989
50.2276 84.115
81.4982 81.5366
90.8442 106.2109
92.9479 95.3663
95.4323 80.6562
97.8808 66.0976
99.643 86.3069
92.9419 90.1258
86.3958 66.6351
57.1481 55.9079
52.4172 45.2989
50 50
