OFV: 321.8561157640111
Runtime: 660.8525683080006
Gap: -2.772995198202139e-07
repPt: {0: (50, 50), 6: (49.163386128011155, 43.13980626630184), 5: (45.95937621362089, 16.964675547123658), 1: (31.031145133017077, 33.218798016209874), 13: (31.079021720668017, 40.77243223822834), 2: (31.1857608298101, 57.45995424323662), 7: (31.22360620977836, 62.93128561972987), 14: (31.268979360400472, 69.76192217901365), 8: (31.31264795273898, 76.21990915264176), 3: (13.015384736912406, 63.7025832159608), 4: (18.124942407005676, 86.94165589019063), 10: (85.5626088731651, 110.12822127020024), 9: (84.32542862972032, 89.63061320972452), 12: (82.3612002454458, 57.02357350216825), 16: (80.82605864091606, 49.60774610430135), 11: (78.81818566458392, 39.91379474507958), 15: (77.96713539415421, 35.808874256829256)}
solType: IP_Optimal
lowerBound: 321.8562050145575
upperBound: 321.8561157640111
Path: 
50 50
49.1634 43.1398
45.9594 16.9647
31.0311 33.2188
31.079 40.7724
31.1858 57.46
31.2236 62.9313
31.269 69.7619
31.3126 76.2199
13.0154 63.7026
18.1249 86.9417
85.5626 110.1282
84.3254 89.6306
82.3612 57.0236
80.8261 49.6077
78.8182 39.9138
77.9671 35.8089
50 50
