OFV: 275.21446595108364
Runtime: 0.5985807890247088
Gap: 3.732405865224189e-07
repPt: {0: (50, 50), 1: (82.74289378702298, 15.190916234607283), 2: (86.07015367366775, 35.9677730224297), 5: (88.05234466352474, 48.358392591924854), 6: (92.18652874553862, 74.13745720426576), 7: (92.54209972320109, 76.3654081141005), 8: (94.31025731217125, 105.5248228865176), 9: (94.30852099852804, 105.53532011341971), 10: (91.31663349353713, 123.5347409761623), 4: (35.320283179821246, 83.6110090958904), 3: (29.211143933413567, 57.0137935625807)}
solType: IP_Optimal
lowerBound: 275.21436322987495
upperBound: 275.21446595108364
Path: 
50 50
82.7429 15.1909
86.0702 35.9678
88.0523 48.3584
92.1865 74.1375
92.5421 76.3654
94.3103 105.5248
94.3085 105.5353
91.3166 123.5347
35.3203 83.611
29.2111 57.0138
50 50
