OFV: 700.5220354244885
Runtime: 0.162052170955576
Gap: None
repPt: {0: (50, 50), 31: (62.66174630006264, 38.94950521925366), 32: (66.03186693471802, 54.229618630802754), 1: (66.87523295999786, 58.05913088805104), 2: (71.53810866081743, 79.19221809538158), 29: (76.31065284377934, 73.69429284402362), 30: (80.76227356363626, 97.86856605185059), 4: (80.41203350330738, 96.47319331477927), 3: (72.5312759386767, 65.14024334433162), 16: (72.41225121875088, 64.66552364404068), 15: (63.76479290285, 30.277998107734653), 26: (79.89346486588359, 24.01474763268435), 25: (76.53802326699545, 3.861292622543271), 37: (41.883882336118575, 14.982356837776027), 38: (43.503546267357976, 38.17810650811728), 27: (45.02464296422244, 38.56587070430195), 28: (52.02469949266074, 73.4158296067801), 11: (49.185561677376974, 79.22069005058636), 12: (46.73817641527569, 103.82853496855452), 10: (36.4601224976328, 115.95778917037403), 9: (34.841315800666926, 84.81547709363622), 40: (34.632760409433075, 80.75922408379505), 39: (33.41231160925291, 57.2861740387709), 13: (33.412305104185656, 57.2861761170469), 14: (36.1481674875289, 69.03033515209503), 33: (39.80009156516497, 68.0719043899748), 34: (43.217744962656084, 99.37860853975047), 36: (42.638125908963175, 97.79063982762591), 35: (30.728911932577436, 65.21455539200969), 5: (21.45992340154631, 67.05223150249479), 6: (22.820097698226814, 97.54177039420748), 18: (20.839299244031764, 95.47378139808326), 17: (15.534555786238998, 72.47686309029784), 20: (14.619761624858395, 67.76146400330359), 19: (8.386096974867204, 35.74306959869225), 24: (7.063785494042914, 28.935331459727223), 23: (4.069819322555129, 3.971134260634344), 7: (14.002151748115956, 23.58658695368923), 8: (20.310194042532256, 36.04140824794116), 21: (33.991535036153316, 28.825420042523536), 22: (42.590938792697116, 49.19323074624662)}
lowerBound: 700.4657733480217
upperBound: 700.5220354244885
solType: IP_Optimal
Path: 
50 50
62.6617 38.9495
66.0319 54.2296
66.8752 58.0591
71.5381 79.1922
76.3107 73.6943
80.7623 97.8686
80.412 96.4732
72.5313 65.1402
72.4123 64.6655
63.7648 30.278
79.8935 24.0147
76.538 3.8613
41.8839 14.9824
43.5035 38.1781
45.0246 38.5659
52.0247 73.4158
49.1856 79.2207
46.7382 103.8285
36.4601 115.9578
34.8413 84.8155
34.6328 80.7592
33.4123 57.2862
33.4123 57.2862
36.1482 69.0303
39.8001 68.0719
43.2177 99.3786
42.6381 97.7906
30.7289 65.2146
21.4599 67.0522
22.8201 97.5418
20.8393 95.4738
15.5346 72.4769
14.6198 67.7615
8.3861 35.7431
7.0638 28.9353
4.0698 3.9711
14.0022 23.5866
20.3102 36.0414
33.9915 28.8254
42.5909 49.1932
50 50
