OFV: 739.9883397117578
Runtime: 379.48229958396405
Gap: None
Path: 
50 50
77.6262 46.7083
78.0183 36.8229
78.4176 26.737
78.5519 23.305
89.3229 21.4935
89.3229 21.4935
89.4878 23.5029
90.4767 35.4718
91.3291 45.7982
92.9152 46.8965
94.5442 48.0246
95.6982 56.2517
96.7181 63.5249
96.9523 71.4598
97.1816 79.2243
97.5819 92.9136
92.2767 91.2516
87.9284 88.5605
84.9515 84.3336
84.0704 83.0816
83.408 82.14
80.2681 74.0459
77.7754 67.6184
75.1875 60.9456
73.9772 57.8217
72.7774 54.7248
71.6929 50.0745
70.8439 46.4281
67.5592 32.3626
67.1923 30.7839
65.404 23.1168
58.0883 8.8008
46.0442 8.2137
47.1933 14.8725
48.741 23.8489
51.4905 31.7762
52.2401 33.9375
52.6571 35.1394
56.339 45.7535
56.4689 46.128
56.554 46.3734
60.0585 57.5294
62.9846 66.8431
65.9928 76.418
72.6994 97.7918
74.0882 112.4684
66.9962 118.2505
62.6294 121.8086
61.2363 114.1595
59.8883 106.7499
58.913 101.382
58.5821 99.5541
57.8037 95.2663
57.2054 91.9672
56.3617 87.3199
55.389 81.9646
54.3438 76.2117
53.5824 72.0173
52.701 67.1639
52.0059 63.3335
42.6427 66.7072
42.6236 66.7164
40.221 68.3765
38.588 69.504
39.9465 94.5634
39.9589 94.7899
39.9745 95.0743
32.0275 87.7248
32.6007 98.2815
32.8657 103.1396
33.7573 119.6219
33.2845 119.8669
14.8992 117.0494
14.9997 86.1408
15.1637 70.3113
15.2172 65.3145
11.3504 43.7345
10.1269 42.8254
8.4962 41.6128
8.5566 39.3275
8.6255 36.7188
8.7 33.9054
8.398 23.6431
8.6661 20.5615
9.0826 15.7848
9.5124 10.8567
9.785 10.3106
9.8961 10.0885
21.9667 11.4222
27.5907 17.9576
32.7101 36.3222
33.8328 38.8913
36.3616 44.6822
36.3583 44.7174
36.3626 42.8924
36.4076 29.4772
36.4202 24.9872
36.4224 23.9016
36.4256 22.3717
49.7906 49.5734
50 50
