OFV: 245.3223573286788
Runtime: 1.3808355249930173
Gap: 1.8558530712719987e-07
repPt: {0: (50, 50), 3: (20.076918249207477, 14.487493613561917), 4: (23.510744239254585, 30.579287986246086), 5: (26.832932778708635, 46.16544755126899), 6: (32.596194782222625, 73.20963076216479), 1: (51.96947687988154, 79.4644917296833), 2: (60.38113739014843, 82.9911986406529), 10: (90.94284962767614, 95.80242518255449), 9: (87.69388034752235, 80.31498955358586), 8: (80.1051942784922, 65.28349336406532), 7: (69.66083959903774, 44.59837263362834)}
solType: IP_Optimal
lowerBound: 245.32231180045378
upperBound: 245.3223573286788
Path: 
50 50
20.0769 14.4875
23.5107 30.5793
26.8329 46.1654
32.5962 73.2096
51.9695 79.4645
60.3811 82.9912
90.9428 95.8024
87.6939 80.315
80.1052 65.2835
69.6608 44.5984
50 50
