OFV: 358.4337308782335
Runtime: 2.2369116009795107
Gap: -1.0964640716554414e-08
repPt: {0: (50, 50), 16: (70.2712964473275, 23.300775334006076), 15: (70.78759622174978, 6.224914553600066), 9: (18.821719403310613, 13.01593124241215), 10: (18.325817900101967, 28.007258156724024), 1: (10.593648784652522, 61.095122882357444), 2: (12.450163017899635, 79.82768766513618), 3: (13.080860989158037, 86.16260753216534), 4: (16.91657927371339, 116.47886878267084), 12: (66.71480919520887, 117.95300434332951), 8: (67.11900067097423, 117.06287826288006), 7: (62.18060660274245, 93.00671512282344), 11: (61.87861506857452, 91.53897532141286), 6: (75.98664423235385, 97.81007172273961), 5: (73.75510955622849, 82.69660066642746), 14: (73.50575160449227, 81.00211050436657), 13: (71.49431932230596, 67.38675519024578)}
solType: IP_Optimal
lowerBound: 358.4337348083306
upperBound: 358.4337308782335
Path: 
50 50
70.2713 23.3008
70.7876 6.2249
18.8217 13.0159
18.3258 28.0073
10.5936 61.0951
12.4502 79.8277
13.0809 86.1626
16.9166 116.4789
66.7148 117.953
67.119 117.0629
62.1806 93.0067
61.8786 91.539
75.9866 97.8101
73.7551 82.6966
73.5058 81.0021
71.4943 67.3868
50 50
