OFV: 616.2691877805169
Runtime: 1.0579379750415683
Gap: None
repPt: {0: (50, 50), 8: (72.16187653849687, 59.052612025977986), 7: (73.01169763290673, 47.16513972893868), 4: (73.06188426246904, 46.460456632213486), 3: (74.46370911744472, 26.84778772756331), 33: (95.56276645598123, 19.59329753426108), 34: (94.10809490035479, 31.921513822173047), 5: (81.80418511225398, 46.68557042664647), 6: (85.91219087172202, 77.25441705080753), 12: (89.35907843891928, 77.29258257674284), 11: (92.32256938573308, 57.605068556540665), 1: (94.38377973585904, 57.7529626411556), 2: (94.67093285484046, 68.53915249636258), 27: (93.58803991251843, 68.84374706976624), 28: (91.6664235122916, 98.88634255626711), 17: (73.440519238823, 97.0439271267064), 18: (67.95468546638145, 122.48853004330822), 36: (42.2924323393556, 118.67102275057393), 35: (31.492265729478227, 91.9977374066948), 14: (11.639796525417907, 106.0349994375802), 13: (10.2343979660103, 93.85357970128655), 19: (15.424217303717068, 92.8440188812649), 20: (24.64314176517325, 118.7209156912871), 30: (25.007155719494033, 116.44110292922088), 29: (27.319310518313948, 102.05389123212731), 37: (27.369261521927115, 101.740469280431), 38: (30.25859245951267, 107.44344460303208), 16: (56.0330377569926, 100.75644770661752), 15: (55.89417227601505, 82.69911307958023), 22: (56.02092886072716, 86.97788318585413), 21: (49.47617194289834, 67.53018139233842), 32: (34.438894168103516, 47.54826072199317), 31: (22.968521501240325, 25.169687939508485), 25: (21.863795232875823, 23.01041189117784), 26: (23.706919085010554, 46.23181044956918), 24: (23.793805111373228, 47.30375745396547), 23: (26.186187794143194, 32.21032198933081), 10: (44.4746976577158, 34.679342360161534), 9: (44.747212705491904, 26.882360775975812), 39: (44.81855620137762, 24.7824502713312), 40: (49.200785999911076, 46.09843690156251)}
lowerBound: 616.2690453246037
upperBound: 616.2691877805169
solType: IP_Optimal
Path: 
50 50
72.1619 59.0526
73.0117 47.1651
73.0619 46.4605
74.4637 26.8478
95.5628 19.5933
94.1081 31.9215
81.8042 46.6856
85.9122 77.2544
89.3591 77.2926
92.3226 57.6051
94.3838 57.753
94.6709 68.5392
93.588 68.8437
91.6664 98.8863
73.4405 97.0439
67.9547 122.4885
42.2924 118.671
31.4923 91.9977
11.6398 106.035
10.2344 93.8536
15.4242 92.844
24.6431 118.7209
25.0072 116.4411
27.3193 102.0539
27.3693 101.7405
30.2586 107.4434
56.033 100.7564
55.8942 82.6991
56.0209 86.9779
49.4762 67.5302
34.4389 47.5483
22.9685 25.1697
21.8638 23.0104
23.7069 46.2318
23.7938 47.3038
26.1862 32.2103
44.4747 34.6793
44.7472 26.8824
44.8186 24.7825
49.2008 46.0984
50 50
