OFV: 351.93361174668337
Runtime: 292.581418729038
Gap: 2.156341064819099e-08
repPt: {0: (50, 50), 9: (91.6013264530088, 30.971641667638124), 10: (92.65422277989224, 52.605864352950206), 5: (92.7114859544327, 53.77553334135094), 6: (93.47355863191707, 69.34537419255236), 3: (76.97153560688537, 60.06156230642047), 4: (79.52978794765828, 81.90471910578702), 11: (79.98883952907667, 85.8179459232012), 12: (82.1566760889795, 104.35811111189078), 14: (36.17323956907826, 83.31934631688284), 13: (27.263793079620914, 53.40679680601809), 8: (23.44925931120809, 51.47824093632208), 16: (17.763593168827068, 39.99700874863199), 15: (13.55213761280238, 25.20697403004963), 7: (18.576465010869978, 19.975323975462118), 1: (31.14486567223144, 6.888095162616974), 19: (36.07960167794652, 10.781094673678558), 20: (39.10873055922364, 23.804609637628882), 2: (37.11973050645222, 29.30762181838219), 17: (36.075648638972, 32.19289612108016), 18: (39.66413442760934, 55.99261209207585)}
solType: IP_Optimal
lowerBound: 351.9336041577944
upperBound: 351.93361174668337
Path: 
50 50
91.6013 30.9716
92.6542 52.6059
92.7115 53.7755
93.4736 69.3454
76.9715 60.0616
79.5298 81.9047
79.9888 85.8179
82.1567 104.3581
36.1732 83.3193
27.2638 53.4068
23.4493 51.4782
17.7636 39.997
13.5521 25.207
18.5765 19.9753
31.1449 6.8881
36.0796 10.7811
39.1087 23.8046
37.1197 29.3076
36.0756 32.1929
39.6641 55.9926
50 50
