OFV: 404.9377448738022
Runtime: 0.017727741040289402
Gap: None
repPt: {0: (50, 50), 11: (42.31501972120037, 47.40926325350057), 12: (44.302272912396596, 61.60195056807316), 5: (45.04341237740607, 66.89581493039518), 6: (49.67440654987407, 99.93335337236896), 4: (54.11246109231227, 97.62305481711387), 3: (55.33650150866738, 84.84633609307532), 9: (81.54618948278964, 91.27998335602443), 10: (84.28407462492292, 115.72143274113921), 8: (38.1554260618981, 124.59808882425784), 7: (31.3273172537637, 92.82302516291463), 14: (29.938131271250874, 86.35736847768241), 13: (26.058910492308588, 68.3135605599405), 18: (23.273219499196955, 70.4327419307442), 17: (23.91977324099709, 49.26177402083926), 16: (36.908412771322205, 40.68881931402982), 15: (38.260761973511975, 20.98113042963774), 1: (82.03628918878087, 16.32679246262682), 2: (87.71145262505858, 43.22455297884092)}
lowerBound: 404.9377110768758
upperBound: 404.9377448738022
solType: IP_Optimal
Path: 
50 50
42.315 47.4093
44.3023 61.602
45.0434 66.8958
49.6744 99.9334
54.1125 97.6231
55.3365 84.8463
81.5462 91.28
84.2841 115.7214
38.1554 124.5981
31.3273 92.823
29.9381 86.3574
26.0589 68.3136
23.2732 70.4327
23.9198 49.2618
36.9084 40.6888
38.2608 20.9811
82.0363 16.3268
87.7115 43.2246
50 50
