OFV: 352.8057316330113
Runtime: 0.04687019006814808
Gap: None
repPt: {0: (50, 50), 15: (55.317518023842055, 51.950605409376635), 16: (59.18871870675566, 78.68521611582491), 11: (57.91875570772872, 78.78586426977327), 12: (55.35458787096375, 85.74939055905134), 2: (54.78383071827537, 87.30134971237399), 1: (49.75340310165826, 75.38573338155368), 13: (41.51190132878961, 73.80066288284483), 14: (37.024812015442855, 92.55751337047187), 7: (22.202635890256037, 92.39802157559447), 8: (16.50182834554012, 112.84211965092635), 6: (14.996612539500674, 118.24876470264132), 5: (15.244138807877977, 87.41426231269625), 4: (15.624723363423088, 39.554225413824156), 3: (15.790834297739947, 18.674538524462466), 9: (87.71886595470755, 23.88910885649068), 10: (89.25946577090683, 38.797152016798094)}
lowerBound: 352.80568566252504
upperBound: 352.8057316330113
solType: IP_Optimal
Path: 
50 50
55.3175 51.9506
59.1887 78.6852
57.9188 78.7859
55.3546 85.7494
54.7838 87.3013
49.7534 75.3857
41.5119 73.8007
37.0248 92.5575
22.2026 92.398
16.5018 112.8421
14.9966 118.2488
15.2441 87.4143
15.6247 39.5542
15.7908 18.6745
87.7189 23.8891
89.2595 38.7972
50 50
