OFV: 367.46860965237283
Runtime: 3603.9981564260015
Gap: 0.16659379744699138
repPt: {0: (50, 50), 7: (88.82220340831716, 30.07495467432686), 8: (89.68562236803668, 45.38323326795844), 17: (90.62525507376584, 62.07697001109506), 18: (92.03110317562478, 87.184739929989), 11: (86.21058832294018, 89.3824465196301), 1: (83.95784704421165, 90.23219931790128), 12: (85.44943808996221, 118.74295237291491), 2: (84.55746956746204, 117.60104118617144), 20: (75.47502960655171, 105.99851164238595), 19: (67.89996794386613, 96.31881780750294), 16: (65.50716097677862, 96.0577705632324), 6: (62.859629944638954, 95.76993355030483), 5: (57.375007656426995, 83.04456166768591), 15: (54.23830963545405, 75.76628181741779), 14: (18.34176478590851, 110.83967205974801), 13: (16.589536131043282, 90.2183363289926), 10: (16.512978902614456, 87.16180072188305), 9: (15.877205798609285, 61.04729063871969), 4: (15.563730963522708, 48.2940406950545), 3: (15.070877241690617, 28.178910797839666)}
solType: IP_TimeLimit
lowerBound: 306.2506185278179
upperBound: 367.46860965237283
Path: 
50 50
88.8222 30.075
89.6856 45.3832
90.6253 62.077
92.0311 87.1847
86.2106 89.3824
83.9578 90.2322
85.4494 118.743
84.5575 117.601
75.475 105.9985
67.9 96.3188
65.5072 96.0578
62.8596 95.7699
57.375 83.0446
54.2383 75.7663
18.3418 110.8397
16.5895 90.2183
16.513 87.1618
15.8772 61.0473
15.5637 48.294
15.0709 28.1789
50 50
