OFV: 263.1132873206621
Runtime: 0.011897993041202426
Gap: None
repPt: {0: (50, 50), 15: (26.788471709743526, 50.87567422101448), 16: (27.599702559576038, 66.84738678485643), 11: (28.032255488424457, 75.3566922356588), 12: (28.914785841537118, 92.72250400773727), 13: (29.182088628852895, 97.97717709402585), 14: (31.593669919414264, 118.2230920484055), 6: (54.44855638721257, 120.4015642123548), 5: (56.22904734167092, 90.68954658727156), 2: (69.59657565033132, 95.66396582847739), 1: (72.97479148561827, 86.29759803090991), 10: (76.76290978694254, 83.2298678239315), 9: (74.08432203654118, 61.62876157984868), 8: (70.19053272956283, 61.825181935147924), 7: (69.53399879020712, 39.99315945097933), 4: (69.50438888775267, 39.00939632532206), 3: (68.85146405371074, 26.85415990718129)}
lowerBound: 263.11328082459846
upperBound: 263.1132873206621
solType: IP_Optimal
Path: 
50 50
26.7885 50.8757
27.5997 66.8474
28.0323 75.3567
28.9148 92.7225
29.1821 97.9772
31.5937 118.2231
54.4486 120.4016
56.229 90.6895
69.5966 95.664
72.9748 86.2976
76.7629 83.2299
74.0843 61.6288
70.1905 61.8252
69.534 39.9932
69.5044 39.0094
68.8515 26.8542
50 50
