OFV: 724.4867991872553
Runtime: 0.36569431505631655
Gap: None
repPt: {0: (50, 50), 25: (51.409355607248024, 58.067624162133434), 26: (56.06393322799985, 84.71163267800668), 29: (63.53916357249346, 64.17822010257082), 30: (66.73395250850757, 93.6490821281818), 23: (69.58292814968851, 90.53585121073142), 24: (75.61290269215057, 108.3259857635177), 14: (85.86491660975577, 120.48422376713167), 13: (85.73256248020546, 86.99706907794312), 5: (85.96534649389825, 89.74664264833723), 6: (88.95816606196706, 125.09939389192114), 40: (68.26757820094538, 123.75220283862514), 39: (58.14012611133458, 90.04729388232505), 3: (51.12928482456054, 98.94539009549814), 4: (47.348672642315115, 118.72972107623684), 18: (41.36141113448833, 114.684933421309), 17: (34.30288042264718, 85.89823541748075), 21: (32.757946954321746, 94.79172110285477), 22: (29.186318905481876, 115.35924313608334), 16: (28.733813424124325, 116.11862974492023), 15: (23.643538364177566, 100.37874723704225), 34: (18.383459682554193, 108.93921252127679), 33: (13.116832299453273, 86.15514415317693), 32: (13.532337990835943, 89.61196830790186), 31: (12.343720702284816, 69.99007933064696), 2: (13.45772051351194, 80.60338287528398), 1: (13.648049871133427, 61.79147670914728), 20: (13.800084663996982, 46.29488781053151), 19: (13.668333417834095, 22.992992078994728), 35: (13.574623062794252, 6.787403361972663), 36: (19.453084227150068, 39.56551942038602), 28: (42.57100464596754, 36.18638253638266), 27: (44.695848587065875, 20.874691408993588), 38: (53.25533207508109, 22.891002706908008), 37: (55.201166785082485, 12.135022915050378), 9: (88.43833866508126, 9.852491186078744), 10: (90.65987236353764, 23.333733079021226), 11: (85.73121138265364, 27.941083509236453), 12: (82.42777015098073, 45.80928778618463), 8: (76.49339009384447, 44.57296970656079), 7: (70.04781176164536, 29.748743329413383)}
lowerBound: 724.4357420349559
upperBound: 724.4867991872553
solType: IP_Optimal
Path: 
50 50
51.4094 58.0676
56.0639 84.7116
63.5392 64.1782
66.734 93.6491
69.5829 90.5359
75.6129 108.326
85.8649 120.4842
85.7326 86.9971
85.9653 89.7466
88.9582 125.0994
68.2676 123.7522
58.1401 90.0473
51.1293 98.9454
47.3487 118.7297
41.3614 114.6849
34.3029 85.8982
32.7579 94.7917
29.1863 115.3592
28.7338 116.1186
23.6435 100.3787
18.3835 108.9392
13.1168 86.1551
13.5323 89.612
12.3437 69.9901
13.4577 80.6034
13.648 61.7915
13.8001 46.2949
13.6683 22.993
13.5746 6.7874
19.4531 39.5655
42.571 36.1864
44.6958 20.8747
53.2553 22.891
55.2012 12.135
88.4383 9.8525
90.6599 23.3337
85.7312 27.9411
82.4278 45.8093
76.4934 44.573
70.0478 29.7487
50 50
