OFV: 1034.0916228855776
Runtime: 136.52918977604713
Gap: None
Path: 
50 50
50.5011 45.88
46.2145 21.633
44.6712 12.8916
43.5581 6.5832
35.7467 10.536
32.7387 33.3196
32.7387 33.3196
23.7037 5.7587
8.4335 25.8676
3.1041 2.4324
6.7444 3.6865
16.9703 36.9377
20.7014 35.0386
20.1869 56.5832
6.8199 83.6871
6.4528 84.4301
7.5414 95.0891
8.1316 100.8632
8.2173 101.1184
14.8441 120.7876
20.151 130.3541
16.1488 101.3663
27.4087 100.3432
32.7946 114.5928
51.5627 128.5238
51.4394 127.6732
49.7466 115.9131
46.9852 96.7157
46.7819 95.3102
45.9907 89.8235
44.5641 79.9168
39.1162 60.226
37.485 54.7133
32.7715 38.7999
29.0246 29.7343
29.6264 52.6046
29.6635 53.9621
29.691 54.9684
32.804 79.3459
32.8335 79.5784
32.8827 79.965
34.2626 90.7278
35.8954 99.2601
37.6807 108.5882
37.8365 109.4044
39.6056 87.5176
40.0768 76.2961
40.408 68.3893
51.6977 64.4611
54.077 67.7591
56.4098 77.2461
61.4335 97.6472
61.5708 99.9959
61.8855 105.3391
66.3768 102.5772
68.7571 83.3149
77.2074 67.7593
77.7606 71.0258
80.1463 85.0713
81.6257 93.7885
91.5694 96.5318
91.8725 96.6151
98.7199 122.0634
100.2111 127.6139
102.0054 101.7795
97.4175 77.7359
94.2584 77.8175
93.7893 63.2528
99.5047 35.0319
96.8588 5.1797
86.8898 18.1142
83.5634 25.9673
85.6439 49.7289
85.9509 53.2147
65.3833 53.9648
62.4591 37.581
61.4761 32.057
59.2348 19.4725
53.4118 25.583
51.3333 42.5545
50 50
