OFV: 275.3108366050849
Runtime: 3600.8708811989636
Gap: 0.23837891733851607
repPt: {0: (50, 50), 5: (11.682875348457028, 75.57385707033798), 6: (14.481664665029658, 96.00607718343534), 4: (68.91031229469046, 111.32427541473477), 18: (72.26082761264371, 104.30602961231351), 3: (74.48042280606342, 99.65831466961336), 8: (75.46096798919103, 97.60742154682671), 17: (75.18979242375403, 81.39576783210424), 16: (75.05857612802114, 73.84966144114948), 7: (74.88388328573728, 63.7002028721208), 15: (74.70305573092898, 53.09772089949482), 10: (89.95491310206481, 57.81713738771324), 12: (95.47774429198162, 59.52594941706626), 9: (92.77176078664085, 48.902522747988506), 11: (90.86562275018292, 41.41630912544142), 13: (67.98115767958177, 40.23821654150704), 1: (66.9815753658234, 45.09519492117097), 2: (65.28525561020578, 53.330768139116095), 14: (63.68546230129358, 52.98032631558648)}
solType: IP_TimeLimit
lowerBound: 209.68253744360365
upperBound: 275.3108366050849
Path: 
50 50
11.6829 75.5739
14.4817 96.0061
68.9103 111.3243
72.2608 104.306
74.4804 99.6583
75.461 97.6074
75.1898 81.3958
75.0586 73.8497
74.8839 63.7002
74.7031 53.0977
89.9549 57.8171
95.4777 59.5259
92.7718 48.9025
90.8656 41.4163
67.9812 40.2382
66.9816 45.0952
65.2853 53.3308
63.6855 52.9803
50 50
