OFV: 298.3156269754603
Runtime: 1.4931478489888832
Gap: -1.1242450623481933e-07
repPt: {0: (50, 50), 11: (3.318605050093991, 4.84135335755491), 12: (4.1310053663448905, 28.149765673230345), 1: (11.664120884198233, 25.777032876466375), 2: (18.43233232080233, 60.942403442862435), 8: (10.450178454703238, 66.27378561907788), 7: (10.92864666249627, 48.21011754913994), 5: (13.380748949516201, 48.358496893973864), 6: (24.23707110982582, 73.35406218847788), 3: (70.1233773181735, 76.76510224509943), 4: (71.75987503863847, 90.81178167396371), 10: (64.86396229572945, 88.8228268091294), 9: (55.026572516503684, 60.443675659453596)}
solType: IP_Optimal
lowerBound: 298.31566051344737
upperBound: 298.3156269754603
Path: 
50 50
3.3186 4.8414
4.131 28.1498
11.6641 25.777
18.4323 60.9424
10.4502 66.2738
10.9286 48.2101
13.3807 48.3585
24.2371 73.3541
70.1234 76.7651
71.7599 90.8118
64.864 88.8228
55.0266 60.4437
50 50
