OFV: 268.1975643547912
Runtime: 4.079695530002937
Gap: -2.7515946558886477e-07
repPt: {0: (50, 50), 8: (11.540202076635506, 64.5933199701329), 7: (8.790099763148602, 45.40268294084043), 12: (6.448655931193715, 29.071262551717755), 11: (3.272572211485069, 6.960570103257973), 1: (9.129610976619134, 23.9241278664946), 5: (16.38162755215474, 44.95061721031603), 2: (22.005853561287953, 61.26452055283227), 6: (25.689338309709193, 71.94925368244732), 3: (68.70754761336072, 78.17811471306905), 4: (70.57793134008037, 89.19451681296462), 10: (66.30027744702419, 87.42953733530801), 9: (54.706373828363745, 60.80754092379155)}
solType: IP_Optimal
lowerBound: 268.1976381518897
upperBound: 268.1975643547912
Path: 
50 50
11.5402 64.5933
8.7901 45.4027
6.4487 29.0713
3.2726 6.9606
9.1296 23.9241
16.3816 44.9506
22.0059 61.2645
25.6893 71.9493
68.7075 78.1781
70.5779 89.1945
66.3003 87.4295
54.7064 60.8075
50 50
