OFV: 401.2876928784008
Runtime: 831.3032313869917
Gap: 4.311415023200989e-09
repPt: {0: (50, 50), 4: (48.250280302066145, 31.607212805207375), 3: (45.644350474588066, 17.983395456628227), 5: (28.216666347832316, 11.037189016702564), 7: (23.91427083899845, 9.321861304239974), 8: (22.061947950150536, 22.69201005764058), 6: (20.888327649322218, 31.164326510481725), 15: (14.298498013766135, 58.22265603328444), 16: (20.179908909151827, 88.91498728908499), 19: (53.32544296593618, 98.19608173967316), 20: (61.32238725129031, 129.4061179973342), 14: (76.6434101151218, 126.80029085966494), 13: (77.69845632963418, 99.90257929542219), 12: (98.97289679194905, 44.14930570659297), 18: (98.82795810373534, 37.72793481775718), 17: (96.49081813064686, 25.51574060462584), 11: (96.48995352564447, 25.51576634698456), 1: (83.27576896225534, 26.077252121995972), 9: (78.93274981050634, 28.780871723769636), 10: (82.70041012840272, 43.97725595945565), 2: (84.64418135118356, 51.816808902662494)}
solType: IP_Optimal
lowerBound: 401.287691148283
upperBound: 401.2876928784008
Path: 
50 50
48.2503 31.6072
45.6444 17.9834
28.2167 11.0372
23.9143 9.3219
22.0619 22.692
20.8883 31.1643
14.2985 58.2227
20.1799 88.915
53.3254 98.1961
61.3224 129.4061
76.6434 126.8003
77.6985 99.9026
98.9729 44.1493
98.828 37.7279
96.4908 25.5157
96.49 25.5158
83.2758 26.0773
78.9327 28.7809
82.7004 43.9773
84.6442 51.8168
50 50
