OFV: 234.44095750000275
Runtime: 18.494672940985765
Gap: 1.63510339181123e-07
repPt: {0: (50, 50), 11: (13.541499508632189, 47.703421776600614), 12: (16.772289936118412, 59.24339852856961), 3: (18.05616306763524, 63.82810866003756), 9: (21.014085600277724, 74.39048143762234), 4: (26.56210754586645, 94.20338059435645), 10: (26.71819200962354, 94.76074863004783), 1: (57.535208941898766, 71.18455389963246), 2: (68.089368911276, 81.7480474182636), 8: (91.95927734466993, 92.60902925182783), 6: (93.58647512065735, 93.34947392555051), 5: (90.63090243270807, 82.13475413236968), 7: (86.89184608870538, 67.94431157599317)}
solType: IP_Optimal
lowerBound: 234.44091916648227
upperBound: 234.44095750000275
Path: 
50 50
13.5415 47.7034
16.7723 59.2434
18.0562 63.8281
21.0141 74.3905
26.5621 94.2034
26.7182 94.7607
57.5352 71.1846
68.0894 81.748
91.9593 92.609
93.5865 93.3495
90.6309 82.1348
86.8918 67.9443
50 50
