OFV: 336.51152583827775
Runtime: 310.87007718099994
Gap: -2.7456792434425395e-09
repPt: {0: (50, 50), 6: (49.37046595388935, 44.844032111888026), 5: (45.960643797788265, 16.965072702067115), 1: (31.024930397196, 33.23481842900539), 2: (31.06811013532926, 56.50513308812647), 13: (31.548060397345168, 50.39983785230634), 14: (32.96257434651744, 65.72908035380074), 7: (32.9625745437257, 65.72908181558643), 8: (31.678616601559796, 76.03874574013615), 3: (13.051589127427672, 63.677972835915604), 4: (18.127277687689126, 86.94429484869879), 10: (85.6378415106432, 110.07181507034862), 9: (85.10307543269381, 93.81871109886106), 12: (83.88382175354226, 56.848356407724076), 11: (83.52562568394737, 45.944388024997984), 16: (83.01743185353462, 46.72728192372785), 15: (78.5375062981308, 36.05256883151432)}
solType: IP_Optimal
lowerBound: 336.51152676223046
upperBound: 336.51152583827775
Path: 
50 50
49.3705 44.844
45.9606 16.9651
31.0249 33.2348
31.0681 56.5051
31.5481 50.3998
32.9626 65.7291
32.9626 65.7291
31.6786 76.0387
13.0516 63.678
18.1273 86.9443
85.6378 110.0718
85.1031 93.8187
83.8838 56.8484
83.5256 45.9444
83.0174 46.7273
78.5375 36.0526
50 50
