OFV: 946.257120520583
Runtime: 1.0223138839937747
Gap: None
repPt: {0: (50, 50), 9: (50.314195793910976, 52.306388379300245), 10: (52.72530872211489, 69.98803551440902), 13: (58.84723220510768, 71.46131236049125), 14: (58.946267356991385, 94.99335633818843), 46: (58.975612486397054, 101.6000991267743), 45: (58.84071893603494, 90.04438845309193), 39: (67.54574459580571, 87.17693711173995), 40: (73.43264102948623, 105.19006192079377), 56: (94.17867426324534, 112.21614334310237), 55: (92.95348332001933, 91.96643192094994), 8: (92.62244195502967, 86.49811882269414), 7: (91.29162162816667, 64.51111733128627), 15: (97.67732012033426, 63.12327366889285), 16: (102.09176795302722, 83.45659802296184), 42: (102.10022281975932, 83.45735308710452), 41: (99.69859531210686, 53.59175743213888), 2: (101.00043025002677, 44.44922537151183), 1: (97.19475347210175, 9.33136387777851), 33: (63.748096011620895, 9.286470317556804), 34: (66.68498451634538, 32.67728703448808), 3: (67.06472688575329, 33.50421468590973), 4: (77.20432310044578, 55.56506622298892), 47: (80.30329260052987, 57.30236835747332), 48: (80.11219565158179, 77.72979966182083), 38: (79.80510202750025, 79.50000433845057), 37: (75.3042767073566, 52.86315905653459), 49: (73.27493744113698, 54.940053594256035), 50: (73.1522063502057, 76.23655840586272), 44: (73.15183757113495, 76.30366091794123), 43: (70.08138507879481, 47.20368717156066), 11: (63.82060267576605, 45.25754479758696), 12: (62.17186073659154, 79.65209977207168), 58: (60.11438603781494, 81.61265253538615), 57: (55.97972998701965, 66.02173827564476), 28: (55.83116599145351, 65.46107274089933), 27: (49.68740120952252, 29.68045906196856), 60: (58.65809740689275, 35.13200615762946), 59: (53.13971539934726, 17.12927934266622), 6: (34.2442688741457, 17.49074117127873), 5: (28.519025442267264, 3.621690204611143), 17: (16.636886334451322, 14.075743780612179), 18: (18.791083896576346, 25.4684363489501), 51: (20.061085404461014, 24.375405113504744), 52: (21.610417645840773, 43.3492125623667), 36: (10.488340794961632, 43.168869578491226), 35: (3.661328551468662, 13.350439805024447), 31: (5.989089048200681, 13.312664985313138), 32: (12.449858876245393, 50.15404790009633), 19: (13.030537468465983, 53.12692486250995), 20: (14.404185154361295, 67.92528546912753), 21: (10.05869851831789, 65.76329064465847), 22: (9.871212132141208, 77.10877101690099), 25: (4.872188264090166, 78.24397135144304), 26: (11.68343939562075, 103.27812912589656), 30: (39.24282803958063, 119.468468535152), 29: (33.43484194946838, 92.45935139786006), 24: (22.552029274779112, 95.36476008978232), 23: (21.83719712167004, 83.88082684329453), 54: (23.182237272594996, 83.67512799669859), 53: (27.526710548521176, 55.91041292601906)}
lowerBound: 946.2570530972234
upperBound: 946.257120520583
solType: IP_Optimal
Path: 
50 50
50.3142 52.3064
52.7253 69.988
58.8472 71.4613
58.9463 94.9934
58.9756 101.6001
58.8407 90.0444
67.5457 87.1769
73.4326 105.1901
94.1787 112.2161
92.9535 91.9664
92.6224 86.4981
91.2916 64.5111
97.6773 63.1233
102.0918 83.4566
102.1002 83.4574
99.6986 53.5918
101.0004 44.4492
97.1948 9.3314
63.7481 9.2865
66.685 32.6773
67.0647 33.5042
77.2043 55.5651
80.3033 57.3024
80.1122 77.7298
79.8051 79.5
75.3043 52.8632
73.2749 54.9401
73.1522 76.2366
73.1518 76.3037
70.0814 47.2037
63.8206 45.2575
62.1719 79.6521
60.1144 81.6127
55.9797 66.0217
55.8312 65.4611
49.6874 29.6805
58.6581 35.132
53.1397 17.1293
34.2443 17.4907
28.519 3.6217
16.6369 14.0757
18.7911 25.4684
20.0611 24.3754
21.6104 43.3492
10.4883 43.1689
3.6613 13.3504
5.9891 13.3127
12.4499 50.154
13.0305 53.1269
14.4042 67.9253
10.0587 65.7633
9.8712 77.1088
4.8722 78.244
11.6834 103.2781
39.2428 119.4685
33.4348 92.4594
22.552 95.3648
21.8372 83.8808
23.1822 83.6751
27.5267 55.9104
50 50
