OFV: 870.3733243554492
Runtime: 44.57811571494676
Gap: None
Path: 
50 50
51.3062 51.8075
55.0481 60.031
58.4274 76.4546
61.5102 91.4213
75.0111 103.8046
76.5372 86.1665
77.8793 70.652
79.7634 58.2122
96.5611 48.8847
97.162 53.1874
98.4031 62.036
97.3466 84.3483
97.0567 90.4226
96.0069 112.5977
95.6413 116.8042
91.3111 94.6814
88.2702 79.1406
81.4233 44.1885
80.9432 41.7257
80.4539 39.2157
76.6993 20.0426
76.5594 19.3238
61.8757 4.9153
63.0907 19.5051
63.2776 21.7304
65.0571 43.2405
65.8711 52.9894
66.9007 65.3362
65.6276 75.5124
60.096 58.0606
52.0719 64.1762
48.3007 56.7249
45.5938 46.7807
41.7775 32.7592
40.9815 29.8267
37.6438 17.5569
15.803 5.5978
20.3733 26.162
22.1448 34.1166
24.1505 49.9679
6.7146 53.7382
3.003 27.8165
6.4002 37.6883
16.311 66.4525
20.9371 65.2219
24.9724 52.7692
28.5004 51.7983
36.4229 82.0461
18.727 89.0635
16.9988 116.4363
11.9913 126.7807
12.4083 95.5933
45.4813 113.8609
46.9241 114.6588
42.6625 99.8993
41.6033 96.2414
40.7785 93.3933
39.0622 94.0721
40.0866 77.0829
42.4386 58.7247
50 50
