OFV: 688.3005452451046
Runtime: 142.57689821196254
Gap: None
Path: 
50 50
63.1303 49.9061
66.0688 20.1948
72.5291 20.1542
74.8224 11.3309
75.1365 10.1205
80.1796 11.9256
82.1731 23.1728
83.4535 30.3986
93.1189 60.5838
93.7333 65.3938
95.2045 76.9131
95.1656 77.8509
95.0403 80.8563
93.933 107.2938
77.5441 116.5899
71.2457 108.7257
71.0901 100.1806
70.9736 93.8062
64.8311 82.8372
63.0539 79.6622
52.3405 82.0273
51.8291 85.2603
50.7665 91.9685
49.5998 99.3498
51.3808 112.2866
51.573 113.6803
53.1892 118.6429
50.0688 119.8296
29.6816 121.7276
28.8294 103.3288
28.6727 99.9215
34.4317 77.8376
34.2244 70.9012
34.0953 66.5579
16.8235 64.3476
17.2959 68.2497
19.9374 90.1103
20.2459 92.6577
20.9113 98.1633
18.5145 107.3531
8.1513 112.5421
5.4651 79.9331
3.9453 61.4589
1.7097 34.2986
15.3073 53.4979
15.4877 49.9904
16.6496 27.4956
17.2504 15.8722
27.5619 5.9176
32.8838 25.8134
40.9727 28.219
48.9082 44.3621
52.8741 52.4329
53.7887 56.7564
54.2945 59.1496
56.3783 68.9999
56.6421 70.2478
56.787 73.0513
51.7402 73.3091
47.5821 47.7961
50 50
