OFV: 348.5321870859925
Runtime: 0.04398250998929143
Gap: None
repPt: {0: (50, 50), 18: (40.857934930792325, 54.35799112662927), 17: (37.929085742998275, 31.04805610593098), 20: (37.20845761889708, 25.327454117049694), 19: (33.863085296859886, 10.85065975803963), 1: (32.45366848855311, 8.701865959423667), 2: (30.514827080660176, 27.309915606550536), 16: (16.360681285700487, 35.60581259945401), 15: (15.612600608321575, 25.10270251193701), 7: (15.899589099704167, 24.39927979517191), 8: (26.449956129569102, 52.53087807644712), 13: (27.24301132008823, 54.62514411665059), 14: (37.549401630099325, 81.85830590907317), 12: (81.15371833900623, 102.61840324373065), 11: (80.06014794306344, 87.34725869213821), 4: (79.69028627091689, 82.17878233409843), 3: (78.22020633251289, 61.63043986479427), 6: (92.14864676260432, 67.82186815715298), 5: (91.47231221301863, 53.50721820046863), 10: (91.38227846180098, 51.60074212518286), 9: (90.48643577680302, 32.63375435623951)}
lowerBound: 348.5321818920985
upperBound: 348.5321870859925
solType: IP_Optimal
Path: 
50 50
40.8579 54.358
37.9291 31.0481
37.2085 25.3275
33.8631 10.8507
32.4537 8.7019
30.5148 27.3099
16.3607 35.6058
15.6126 25.1027
15.8996 24.3993
26.45 52.5309
27.243 54.6251
37.5494 81.8583
81.1537 102.6184
80.0601 87.3473
79.6903 82.1788
78.2202 61.6304
92.1486 67.8219
91.4723 53.5072
91.3823 51.6007
90.4864 32.6338
50 50
