OFV: 321.30766349264184
Runtime: 29.26584627298871
Gap: -2.5513387528624242e-08
repPt: {0: (50, 50), 8: (55.05191006964397, 50.38072081603377), 7: (53.43126357228357, 39.15454582215435), 10: (53.344134211373046, 38.55636489346713), 9: (51.10724480551134, 23.073076871052304), 12: (50.613095506223765, 19.66483389929862), 11: (48.771395929159915, 6.921299045271661), 15: (88.07805189398611, 25.53011839114854), 16: (89.69900608759087, 47.336186018755605), 1: (90.0266491798311, 51.74351391312217), 2: (91.83758839219774, 76.09391278501698), 4: (65.94548929541023, 100.58443188682764), 3: (58.65032713708113, 74.09061990740734), 6: (21.801331629645613, 56.05193804770356), 5: (13.136016380283156, 27.920754914795282), 13: (15.189802324321512, 30.494652507112146), 14: (23.198872614746946, 40.526111050159955)}
solType: IP_Optimal
lowerBound: 321.30767169028877
upperBound: 321.30766349264184
Path: 
50 50
55.0519 50.3807
53.4313 39.1545
53.3441 38.5564
51.1072 23.0731
50.6131 19.6648
48.7714 6.9213
88.0781 25.5301
89.699 47.3362
90.0266 51.7435
91.8376 76.0939
65.9455 100.5844
58.6503 74.0906
21.8013 56.0519
13.136 27.9208
15.1898 30.4947
23.1989 40.5261
50 50
