OFV: 845.1903540241576
Runtime: 922.3833474270068
Gap: None
Path: 
50 50
44.1619 51.5674
42.4042 42.2128
41.4547 37.1618
40.9474 34.4648
39.9346 29.0765
38.2305 20.006
36.3404 9.9454
40.2771 9.4481
40.2771 9.4481
40.966 19.0458
18.3599 24.4662
15.3851 10.7798
20.0439 12.2107
24.8184 32.7785
26.4074 39.6276
27.8317 45.7621
27.7993 58.1178
27.8734 60.2305
27.9225 61.6282
27.9762 63.1572
28.0222 64.4697
28.0913 66.4334
28.1871 69.1404
28.955 76.1824
29.1486 77.9512
29.7046 83.043
29.7136 83.1248
29.7226 83.2068
8.2467 81.3792
7.8703 63.1981
13.5708 55.3708
16.0669 69.5858
19.1445 87.1066
17.4874 89.2551
21.0693 104.5473
23.4113 114.5494
52.74 124.6703
52.2653 107.9229
51.9365 96.3715
54.7827 93.5815
54.695 82.526
54.6267 73.8718
54.6026 70.8089
46.5457 58.0441
42.0273 74.7532
42.028 74.7285
42.0287 74.7033
42.3681 62.7051
43.7703 60.5782
44.1745 55.3639
44.7669 47.7459
51.2434 31.7769
63.2394 16.059
63.2394 16.059
64.1667 22.6656
65.0004 28.608
65.8664 34.7764
66.6269 40.1873
66.8443 41.7294
67.0671 43.3098
68.1716 51.1593
69.1397 58.0385
69.183 58.3454
69.2304 58.6823
69.2756 59.0022
69.9886 64.0684
71.7865 76.8523
71.9684 78.1429
72.685 83.2336
79.5844 106.3158
88.3681 105.8724
87.4094 90.9214
86.4824 76.3727
85.4355 60.0362
85.0131 53.4594
82.7027 24.3323
79.0046 23.2062
78.9148 12.9472
90.0495 5.5836
91.8378 12.0271
93.4688 17.9052
94.6709 22.2393
94.9714 26.6831
95.3311 32.0043
95.6208 36.2863
95.8578 39.7882
96.2912 46.2033
96.7629 53.1884
96.914 55.4214
98.4233 77.8514
65.5486 89.4406
63.6838 80.6361
62.9949 77.3779
61.6861 71.1928
59.9414 62.9527
58.3862 55.6056
56.4989 46.6963
55.0247 42.7508
54.6455 42.3884
54.2797 42.0388
50 50
