OFV: 285.1552221873087
Runtime: 0.7912591240019538
Gap: -1.9031285796620436e-08
repPt: {0: (50, 50), 8: (10.488994829858374, 66.29559836281342), 7: (7.629684225850198, 46.12316030060865), 12: (5.377976878343753, 30.237365980914305), 11: (2.808800104805541, 5.015065515986278), 1: (10.358636571894525, 24.162594181605073), 5: (16.467199179577293, 45.62611472014759), 2: (21.12461023817118, 61.988397722334284), 6: (24.39225712065219, 73.47204467346029), 3: (70.12613738721748, 76.76774234584352), 4: (71.76023153703008, 90.81148308838085), 10: (64.86439726667162, 88.8232416056501), 9: (55.026547561932695, 60.44365846726594)}
solType: IP_Optimal
lowerBound: 285.15522761417924
upperBound: 285.1552221873087
Path: 
50 50
10.489 66.2956
7.6297 46.1232
5.378 30.2374
2.8088 5.0151
10.3586 24.1626
16.4672 45.6261
21.1246 61.9884
24.3923 73.472
70.1261 76.7677
71.7602 90.8115
64.8644 88.8232
55.0265 60.4437
50 50
