OFV: 896.8218137341905
Runtime: 91.07380286802072
Gap: None
Path: 
50 50
55.9831 51.1923
55.8961 43.946
55.7988 35.833
55.6839 26.2202
55.5743 16.9225
55.4884 9.7521
74.5134 8.7555
74.101 29.8277
73.9509 35.0513
73.6102 46.8049
68.1909 41.2434
73.5161 56.0122
92.5348 57.4497
97.9897 74.8074
100.0005 62.6442
98.1175 47.8435
96.9307 38.5282
92.0351 8.1254
90.7244 10.0112
89.0878 30.3794
86.8864 35.5178
86.8844 35.531
86.2929 39.5059
86.4621 55.6616
86.5231 61.3457
83.8808 63.2466
83.9 64.4012
83.7038 76.9088
83.6123 82.7452
83.5039 89.6549
83.3955 96.5268
83.3005 102.5506
83.1423 111.8426
82.9988 120.2774
89.8883 118.7594
85.9146 98.8107
72.1904 106.1052
64.6875 84.8004
63.0014 80.0071
60.4004 72.6135
56.821 62.4394
54.4268 55.6334
54.4139 55.5965
54.4107 55.5981
53.8557 55.8954
54.2541 59.4509
54.8789 65.0448
55.8376 72.6632
56.3377 76.6348
56.9397 81.4126
57.5099 85.9406
58.238 91.724
59.6683 103.1051
62.0974 122.4805
51.7634 119.031
48.2261 99.9454
46.0462 88.1742
40.6093 84.0536
14.0643 79.5768
18.0294 114.3283
8.4319 125.6484
6.2981 95.9929
6.2985 94.0561
6.305 79.8186
6.3173 58.0405
6.3283 40.0518
6.6801 39.2999
13.5997 54.6621
25.1096 54.3964
25.1096 54.3964
24.4031 39.9797
21.1017 33.5917
9.7326 37.6642
5.7484 20.7462
3.7113 6.2848
4.333 6.1867
22.7761 3.2841
34.6738 36.0063
35.61 38.6927
39.3154 49.3116
50 50
