OFV: 421.8300530718579
Runtime: 0.02049161307513714
Gap: None
repPt: {0: (50, 50), 8: (42.79121660632501, 49.149000461864105), 7: (37.991425306011365, 16.31584652776383), 13: (5.988851014932235, 5.345990052932768), 14: (12.151256077703819, 34.46420559718144), 9: (35.964340048481304, 31.714878343197068), 10: (46.10719850639326, 64.24187889698781), 17: (48.9461271339404, 70.62487761090222), 18: (55.53080835319743, 101.81126253635978), 16: (87.55961411603505, 115.98820104540118), 15: (87.47516043665675, 84.99451776493213), 3: (87.46689079973045, 82.19925417744336), 4: (88.24030850417803, 100.77029108168918), 20: (65.29593464113434, 92.15601946964848), 19: (58.73717722708213, 70.00801818011364), 6: (60.30764950808922, 77.42576714235463), 5: (59.405932585895805, 60.657030980312655), 12: (59.761299722663544, 61.86877807804828), 11: (54.75190315079609, 27.303311539953388), 1: (54.43637212514211, 26.915303326149502), 2: (54.861211038072014, 44.029805571219974)}
lowerBound: 421.8300244146378
upperBound: 421.8300530718579
solType: IP_Optimal
Path: 
50 50
42.7912 49.149
37.9914 16.3158
5.9889 5.346
12.1513 34.4642
35.9643 31.7149
46.1072 64.2419
48.9461 70.6249
55.5308 101.8113
87.5596 115.9882
87.4752 84.9945
87.4669 82.1993
88.2403 100.7703
65.2959 92.156
58.7372 70.008
60.3076 77.4258
59.4059 60.657
59.7613 61.8688
54.7519 27.3033
54.4364 26.9153
54.8612 44.0298
50 50
