OFV: 260.4811976104559
Runtime: 2.1078023899754044
Gap: -4.2911490536860684e-07
repPt: {0: (50, 50), 1: (31.45671092540156, 60.95828990254546), 2: (36.486348662526154, 87.28976986995562), 9: (39.82811265404817, 86.9613444562975), 10: (43.53753404555191, 99.19609803260713), 11: (8.442143729154797, 91.28099780782217), 12: (5.554621310540837, 106.40429177192439), 8: (4.029221947468127, 107.38685835848581), 7: (5.593114134832597, 82.12836799767415), 4: (12.778872280581858, 62.57456721115399), 3: (16.653136459291787, 41.80761889625302), 5: (21.81201209035022, 14.162418688531407), 6: (33.28385399509039, 39.13157302378481)}
solType: IP_Optimal
lowerBound: 260.4813093868204
upperBound: 260.4811976104559
Path: 
50 50
31.4567 60.9583
36.4863 87.2898
39.8281 86.9613
43.5375 99.1961
8.4421 91.281
5.5546 106.4043
4.0292 107.3869
5.5931 82.1284
12.7789 62.5746
16.6531 41.8076
21.812 14.1624
33.2839 39.1316
50 50
