OFV: 268.2423740605009
Runtime: 40.1583934030059
Gap: 1.399180870092278e-07
repPt: {0: (50, 50), 1: (92.08647351218107, 39.113033499908745), 2: (91.89990417955516, 56.2489629934148), 14: (36.380838434280335, 101.05741183943198), 13: (31.77979201701729, 88.38208675431576), 12: (29.438572446298316, 81.93078707455238), 6: (27.986605055103173, 77.92894657091477), 11: (24.688931636386382, 65.2198589182552), 5: (21.905774439385834, 54.46276464452972), 4: (20.420224186923402, 47.74620565101428), 10: (18.838841814574977, 29.047637236208175), 3: (17.88957985964851, 17.797693106346717), 9: (18.349310711185396, 17.790600142366355), 7: (30.68645754137308, 17.611283294596824), 8: (44.56291210049758, 40.87839082894164)}
solType: IP_Optimal
lowerBound: 268.24233652854105
upperBound: 268.2423740605009
Path: 
50 50
92.0865 39.113
91.8999 56.249
36.3808 101.0574
31.7798 88.3821
29.4386 81.9308
27.9866 77.9289
24.6889 65.2199
21.9058 54.4628
20.4202 47.7462
18.8388 29.0476
17.8896 17.7977
18.3493 17.7906
30.6865 17.6113
44.5629 40.8784
50 50
