OFV: 263.1132440386608
Runtime: 3.8067151169962017
Gap: -1.469484162623966e-07
repPt: {0: (50, 50), 3: (68.84855272951008, 26.85321817955638), 7: (69.45786972602316, 38.12677474692455), 4: (69.50448452575134, 39.00399620858182), 8: (70.19007085731225, 61.82474634768216), 9: (74.08445785259339, 61.628885395109336), 10: (76.76300063224585, 83.22962290734445), 1: (72.97497848693112, 86.2973451681121), 2: (69.59662525631644, 95.66393664614544), 5: (56.22931684850256, 90.68937819017496), 6: (54.448083297600576, 120.40195991089834), 14: (31.593948256684055, 118.2233547537606), 13: (29.18214865653686, 97.97830980521992), 12: (28.979180906582478, 93.97785781413354), 11: (28.04123804754811, 75.47299811579651), 16: (27.508227903287295, 64.996147945809), 15: (26.78758334124501, 50.87665513313943)}
solType: IP_Optimal
lowerBound: 263.1132827027353
upperBound: 263.1132440386608
Path: 
50 50
68.8486 26.8532
69.4579 38.1268
69.5045 39.004
70.1901 61.8247
74.0845 61.6289
76.763 83.2296
72.975 86.2973
69.5966 95.6639
56.2293 90.6894
54.4481 120.402
31.5939 118.2234
29.1821 97.9783
28.9792 93.9779
28.0412 75.473
27.5082 64.9961
26.7876 50.8767
50 50
