OFV: 375.99775103799095
Runtime: 3602.5197550629964
Gap: 0.1641178717847416
repPt: {0: (50, 50), 4: (46.597175680742744, 32.34444758975477), 3: (44.069492294762156, 19.216984235989173), 7: (24.749251543241026, 11.146759824611308), 5: (24.311491956961714, 13.569491351483837), 8: (22.556119204729484, 23.311544670905416), 6: (20.89225016667414, 32.54498035485977), 15: (16.299948998163554, 58.071652058743865), 16: (21.890648108446705, 87.83445559845102), 19: (51.89294165503335, 99.5917805959795), 20: (62.093936605758685, 127.53431236446647), 14: (75.43062777533912, 125.16993962116402), 13: (79.61132761359866, 100.5142751895835), 12: (96.96634729848876, 44.03842696744887), 18: (96.82536573667657, 37.79512598539733), 11: (95.25224789700226, 27.161590736744216), 17: (95.23968723214377, 27.076116503262398), 1: (83.92385856176259, 27.970031332841238), 9: (80.59957786242452, 29.952126316526954), 10: (82.28454508934571, 42.87436291056683), 2: (83.26262559047326, 50.355640967770945)}
solType: IP_TimeLimit
lowerBound: 314.28980034178676
upperBound: 375.99775103799095
Path: 
50 50
46.5972 32.3444
44.0695 19.217
24.7493 11.1468
24.3115 13.5695
22.5561 23.3115
20.8923 32.545
16.2999 58.0717
21.8906 87.8345
51.8929 99.5918
62.0939 127.5343
75.4306 125.1699
79.6113 100.5143
96.9663 44.0384
96.8254 37.7951
95.2522 27.1616
95.2397 27.0761
83.9239 27.97
80.5996 29.9521
82.2845 42.8744
83.2626 50.3556
50 50
