OFV: 352.80570912247214
Runtime: 46.74737666401779
Gap: 5.446347609287064e-09
repPt: {0: (50, 50), 10: (89.25917522853125, 38.79757500783167), 9: (87.71901765439755, 23.889257770851152), 3: (15.790729509105482, 18.674637532419847), 4: (15.626813449404452, 39.23066544088486), 5: (15.228959246417563, 89.11611252541097), 6: (14.996571696989042, 118.24875825338466), 8: (16.312705414069665, 113.5249015003067), 7: (22.202517062383716, 92.3981124705553), 14: (37.02437764282271, 92.55784886961503), 13: (41.511232579400925, 73.80109873905003), 1: (49.75361189703395, 75.38590480115897), 2: (54.78233361545893, 87.3013833769915), 12: (55.094952368460355, 86.45158942966174), 11: (57.92340721736219, 78.7823357354635), 16: (59.19187790386647, 78.68125018157554), 15: (55.317390349332406, 51.950453223943306)}
solType: IP_Optimal
lowerBound: 352.8057072009696
upperBound: 352.80570912247214
Path: 
50 50
89.2592 38.7976
87.719 23.8893
15.7907 18.6746
15.6268 39.2307
15.229 89.1161
14.9966 118.2488
16.3127 113.5249
22.2025 92.3981
37.0244 92.5578
41.5112 73.8011
49.7536 75.3859
54.7823 87.3014
55.095 86.4516
57.9234 78.7823
59.1919 78.6813
55.3174 51.9505
50 50
