OFV: 804.9764265508027
Runtime: 32.8914184049936
Gap: None
Path: 
50 50
61.8283 52.3389
61.3698 44.4627
60.5994 31.1385
60.7536 22.5444
67.5563 31.2181
72.8094 47.114
77.2985 60.6998
82.2773 75.7646
84.7671 78.4076
90.746 93.571
96.2832 91.6226
96.9498 72.9683
97.6005 54.7515
95.5851 25.9571
85.936 37.6782
86.404 56.4497
86.4053 56.5014
87.0971 84.1305
56.7911 116.4466
57.301 108.2765
56.0075 96.9155
59.4275 99.1452
58.1088 87.1789
57.164 78.6191
56.747 74.8513
56.161 69.551
55.5014 63.5804
53.5512 45.8397
52.9641 40.5169
43.4155 10.0575
38.7463 8.7646
39.3425 31.836
11.8615 16.6288
7.0751 4.2124
4.1719 2.7444
7.907 17.6597
9.6684 24.5151
13.0981 37.8251
17.1161 52.3765
21.1275 66.901
16.2373 67.3807
19.2798 92.817
9.3179 79.622
9.5366 84.4326
9.6248 86.3806
10.1316 97.4301
10.6632 109.0202
11.154 119.7308
25.9074 106.3772
26.716 96.1379
27.701 83.6844
28.3873 74.9748
28.9737 69.4875
37.2026 97.2297
43.368 110.2475
43.4347 109.4561
44.3695 98.427
45.1079 94.7828
44.1785 78.1284
43.0051 57.0637
50 50
