OFV: 167.7708787681334
Runtime: 66.05198557599215
Gap: 1.2414165666845712e-07
repPt: {0: (50, 50), 9: (46.52268402860902, 49.42803688075343), 10: (40.437345806638255, 70.08167594480854), 12: (34.14374841576924, 79.81844213741843), 11: (35.82655312273013, 71.54855308623455), 8: (36.66103854608619, 68.22193264237072), 7: (41.40278786551887, 49.32447194395993), 4: (44.72449489022366, 42.11015870851043), 3: (52.44650937295784, 24.844963139170424), 1: (69.61265238745906, 18.763602789463196), 2: (70.89281743550478, 21.464405416673785), 13: (70.89281792428264, 21.464406361564755), 14: (76.36702561684146, 41.83490317529505), 6: (71.32417899707391, 40.66275557975809), 5: (66.38168651063488, 38.46672809653616)}
solType: IP_Optimal
lowerBound: 167.77085794077857
upperBound: 167.7708787681334
Path: 
50 50
46.5227 49.428
40.4373 70.0817
34.1437 79.8184
35.8266 71.5486
36.661 68.2219
41.4028 49.3245
44.7245 42.1102
52.4465 24.845
69.6127 18.7636
70.8928 21.4644
70.8928 21.4644
76.367 41.8349
71.3242 40.6628
66.3817 38.4667
50 50
