OFV: 665.0174017947515
Runtime: 106.80871303996537
Gap: None
Path: 
50 50
50.9788 52.7911
51.7373 54.9553
52.316 56.6076
52.857 58.1527
53.9921 61.3882
54.4884 62.806
55.7308 66.3464
57.1154 70.2908
57.8364 72.348
58.6453 74.6558
59.8136 77.9861
61.0945 81.6368
61.9209 83.9946
63.6447 88.9033
66.6054 97.3035
70.8139 101.9058
92.0081 74.5351
96.0282 62.0718
95.2046 55.8808
94.1205 47.7324
92.9742 39.1161
90.6688 24.7087
88.4318 10.7482
81.6613 11.4357
81.6337 11.9383
80.9412 24.4089
80.3994 34.2098
80.7145 38.0833
80.7872 38.9655
81.2955 45.2106
81.6215 49.197
82.1229 55.3452
82.5085 60.0629
82.6959 62.3467
83.1118 67.4364
83.7531 75.326
84.3852 83.0873
85.0017 90.6621
85.2526 93.7227
85.6398 98.4604
86.086 103.9281
86.5656 109.8082
87.0605 115.8734
79.1282 116.5363
63.9353 117.8003
55.4056 117.2418
52.4504 99.4554
51.5067 93.7726
45.7351 90.6669
41.3043 88.2824
9.0597 100.0782
9.3016 121.7358
14.0863 113.5957
12.9346 97.011
12.0064 83.6408
11.5048 76.433
10.6076 63.4964
10.004 54.8178
9.1734 42.8476
8.7636 36.9619
8.2711 29.8851
7.5762 19.864
6.8101 8.8173
7.5015 8.696
20.3236 6.4609
23.8135 24.5826
26.3963 37.9958
27.4298 43.3753
28.7698 50.3448
29.9973 49.2027
32.1007 47.245
41.9288 31.5081
52.4597 14.6494
54.3159 20.2882
56.3583 26.4942
58.4529 32.8601
60.3702 38.6861
61.8375 43.1431
64.3234 50.7179
66.1709 54.1071
50 50
