OFV: 702.7535288545524
Runtime: 40.59467542299535
Gap: None
repPt: {0: (50, 50), 8: (51.177515302309935, 54.99651116234793), 7: (38.56144922906109, 28.548101397452115), 50: (35.02095348882935, 25.26630551743798), 49: (27.615588027450965, 7.981154400590986), 25: (19.0473519784545, 16.751461140115133), 26: (16.010729717254836, 48.019303878093304), 20: (15.685507634470639, 51.37390404049419), 19: (8.334147697945093, 33.38176518951042), 37: (5.611066410566236, 33.78520414510635), 38: (9.403431054932359, 60.328651780148796), 41: (9.775148004791802, 62.93288758034539), 42: (13.320115899123856, 87.73954074615584), 33: (6.564565797051641, 85.19144250120472), 34: (11.400935345828337, 112.8380625087669), 56: (23.103549299511226, 119.3247742730126), 55: (24.309030691837307, 105.04676182078623), 40: (24.339415868822346, 104.68538823181862), 39: (25.07797025825115, 95.93904105481238), 46: (25.188760590618358, 94.62328747791607), 45: (27.15974108345913, 71.28077930299948), 27: (34.068058279825735, 69.12221335289627), 28: (34.821208533049116, 74.33201835650001), 35: (34.88837690238603, 74.79770935017945), 36: (38.120304856466184, 97.15520402591378), 57: (41.93069859115854, 97.06581705621754), 58: (45.76806958496127, 107.8623126546719), 15: (45.8949626610736, 106.17917667358712), 16: (51.42210807091932, 117.70352460128441), 30: (51.4221205666103, 117.70351331024617), 29: (50.130341579110436, 86.90146739149637), 23: (50.069898785107895, 85.46464691871037), 24: (58.15515158462663, 107.48300679917648), 44: (60.9213175974333, 106.07172580698783), 43: (65.39404984878627, 83.75276321796233), 5: (65.73072818483801, 82.0715265155381), 6: (71.21197661113717, 95.85534569472168), 47: (71.76020573147888, 97.23561024498633), 48: (78.76154587747527, 114.84209346569287), 32: (92.1673059289684, 106.34942226597697), 31: (93.65970102257651, 80.71235573125709), 2: (93.91435433816854, 76.3163339317007), 1: (94.31154861948038, 69.46575876360407), 60: (96.22783717352803, 70.93615384660606), 59: (92.79850098639125, 59.46778111898829), 12: (84.26738144094621, 30.947555170967664), 11: (79.11291122335662, 13.711631286447709), 9: (79.11292484057415, 13.711636098732914), 10: (80.89649846464289, 19.3578770949767), 4: (80.13801714773469, 18.77023468786797), 3: (73.59472892209855, 12.654739818309528), 53: (69.08827538636633, 19.36180669996178), 54: (61.60722740324141, 48.593926057636764), 13: (54.97568516384243, 50.13222576828168), 14: (55.67446694190092, 65.8733108688611), 22: (55.67448572095257, 65.87330165846429), 21: (56.8025150506614, 57.754424329560166), 17: (56.58521078888869, 60.16575918060824), 18: (55.56633027078848, 71.43422684740213), 52: (52.87737685230667, 71.65887671465875), 51: (48.976088158430954, 49.29416306355343)}
lowerBound: 702.753497462244
upperBound: 702.7535288545524
solType: IP_Optimal
Path: 
50 50
51.1775 54.9965
38.5614 28.5481
35.021 25.2663
27.6156 7.9812
19.0474 16.7515
16.0107 48.0193
15.6855 51.3739
8.3341 33.3818
5.6111 33.7852
9.4034 60.3287
9.7751 62.9329
13.3201 87.7395
6.5646 85.1914
11.4009 112.8381
23.1035 119.3248
24.309 105.0468
24.3394 104.6854
25.078 95.939
25.1888 94.6233
27.1597 71.2808
34.0681 69.1222
34.8212 74.332
34.8884 74.7977
38.1203 97.1552
41.9307 97.0658
45.7681 107.8623
45.895 106.1792
51.4221 117.7035
51.4221 117.7035
50.1303 86.9015
50.0699 85.4646
58.1552 107.483
60.9213 106.0717
65.394 83.7528
65.7307 82.0715
71.212 95.8553
71.7602 97.2356
78.7615 114.8421
92.1673 106.3494
93.6597 80.7124
93.9144 76.3163
94.3115 69.4658
96.2278 70.9362
92.7985 59.4678
84.2674 30.9476
79.1129 13.7116
79.1129 13.7116
80.8965 19.3579
80.138 18.7702
73.5947 12.6547
69.0883 19.3618
61.6072 48.5939
54.9757 50.1322
55.6745 65.8733
55.6745 65.8733
56.8025 57.7544
56.5852 60.1658
55.5663 71.4342
52.8774 71.6589
48.9761 49.2942
50 50
