OFV: 212.9949771065747
Runtime: 2.436271821963601
Gap: 1.308932835569761e-08
repPt: {0: (50, 50), 7: (36.76833216107189, 49.2639938622063), 8: (35.109266954445225, 68.98735272186886), 11: (31.698816436372937, 71.31011046430667), 12: (32.54083742926819, 83.48634450929401), 10: (44.052062072818906, 71.79632372661948), 9: (45.33475920224615, 45.104679191783035), 4: (48.580425447037534, 43.37158249588613), 3: (50.047129431110974, 21.568417263781765), 1: (71.3323371598303, 15.139652844002184), 13: (73.45342241523892, 18.106776905458617), 2: (75.55881579891204, 28.097085636950197), 14: (79.07741599135728, 44.80115739214506), 6: (70.66093555728638, 44.738071083993134), 5: (65.26229435009353, 34.467897146306065)}
solType: IP_Optimal
lowerBound: 212.99497431861352
upperBound: 212.9949771065747
Path: 
50 50
36.7683 49.264
35.1093 68.9874
31.6988 71.3101
32.5408 83.4863
44.0521 71.7963
45.3348 45.1047
48.5804 43.3716
50.0471 21.5684
71.3323 15.1397
73.4534 18.1068
75.5588 28.0971
79.0774 44.8012
70.6609 44.7381
65.2623 34.4679
50 50
