OFV: 171.30850398500831
Runtime: 27.641172946008737
Gap: -9.53849721248297e-08
repPt: {0: (50, 50), 1: (58.959801196189524, 58.35758902893081), 2: (68.24170417667595, 69.06232183019291), 8: (76.70375772453507, 78.82291135683175), 7: (77.15763657229441, 50.03720731415173), 3: (79.47485720672218, 48.247598382097), 4: (77.71152703461382, 60.59653290309025), 5: (77.62882907658194, 61.1756858452462), 6: (74.2471334440184, 84.85329847304725), 10: (63.16822486000669, 95.82700381524606), 9: (57.89435944778861, 77.48137681944442), 12: (54.68011759717832, 66.29211773955437), 11: (50.31150282554914, 51.086288093198135)}
solType: IP_Optimal
lowerBound: 171.3085203252652
upperBound: 171.30850398500831
Path: 
50 50
58.9598 58.3576
68.2417 69.0623
76.7038 78.8229
77.1576 50.0372
79.4749 48.2476
77.7115 60.5965
77.6288 61.1757
74.2471 84.8533
63.1682 95.827
57.8944 77.4814
54.6801 66.2921
50.3115 51.0863
50 50
