OFV: 403.32541586414106
Runtime: 37.14097768400097
Gap: -5.424222744989544e-07
repPt: {0: (50, 50), 7: (94.15701126834705, 8.14795596427288), 19: (95.37153309149123, 15.148231940567536), 8: (97.54356923609224, 27.690479302123517), 11: (93.07595163174831, 31.937626850180635), 20: (93.33089549969573, 39.51095456652135), 17: (93.58470129583048, 47.015657134168606), 12: (93.69306649852494, 50.17449242416268), 18: (94.55272832380344, 75.95495079702965), 10: (65.08873254594853, 112.74006270125057), 9: (59.3712760711632, 97.01420120356426), 6: (33.57865592957039, 71.30992683363229), 5: (25.282751835267316, 52.18698607999232), 1: (15.35866581757363, 50.78220176169789), 2: (16.463658307492466, 64.22251976037805), 16: (19.54812177792794, 64.30966355894464), 15: (17.70926110408134, 32.83230754796323), 13: (31.77829606370058, 9.954304139405126), 3: (37.1460312056661, 36.02330360583698), 14: (37.94085549454077, 41.35682672454653), 4: (40.89958736882022, 61.108505131849185)}
solType: IP_Optimal
lowerBound: 403.3256346368305
upperBound: 403.32541586414106
Path: 
50 50
94.157 8.148
95.3715 15.1482
97.5436 27.6905
93.076 31.9376
93.3309 39.511
93.5847 47.0157
93.6931 50.1745
94.5527 75.955
65.0887 112.7401
59.3713 97.0142
33.5787 71.3099
25.2828 52.187
15.3587 50.7822
16.4637 64.2225
19.5481 64.3097
17.7093 32.8323
31.7783 9.9543
37.146 36.0233
37.9409 41.3568
40.8996 61.1085
50 50
