OFV: 337.26240685864667
Runtime: 42.86838384499424
Gap: -8.49617529721342e-08
repPt: {0: (50, 50), 7: (85.97888780129914, 8.914500525136395), 8: (82.57443247693962, 28.26681810870012), 1: (59.716844303310545, 64.17079136138516), 2: (59.63552833074269, 87.82681484988055), 5: (75.9416120403014, 83.24062184560387), 6: (77.58719231167066, 95.96611182850816), 3: (63.313767995487, 90.99506170454033), 4: (59.130057378751836, 118.47135411794532), 14: (35.00508991746231, 101.73315665239677), 13: (26.25370267883535, 83.94472733546154), 10: (21.309898212545313, 73.89105603768972), 9: (14.557169143705918, 60.160481120111186), 12: (12.664884065829341, 62.55297907523823), 11: (11.798119215997927, 55.90251562770898)}
solType: IP_Optimal
lowerBound: 337.26243551305197
upperBound: 337.26240685864667
Path: 
50 50
85.9789 8.9145
82.5744 28.2668
59.7168 64.1708
59.6355 87.8268
75.9416 83.2406
77.5872 95.9661
63.3138 90.9951
59.1301 118.4714
35.0051 101.7332
26.2537 83.9447
21.3099 73.8911
14.5572 60.1605
12.6649 62.553
11.7981 55.9025
50 50
