OFV: 346.9104521619995
Runtime: 0.029190995963290334
Gap: None
repPt: {0: (50, 50), 16: (59.3396771120899, 44.71339394868437), 15: (56.97495733265905, 19.832911951630535), 7: (58.87655725553183, 19.52278099269143), 8: (65.24620291900544, 42.93042197226939), 12: (85.92565588915456, 53.98097170831239), 11: (83.37159549397886, 40.400053219269545), 17: (81.26392347195346, 36.472914240733246), 18: (83.6075238828053, 62.204027396516516), 9: (78.57314468259192, 69.14437115980134), 10: (75.41868804722715, 89.44042034087565), 6: (48.73875262614056, 95.16751376076007), 5: (43.38762930973478, 80.9114580556468), 13: (15.51713835408999, 76.10750526137582), 14: (15.144054846023659, 103.42245016209755), 2: (10.052535157873113, 104.16512491668526), 1: (6.601822277522491, 84.99756464282318), 4: (35.819068121894766, 81.83904649097491), 3: (38.44042642565356, 63.92065143461868)}
lowerBound: 346.91041221686874
upperBound: 346.9104521619995
solType: IP_Optimal
Path: 
50 50
59.3397 44.7134
56.975 19.8329
58.8766 19.5228
65.2462 42.9304
85.9257 53.981
83.3716 40.4001
81.2639 36.4729
83.6075 62.204
78.5731 69.1444
75.4187 89.4404
48.7388 95.1675
43.3876 80.9115
15.5171 76.1075
15.1441 103.4225
10.0525 104.1651
6.6018 84.9976
35.8191 81.839
38.4404 63.9207
50 50
