OFV: 294.5976283077953
Runtime: 0.7324903309927322
Gap: 7.017969302921498e-08
repPt: {0: (50, 50), 3: (69.65578263173094, 25.00622464253557), 4: (71.75238995194208, 37.595573662328256), 7: (67.37283271484242, 40.462339455552836), 8: (68.46323375482444, 63.00327081291731), 9: (75.7486091916589, 60.36772060824457), 10: (78.91641103436899, 83.41720831612798), 1: (71.19229396892888, 85.33530167639192), 2: (70.27776832618595, 97.55854965775086), 5: (55.04393834711662, 89.0722089737909), 6: (55.65866151800336, 122.00160482080112), 14: (30.172754406494036, 119.63120024144948), 13: (27.187569505724756, 98.12738169088307), 12: (27.03010577623203, 94.55071148426451), 11: (26.195308631514536, 75.57846476567056), 16: (25.83337301307298, 65.68270439379874), 15: (25.24328351346434, 49.599128368564145)}
solType: IP_Optimal
lowerBound: 294.59760763302415
upperBound: 294.5976283077953
Path: 
50 50
69.6558 25.0062
71.7524 37.5956
67.3728 40.4623
68.4632 63.0033
75.7486 60.3677
78.9164 83.4172
71.1923 85.3353
70.2778 97.5585
55.0439 89.0722
55.6587 122.0016
30.1728 119.6312
27.1876 98.1274
27.0301 94.5507
26.1953 75.5785
25.8334 65.6827
25.2433 49.5991
50 50
