OFV: 813.8987862183251
Runtime: 79.28676012495998
Gap: None
Path: 
50 50
36.907 60.0655
33.8888 55.5703
30.9188 51.147
29.0053 27.9205
26.0601 23.7949
22.3847 18.6461
10.3569 8.0012
9.4361 29.4318
9.2766 33.1171
17.5229 67.381
19.0985 72.4947
23.7834 89.5953
24.6148 92.6223
25.9821 97.6023
27.4001 112.5352
27.1353 115.8276
14.81 119.3192
6.8505 92.5617
14.6309 97.2969
15.1479 83.2753
15.7209 67.7857
19.1381 57.4719
21.8455 49.2998
24.8853 57.9393
26.7068 63.1182
32.1406 78.5323
34.1233 85.2867
35.7052 90.6765
38.6865 100.8278
45.0816 122.5829
49.9661 129.2411
50.2267 101.8248
50.3291 90.8385
49.296 86.3255
48.2215 81.6339
46.3993 73.6691
45.3473 69.0757
45.0109 64.0036
44.4693 55.8164
43.9458 47.9695
43.1991 36.7025
43.1991 36.7025
49.5284 32.8949
54.9538 57.3414
56.6317 64.9135
59.6706 74.639
69.763 64.3532
71.9517 62.1205
73.5649 77.4646
74.14 82.9647
74.9396 90.6086
75.6678 97.5719
76.6147 106.6135
77.1102 111.3528
84.7002 115.1492
88.8087 111.3631
88.77 111.1697
86.1999 98.3353
87.5833 98.2877
93.1298 98.0975
95.6262 94.5836
92.2671 74.727
92.1286 72.491
98.1918 67.0343
98.1918 67.0343
102.4384 80.8102
88.2497 73.9924
88.2497 73.9924
86.6406 49.0441
86.4983 46.8293
86.6994 45.1073
87.8335 35.3351
88.6991 27.8907
89.702 19.259
88.9374 6.4083
88.9374 6.4083
67.7823 35.7507
63.3058 41.9641
59.8935 51.0087
58.3297 52.1951
50 50
