OFV: 1234.9282465143688
Runtime: 2.2646205709315836
Gap: None
repPt: {0: (50, 50), 67: (49.926054278680866, 51.57251193375926), 68: (48.52708724136466, 81.25645614537704), 32: (46.42215169978933, 80.88394438178119), 31: (41.42681897783056, 62.58753613017926), 33: (40.775020581722885, 63.9398343924389), 34: (35.506173477549595, 79.30655321184973), 38: (33.30694549395145, 85.71574390111323), 37: (29.218298266129768, 53.32189096904843), 30: (31.7100681506783, 57.235035549336985), 29: (30.812672576320896, 31.82585292407851), 78: (34.31801010574098, 31.64113621107381), 77: (34.18077289548239, 5.458507303851668), 79: (27.23283755129831, 7.9553636230117215), 80: (26.856373504827733, 23.509413864936057), 49: (25.427222745142668, 24.24834410531649), 50: (27.365989642348282, 46.86492613117818), 35: (17.99637129313534, 39.60016787017309), 36: (22.652547540491263, 74.3685619002729), 70: (22.913384053381538, 75.51372283618147), 69: (23.615325287977317, 53.307686769585814), 4: (25.313959805380296, 52.92083230416518), 3: (20.3108919157506, 21.645762460540666), 41: (10.167877709358367, 21.264388950911584), 42: (8.266404042710878, 39.79102672111771), 55: (4.482120530387357, 40.22359583754379), 56: (8.264582594804883, 65.22316235332708), 54: (7.447371726460322, 64.09503311028644), 53: (4.2100277697198445, 48.15059218224929), 25: (9.487381782535728, 44.097597711887545), 26: (9.749076489249097, 69.85960308227183), 17: (3.4847777233077584, 85.90183098324351), 18: (8.727904542201754, 116.32316527662587), 44: (8.652349880250737, 115.35567422994669), 43: (6.675432108360961, 90.08855927200321), 45: (28.90437444659324, 101.20581787782284), 46: (34.07414276140339, 128.86256350196072), 72: (55.95206150127487, 109.49632479163843), 71: (55.59445250689916, 92.08439955928488), 64: (53.300901512316834, 102.12690767425192), 63: (54.1136322913455, 83.41041369748358), 51: (60.85965887030033, 84.38802891161711), 52: (71.22789796913462, 116.98159162557145), 22: (76.6136511934709, 113.57986847576747), 21: (78.21136618268667, 84.69997846823792), 61: (78.2347222141474, 85.07143401490285), 62: (79.46392330571949, 104.60308773347072), 65: (79.2418705033192, 96.66727997639192), 66: (87.17138045486777, 125.56659967486915), 12: (86.41014015757412, 120.6763413230557), 11: (82.33243396623183, 94.48219598429105), 40: (84.18151858461825, 98.76444541205117), 39: (84.04580621626445, 80.81411083935328), 76: (93.96649597992428, 74.29333968112108), 75: (95.75525887247483, 61.69966635336462), 1: (95.87684149527661, 62.78473168787063), 2: (99.13689794196858, 91.96152538832729), 20: (99.24329927700212, 92.91100272017314), 19: (97.36618490299635, 61.68379671035621), 74: (96.88848504582272, 53.73959335802674), 73: (94.89275859586918, 20.54231910941841), 57: (94.84790859603902, 19.796351622760216), 58: (95.31663605885194, 32.10560896590197), 7: (94.51414117915279, 22.692347499103512), 8: (95.51270161112065, 39.85879777451448), 13: (83.85206288455042, 41.09012567587227), 14: (82.91267699195541, 53.413790782773546), 59: (82.01782042758445, 50.15497242030721), 60: (83.73945021645798, 71.926256503233), 16: (76.31788930927205, 65.56897779713043), 15: (67.72846535374305, 36.48196420357295), 5: (67.66365059951207, 37.44160853780447), 6: (66.53237380840486, 54.13539249092722), 9: (60.72847452404196, 53.71414195372599), 10: (63.14176581552718, 84.15239510868807), 48: (58.680249884479274, 69.48185459548576), 47: (51.292678532504546, 45.194491410118246), 28: (47.56035142181447, 45.12909218527259), 27: (43.422799854658166, 20.15409544579531), 23: (45.28888699303405, 30.073958663948375), 24: (49.35865056874019, 51.711170817311505)}
lowerBound: 1234.9281717839644
upperBound: 1234.9282465143688
solType: IP_Optimal
Path: 
50 50
49.9261 51.5725
48.5271 81.2565
46.4222 80.8839
41.4268 62.5875
40.775 63.9398
35.5062 79.3066
33.3069 85.7157
29.2183 53.3219
31.7101 57.235
30.8127 31.8259
34.318 31.6411
34.1808 5.4585
27.2328 7.9554
26.8564 23.5094
25.4272 24.2483
27.366 46.8649
17.9964 39.6002
22.6525 74.3686
22.9134 75.5137
23.6153 53.3077
25.314 52.9208
20.3109 21.6458
10.1679 21.2644
8.2664 39.791
4.4821 40.2236
8.2646 65.2232
7.4474 64.095
4.21 48.1506
9.4874 44.0976
9.7491 69.8596
3.4848 85.9018
8.7279 116.3232
8.6523 115.3557
6.6754 90.0886
28.9044 101.2058
34.0741 128.8626
55.9521 109.4963
55.5945 92.0844
53.3009 102.1269
54.1136 83.4104
60.8597 84.388
71.2279 116.9816
76.6137 113.5799
78.2114 84.7
78.2347 85.0714
79.4639 104.6031
79.2419 96.6673
87.1714 125.5666
86.4101 120.6763
82.3324 94.4822
84.1815 98.7644
84.0458 80.8141
93.9665 74.2933
95.7553 61.6997
95.8768 62.7847
99.1369 91.9615
99.2433 92.911
97.3662 61.6838
96.8885 53.7396
94.8928 20.5423
94.8479 19.7964
95.3166 32.1056
94.5141 22.6923
95.5127 39.8588
83.8521 41.0901
82.9127 53.4138
82.0178 50.155
83.7395 71.9263
76.3179 65.569
67.7285 36.482
67.6637 37.4416
66.5324 54.1354
60.7285 53.7141
63.1418 84.1524
58.6802 69.4819
51.2927 45.1945
47.5604 45.1291
43.4228 20.1541
45.2889 30.074
49.3587 51.7112
50 50
