OFV: 265.32962831688917
Runtime: 5.6537261529992975
Gap: -4.898838359138878e-07
repPt: {0: (50, 50), 3: (9.3690493511492, 37.70321325070454), 4: (12.335831146552467, 57.84679515855076), 11: (44.9884342238566, 99.61273493887961), 12: (51.22453768185048, 107.61286459918288), 6: (67.17284916562903, 91.62126459117707), 10: (69.88404608494297, 85.04138132201484), 5: (73.43509111756117, 76.42628210372904), 9: (76.71406372920535, 68.4747349041758), 8: (89.17814499503883, 64.66754871923779), 7: (87.98589573132104, 39.64480654095997), 1: (64.57002612131895, 27.145613968791665), 2: (58.38294655380288, 37.45995221293889)}
solType: IP_Optimal
lowerBound: 265.3297582975853
upperBound: 265.32962831688917
Path: 
50 50
9.369 37.7032
12.3358 57.8468
44.9884 99.6127
51.2245 107.6129
67.1728 91.6213
69.884 85.0414
73.4351 76.4263
76.7141 68.4747
89.1781 64.6675
87.9859 39.6448
64.57 27.1456
58.3829 37.46
50 50
