OFV: 272.7647337292564
Runtime: 0.010914332000538707
Gap: None
repPt: {0: (50, 50), 8: (51.2289405344066, 51.861506823280806), 7: (49.97388959612437, 35.35347468484704), 1: (41.45072943176062, 45.39727232740055), 2: (38.407085174102676, 71.0978460225006), 11: (7.348405147461017, 57.56292158372631), 12: (10.21336584318528, 74.4843024131259), 5: (17.285860266045137, 96.15749937862725), 6: (27.976261048382284, 128.95586651359608), 4: (69.73243030584659, 79.51850999270383), 3: (68.24861965064581, 65.48274547195464), 10: (53.2827807673885, 61.940829405809495), 9: (50.290116034724655, 51.05574313546606)}
lowerBound: 272.7647205893026
upperBound: 272.7647337292564
solType: IP_Optimal
Path: 
50 50
51.2289 51.8615
49.9739 35.3535
41.4507 45.3973
38.4071 71.0978
7.3484 57.5629
10.2134 74.4843
17.2859 96.1575
27.9763 128.9559
69.7324 79.5185
68.2486 65.4827
53.2828 61.9408
50.2901 51.0557
50 50
