OFV: 852.7680975785134
Runtime: 3600.9653576142155
Gap: None
repPt: {0: (50, 50), 5: (50.087824740148996, 48.19848333959646), 6: (59.011170336724376, 69.92673169743856), 20: (62.91681164972056, 63.76025213044866), 19: (65.68391879650312, 50.69998152818235), 35: (65.95662045362535, 52.01640580226683), 36: (67.82299482786163, 61.04353858862592), 29: (67.82299937856595, 61.04355095633051), 30: (71.65547619933612, 85.09202365155575), 9: (63.36201081047925, 82.03745366729522), 10: (71.85686129551053, 104.7590776284323), 16: (87.47576804443165, 109.9439668692034), 15: (87.37726639361607, 99.84234491985698), 23: (87.51551033266836, 100.15573256701505), 24: (95.44645228227736, 118.12953549594188), 76: (97.26309048095106, 119.58092006757457), 75: (90.65820460355775, 91.31055511394732), 18: (87.1272627828953, 83.25376958993199), 17: (85.0805460959945, 78.58278058914661), 44: (86.31781600869722, 82.86924862607029), 43: (86.30825685950856, 66.83757955901298), 70: (86.30825986927246, 66.83758946490389), 69: (87.45216915173924, 60.08087437035081), 78: (88.17527682550751, 55.80786111273642), 77: (92.50204140295098, 30.26018872859111), 39: (94.63571064487965, 30.272931428839875), 40: (99.5305941678797, 51.138105184625076), 54: (100.40049454642859, 54.8458076651771), 53: (100.42444462777839, 37.83198862534457), 68: (101.23388322700926, 39.54879644172358), 67: (96.99606478288639, 24.78283731518244), 2: (96.88053790956714, 24.37960990133979), 1: (94.58483423690924, 16.380345916752074), 4: (94.49741782846334, 16.075204569955453), 3: (92.17695560474017, 7.989453172867821), 41: (76.97454460010367, 11.124825481332254), 42: (72.28020353796862, 35.11932584644867), 64: (70.25661267755494, 29.43313945434835), 63: (65.62311609789083, 16.41726275585372), 37: (32.23028986723395, 14.751610886519398), 38: (28.0228135672544, 30.647191627810965), 47: (25.474284716551946, 28.588781557788053), 48: (25.660329697454674, 38.87763872208295), 52: (25.454370433511837, 38.16252696272448), 51: (17.921823880291793, 11.976081448392009), 27: (17.893387839376196, 12.03563387447949), 28: (15.518028433377355, 17.010429360662286), 45: (12.683348786684096, 12.434283479463932), 46: (17.64501184758572, 24.515802640629648), 13: (17.64895774941271, 24.52541797030687), 14: (19.562920907588936, 29.186058303803797), 79: (22.699683040114078, 27.742024435861957), 80: (23.31232481048755, 51.78479469431124), 59: (21.856545261415263, 61.804868935613655), 60: (20.68416716195789, 69.86892273169653), 49: (19.896489436607517, 75.2925312694444), 50: (18.967335340096717, 81.68568751751329), 61: (17.537665651453416, 82.20815066246648), 62: (13.828018541978382, 108.12824437602997), 58: (13.76100557307965, 108.5969524078652), 57: (16.69468446083807, 93.43994475975835), 71: (16.782997994282056, 92.98331675763885), 72: (21.341540719488947, 106.3223124724583), 21: (23.22947844775377, 95.2962375347051), 22: (28.010296503348123, 115.25130098464741), 8: (27.783667178028278, 114.71726603136985), 7: (17.945239223066388, 91.52110371083515), 25: (17.870677514777782, 91.34541070919367), 26: (20.720961931868423, 111.57937397219435), 56: (20.79445174711585, 112.10063725275887), 55: (25.696524268906654, 83.02432241284737), 73: (37.906752575062775, 75.57969424584641), 74: (45.59302983670594, 92.98622542204707), 34: (47.45688430924159, 91.99858073151177), 33: (52.51650482435889, 74.1619277082331), 65: (52.51651597254734, 74.16192188426707), 66: (53.8578810333149, 82.55083921282942), 12: (53.807813512892245, 81.94533141129817), 11: (52.24257293256248, 63.053141860511154), 32: (54.59635994795443, 67.92561679697613), 31: (50.60318643250071, 52.353781571115675)}
lowerBound: 844.0760134871289
upperBound: 852.7680975785134
solType: IP_TimeLimit
Path: 
50 50
50.0878 48.1985
59.0112 69.9267
62.9168 63.7603
65.6839 50.7
65.9566 52.0164
67.823 61.0435
67.823 61.0436
71.6555 85.092
63.362 82.0375
71.8569 104.7591
87.4758 109.944
87.3773 99.8423
87.5155 100.1557
95.4465 118.1295
97.2631 119.5809
90.6582 91.3106
87.1273 83.2538
85.0805 78.5828
86.3178 82.8692
86.3083 66.8376
86.3083 66.8376
87.4522 60.0809
88.1753 55.8079
92.502 30.2602
94.6357 30.2729
99.5306 51.1381
100.4005 54.8458
100.4244 37.832
101.2339 39.5488
96.9961 24.7828
96.8805 24.3796
94.5848 16.3803
94.4974 16.0752
92.177 7.9895
76.9745 11.1248
72.2802 35.1193
70.2566 29.4331
65.6231 16.4173
32.2303 14.7516
28.0228 30.6472
25.4743 28.5888
25.6603 38.8776
25.4544 38.1625
17.9218 11.9761
17.8934 12.0356
15.518 17.0104
12.6833 12.4343
17.645 24.5158
17.649 24.5254
19.5629 29.1861
22.6997 27.742
23.3123 51.7848
21.8565 61.8049
20.6842 69.8689
19.8965 75.2925
18.9673 81.6857
17.5377 82.2082
13.828 108.1282
13.761 108.597
16.6947 93.4399
16.783 92.9833
21.3415 106.3223
23.2295 95.2962
28.0103 115.2513
27.7837 114.7173
17.9452 91.5211
17.8707 91.3454
20.721 111.5794
20.7945 112.1006
25.6965 83.0243
37.9068 75.5797
45.593 92.9862
47.4569 91.9986
52.5165 74.1619
52.5165 74.1619
53.8579 82.5508
53.8078 81.9453
52.2426 63.0531
54.5964 67.9256
50.6032 52.3538
50 50
