OFV: 383.2650367061772
Runtime: 68.8907505759853
Gap: 3.01932670269493e-08
repPt: {0: (50, 50), 11: (28.764676834515647, 45.750665648983954), 12: (27.351632135470776, 72.06776913724413), 7: (26.432521496321737, 89.20407261246879), 8: (25.25110925688633, 111.24007082423603), 14: (30.56659512763511, 105.98809018395292), 13: (33.51135111511122, 88.81401305076682), 5: (58.003524385113124, 90.23216049510536), 6: (66.98327233568051, 103.84690558578616), 4: (70.95860387884451, 100.40347978990411), 3: (72.896594891807, 80.58820449595568), 10: (87.71891045526932, 88.18588655523806), 9: (84.84387546888587, 72.39073275695377), 16: (73.42881140651218, 35.57235605605983), 15: (65.74038336888981, 10.775154845695159), 1: (31.550387518428394, 7.4168225928400595), 2: (35.45885906822045, 31.064084717354156), 17: (35.74479029552971, 32.795575313223736), 18: (40.85397676401017, 63.71234864598061)}
solType: IP_Optimal
lowerBound: 383.26502513415363
upperBound: 383.2650367061772
Path: 
50 50
28.7647 45.7507
27.3516 72.0678
26.4325 89.2041
25.2511 111.2401
30.5666 105.9881
33.5114 88.814
58.0035 90.2322
66.9833 103.8469
70.9586 100.4035
72.8966 80.5882
87.7189 88.1859
84.8439 72.3907
73.4288 35.5724
65.7404 10.7752
31.5504 7.4168
35.4589 31.0641
35.7448 32.7956
40.854 63.7123
50 50
