OFV: 264.565337824913
Runtime: 0.0173307410441339
Gap: None
repPt: {0: (50, 50), 4: (71.69646406147226, 47.54106695318359), 3: (76.5454601008515, 31.051614027904563), 11: (79.5305338172358, 27.598005744863194), 12: (86.1308852946092, 55.703660752439), 1: (88.9705766731044, 67.79189773769556), 2: (96.56857904092548, 100.13651961053918), 10: (95.41966290688427, 100.80707450792538), 9: (86.651804718545, 90.2291490561066), 6: (44.222417264128666, 99.93870606746046), 5: (36.57356726455289, 79.40406078512655), 8: (19.55489987933491, 82.69405692020626), 7: (18.27292907563011, 73.86480523996997)}
lowerBound: 264.5653207987879
upperBound: 264.565337824913
solType: IP_Optimal
Path: 
50 50
71.6965 47.5411
76.5455 31.0516
79.5305 27.598
86.1309 55.7037
88.9706 67.7919
96.5686 100.1365
95.4197 100.8071
86.6518 90.2291
44.2224 99.9387
36.5736 79.4041
19.5549 82.6941
18.2729 73.8648
50 50
