OFV: 318.63803743309853
Runtime: 3601.538810211001
Gap: 0.13612185377177227
repPt: {0: (50, 50), 12: (34.125160564680975, 49.4284741674234), 11: (23.787368897264322, 38.84518118701916), 9: (8.775170613217634, 27.41852033923463), 10: (16.288522239642802, 47.80396301349781), 13: (41.96923411211514, 81.80718804945437), 1: (43.397772309925685, 83.69975340626516), 14: (45.056264652119694, 119.10567440361753), 2: (50.325773254349905, 117.43968550859293), 8: (87.58545925442822, 105.64357905635862), 16: (90.91289528075235, 95.54095225283021), 18: (90.1140953279637, 90.98892466726541), 15: (88.59393731548876, 82.30902507116403), 7: (88.0835382253272, 79.4055100122706), 17: (91.98072031701865, 68.28386016625129), 5: (95.44140100170972, 67.3957779235987), 6: (99.48298638856589, 83.56906998425214), 4: (58.47805621614506, 54.41369784787375), 3: (52.43139828885325, 47.299544274750446)}
solType: IP_TimeLimit
lowerBound: 275.2644370955058
upperBound: 318.63803743309853
Path: 
50 50
34.1252 49.4285
23.7874 38.8452
8.7752 27.4185
16.2885 47.804
41.9692 81.8072
43.3978 83.6998
45.0563 119.1057
50.3258 117.4397
87.5855 105.6436
90.9129 95.541
90.1141 90.9889
88.5939 82.309
88.0835 79.4055
91.9807 68.2839
95.4414 67.3958
99.483 83.5691
58.4781 54.4137
52.4314 47.2995
50 50
