OFV: 413.9330541374794
Runtime: 24.60201265302021
Gap: None
Path: 
50 50
64.1493 53.2133
64.7027 63.4205
65.8107 83.7716
66.1151 89.5927
66.8991 104.6396
67.0605 107.7106
61.898 91.2659
59.0877 82.3063
56.0945 72.7638
50.3187 54.3668
43.3904 67.0589
41.743 83.8658
40.4527 97.0464
39.4006 107.7995
27.3856 105.5357
24.8094 103.7706
21.1575 101.2673
20.0945 95.696
19.2474 91.2538
17.132 80.1752
14.7902 67.9066
14.5438 66.6145
14.2396 61.9481
13.9618 57.6879
12.7191 38.4861
12.3745 33.1972
12.648 32.0574
16.3668 16.5628
28.259 19.3786
35.9563 28.352
64.8446 30.476
60.9607 11.4577
46.9661 9.2333
47.1799 10.5233
48.3563 17.655
48.822 20.4677
50.3811 29.9119
51.8 38.527
50.9736 43.8006
50.1263 49.1982
50 50
