OFV: 305.7785011568799
Runtime: 0.22406619801768102
Gap: 4.98242150692549e-08
repPt: {0: (50, 50), 1: (83.93196078897181, 11.371674387073428), 2: (87.46404516808421, 37.54860940860364), 5: (88.44455437729914, 44.82594893898105), 6: (96.72709333344449, 77.03670486891225), 7: (96.94739780546298, 77.17614146925006), 8: (99.60898924146598, 103.42200045791), 9: (95.33463389024313, 101.23473537509494), 10: (92.73136052133235, 127.28144381430657), 4: (31.995344964504255, 85.83469184228198), 3: (25.614974066326354, 55.23551223380001)}
solType: IP_Optimal
lowerBound: 305.7784859217061
upperBound: 305.7785011568799
Path: 
50 50
83.932 11.3717
87.464 37.5486
88.4446 44.8259
96.7271 77.0367
96.9474 77.1761
99.609 103.422
95.3346 101.2347
92.7314 127.2814
31.9953 85.8347
25.615 55.2355
50 50
