OFV: 300.009367017631
Runtime: 345.19574948900845
Gap: -1.9374966213694928e-07
repPt: {0: (50, 50), 8: (53.18796826301387, 49.48516930992676), 7: (52.345249520290565, 39.506524080430125), 10: (52.055747877975875, 36.092277472368906), 9: (50.9476086127918, 22.905828271631282), 12: (50.316928719496644, 15.41408927965877), 11: (49.753199552815914, 8.676886711194804), 15: (86.40050425725194, 26.619956822337375), 16: (87.89779850094, 47.148069778013024), 1: (88.27768006973159, 52.34680592594171), 2: (89.95950029272859, 75.40559285966496), 4: (66.0994196205047, 98.5624553151795), 3: (57.13054220261205, 75.39101107099509), 6: (23.44463214782237, 54.90043004838882), 5: (14.558918128335971, 29.405145728543353), 13: (17.451047643195054, 32.21999390881185), 14: (24.200801259196727, 38.78760398805103)}
solType: IP_Optimal
lowerBound: 300.0094251443445
upperBound: 300.009367017631
Path: 
50 50
53.188 49.4852
52.3452 39.5065
52.0557 36.0923
50.9476 22.9058
50.3169 15.4141
49.7532 8.6769
86.4005 26.62
87.8978 47.1481
88.2777 52.3468
89.9595 75.4056
66.0994 98.5625
57.1305 75.391
23.4446 54.9004
14.5589 29.4051
17.451 32.22
24.2008 38.7876
50 50
