OFV: 573.7884252343486
Runtime: 19.880983744980767
Gap: None
Path: 
50 50
71.3924 45.641
75.7771 29.9448
85.237 37.2414
84.6395 13.7652
89.8611 18.6847
95.3208 42.5551
95.0862 48.1171
94.5295 61.3175
93.9507 75.0412
93.3958 88.1975
93.1817 94.1642
90.4905 99.032
89.062 117.7334
88.5332 124.6944
74.5252 96.7501
69.4661 86.6627
65.8808 77.5452
60.2325 63.1959
54.4661 61.5252
54.1435 79.0158
53.9321 90.5959
53.8409 95.6215
53.6982 103.406
52.201 105.8747
41.4492 103.1782
33.2211 69.2083
29.8002 64.0877
25.767 58.05
18.1107 46.5771
17.3302 45.5223
5.4792 29.5096
6.7758 56.6414
7.9825 81.8818
11.6807 112.6588
23.8442 107.3315
22.6875 102.0641
20.7618 93.271
18.4531 93.3839
18.4891 74.9473
20.2622 70.9754
50 50
