OFV: 319.813805631987
Runtime: 5.63617976999376
Gap: 4.818047051267429e-08
repPt: {0: (50, 50), 4: (32.63277635255493, 40.36461164249461), 3: (28.21455120048433, 33.376378266543355), 7: (19.656968391234447, 42.42006770658866), 1: (19.815743605022053, 54.86296095366266), 8: (19.897301971175793, 61.24346550726899), 2: (20.073528737994874, 75.0589270327441), 9: (20.09559765179531, 76.79029010998063), 10: (21.64191660813776, 98.54009219916759), 11: (22.07852739767521, 100.37244678813444), 12: (29.906680972649, 133.2132905651428), 6: (60.81899354476921, 119.31116142018907), 5: (63.5541964598171, 86.79865667902297), 14: (77.04894620535312, 54.902098100674685), 13: (73.57989907023556, 26.20367689830093), 15: (50.15267398950732, 17.606367420648244), 16: (50.018070351944274, 46.18192075926685)}
solType: IP_Optimal
lowerBound: 319.8137902232074
upperBound: 319.813805631987
Path: 
50 50
32.6328 40.3646
28.2146 33.3764
19.657 42.4201
19.8157 54.863
19.8973 61.2435
20.0735 75.0589
20.0956 76.7903
21.6419 98.5401
22.0785 100.3724
29.9067 133.2133
60.819 119.3112
63.5542 86.7987
77.0489 54.9021
73.5799 26.2037
50.1527 17.6064
50.0181 46.1819
50 50
