OFV: 1028.346563033625
Runtime: 120.26125645893626
Gap: None
Path: 
50 50
54.8339 46.1402
58.8056 62.3
60.7024 54.6797
58.694 42.592
58.5683 41.8383
55.5748 23.8187
61.8745 29.2168
60.2865 18.6161
59.7371 4.9247
59.6894 3.7528
76.5048 4.9404
77.6391 10.9795
81.2737 30.3039
81.8074 33.148
82.7681 38.2652
86.9589 60.5353
95.5086 44.6001
95.9003 36.3616
95.3725 11.2654
96.8815 9.0862
96.9903 11.1305
97.8837 27.8918
74.3495 22.1802
75.0844 31.1626
75.7787 39.6432
76.8233 46.2815
77.2912 49.2581
79.4985 63.2871
81.108 73.5246
81.1194 73.5973
89.2572 76.5925
97.3918 110.6093
84.1179 116.9583
82.7638 112.3846
76.3069 90.5929
74.6216 101.7175
72.7671 88.2357
67.869 90.5274
65.4818 77.0695
61.8839 72.7887
47.5649 70.0768
51.2276 85.8374
63.8292 93.4463
65.0607 115.625
44.601 103.1432
41.9732 85.4006
39.2567 67.0594
37.1621 52.9134
20.8713 57.4028
20.0592 57.2526
18.371 56.9397
17.471 32.3904
17.3484 29.0121
17.139 23.2531
2.8241 26.097
2.9711 53.4902
3.0944 76.4162
3.2841 78.0397
3.5838 80.5846
5.1025 93.4984
5.7427 98.9167
8.5653 108.9111
15.7538 130.1501
14.4677 98.0351
14.3143 94.24
13.1647 65.5261
17.4988 67.1246
23.516 101.1447
25.2225 98.1663
27.6227 88.9317
27.5204 76.4212
27.4004 61.6382
27.2143 50.6389
26.8875 31.1027
26.704 20.2677
26.4657 6.1643
36.3564 16.1463
40.3165 20.1413
44.107 45.9562
45.1912 53.3466
50 50
