OFV: 316.8817620008633
Runtime: 0.3748618300014641
Gap: 4.017260792615163e-08
repPt: {0: (50, 50), 4: (74.06626205972213, 50.79116625469438), 3: (73.11396856629362, 28.978432984690222), 11: (80.20738902492499, 23.6310291613752), 12: (88.06279645352846, 54.30407570774568), 1: (91.64125939241093, 68.27885073141978), 2: (100.22188003265593, 101.76771969077457), 10: (95.14646010497242, 104.85320894220227), 9: (87.69635034379068, 86.34794962797142), 6: (42.427889228913806, 103.51822680485884), 5: (38.55455820391105, 75.92882237761712), 8: (16.89913455785101, 85.74624260231954), 7: (14.543974972260989, 72.41268664758034)}
solType: IP_Optimal
lowerBound: 316.88174927089653
upperBound: 316.8817620008633
Path: 
50 50
74.0663 50.7912
73.114 28.9784
80.2074 23.631
88.0628 54.3041
91.6413 68.2789
100.2219 101.7677
95.1465 104.8532
87.6964 86.3479
42.4279 103.5182
38.5546 75.9288
16.8991 85.7462
14.544 72.4127
50 50
