OFV: 328.0761812395137
Runtime: 3601.9510548629987
Gap: 0.13726319841200188
repPt: {0: (50, 50), 13: (38.624886331006564, 61.8281125278535), 3: (36.4477594958133, 66.22355287062545), 9: (35.763441858773156, 67.60439071098133), 14: (35.24314492176207, 75.94589932197829), 10: (34.89382101879007, 81.54752218843382), 4: (34.590297207624396, 86.41198736501721), 17: (34.225353812558836, 92.24932274053218), 18: (32.70319726881063, 116.46041984137963), 12: (18.848895575095774, 102.77708160199806), 11: (12.790851609049685, 80.25786356406212), 16: (30.95105419818676, 32.82934508432255), 15: (39.140450777991454, 10.844177803889629), 5: (71.79426376442746, 9.16841931460356), 6: (77.58061747536021, 16.548309796028295), 7: (95.48948192281212, 11.51539351995331), 8: (94.94973361511052, 29.37973371736392), 1: (94.88211528731196, 31.630056346960608), 2: (94.47026353420401, 45.33702629172977)}
solType: IP_TimeLimit
lowerBound: 283.04339527978243
upperBound: 328.0761812395137
Path: 
50 50
38.6249 61.8281
36.4478 66.2236
35.7634 67.6044
35.2431 75.9459
34.8938 81.5475
34.5903 86.412
34.2254 92.2493
32.7032 116.4604
18.8489 102.7771
12.7909 80.2579
30.9511 32.8293
39.1405 10.8442
71.7943 9.1684
77.5806 16.5483
95.4895 11.5154
94.9497 29.3797
94.8821 31.6301
94.4703 45.337
50 50
