OFV: 265.32978581279065
Runtime: 0.05249936191830784
Gap: None
repPt: {0: (50, 50), 2: (58.38724783508896, 37.45308635856925), 1: (64.57076448029439, 27.145386590794395), 7: (87.98335935394697, 39.64077043741969), 8: (89.17660341004694, 64.66977277636688), 9: (76.71072140381946, 68.47775084912331), 10: (70.84671955943594, 82.70375957339394), 5: (70.04394472208978, 84.65661877448647), 6: (67.17432358095427, 91.61908589884104), 12: (51.218677133675776, 107.61253197089695), 11: (44.9789194606054, 99.60186785527932), 4: (12.33345709425615, 57.84126300340804), 3: (9.369605825060251, 37.70270710143181)}
lowerBound: 265.32977082938174
upperBound: 265.32978581279065
solType: IP_Optimal
Path: 
50 50
58.3872 37.4531
64.5708 27.1454
87.9834 39.6408
89.1766 64.6698
76.7107 68.4778
70.8467 82.7038
70.0439 84.6566
67.1743 91.6191
51.2187 107.6125
44.9789 99.6019
12.3335 57.8413
9.3696 37.7027
50 50
