OFV: 290.22734191750544
Runtime: 0.4443399670126382
Gap: 1.9027608827082066e-07
repPt: {0: (50, 50), 11: (10.326847803040284, 45.31026113131544), 12: (13.641251624930627, 60.15635675990095), 3: (17.62692312769756, 62.598202432780404), 4: (24.093542735582282, 97.70965017221715), 10: (24.223048616786713, 98.41281101980059), 9: (24.159104703991545, 74.75327403982872), 1: (56.72665295129854, 66.91635555967433), 2: (65.58333436756244, 84.89237286361691), 5: (94.70007986014853, 82.60005987524939), 6: (97.44506671763598, 95.77236494703598), 8: (97.44428625458274, 95.76891997210207), 7: (90.04594144086408, 65.47970161051545)}
solType: IP_Optimal
lowerBound: 290.2272866941821
upperBound: 290.22734191750544
Path: 
50 50
10.3268 45.3103
13.6413 60.1564
17.6269 62.5982
24.0935 97.7097
24.223 98.4128
24.1591 74.7533
56.7267 66.9164
65.5833 84.8924
94.7001 82.6001
97.4451 95.7724
97.4443 95.7689
90.0459 65.4797
50 50
