OFV: 344.7525779649254
Runtime: 1.571196670003701
Gap: 2.2710978349584947e-08
repPt: {0: (50, 50), 1: (94.6677853718194, 36.049373928858216), 2: (95.47896883389897, 58.036675404597496), 14: (35.54292275856991, 104.98711671779796), 13: (32.138045866665095, 87.85728566946476), 12: (30.67222486190486, 80.4810218918954), 11: (26.976980564751806, 61.89169889940855), 6: (21.55079564169341, 77.01050220430773), 5: (17.755460194441905, 55.63958577255639), 4: (16.48049300228777, 48.4584582888151), 3: (14.739892711093031, 15.299735130193572), 9: (14.739892820780907, 15.29973481650813), 10: (18.19678605638473, 30.40774622068274), 7: (33.45434975397759, 14.429698970315677), 8: (43.43043034634213, 43.688503412441214)}
solType: IP_Optimal
lowerBound: 344.7525701352571
upperBound: 344.7525779649254
Path: 
50 50
94.6678 36.0494
95.479 58.0367
35.5429 104.9871
32.138 87.8573
30.6722 80.481
26.977 61.8917
21.5508 77.0105
17.7555 55.6396
16.4805 48.4585
14.7399 15.2997
14.7399 15.2997
18.1968 30.4077
33.4543 14.4297
43.4304 43.6885
50 50
