OFV: 340.3030238667917
Runtime: 0.04380261595360935
Gap: None
repPt: {0: (50, 50), 13: (62.230084242151925, 39.47905280080981), 14: (66.41574390116779, 54.98156679109263), 2: (66.41585977766485, 54.98154160067417), 1: (69.72652289310534, 44.732860222623685), 11: (92.54467295998371, 40.17231025962297), 12: (96.88308647561388, 60.94969837316596), 10: (92.23683110798302, 59.65340092040301), 9: (86.85792862124174, 51.56305940608763), 15: (73.97903176013317, 51.09114462051864), 16: (74.06001000930554, 70.35884036416725), 7: (75.25621532298248, 69.11604015159892), 8: (80.94926092365162, 94.28590879734269), 17: (76.58948988046507, 81.35222766060402), 18: (75.62532692312546, 100.9755327043706), 3: (73.00257686128148, 99.88872533912996), 4: (69.3405802395376, 113.34669667503263), 6: (12.970657902705064, 97.31638324697174), 5: (9.825470147478356, 74.82605627817863)}
lowerBound: 340.3029474137616
upperBound: 340.3030238667917
solType: IP_Optimal
Path: 
50 50
62.2301 39.4791
66.4157 54.9816
66.4159 54.9815
69.7265 44.7329
92.5447 40.1723
96.8831 60.9497
92.2368 59.6534
86.8579 51.5631
73.979 51.0911
74.06 70.3588
75.2562 69.116
80.9493 94.2859
76.5895 81.3522
75.6253 100.9755
73.0026 99.8887
69.3406 113.3467
12.9707 97.3164
9.8255 74.8261
50 50
