OFV: 404.6893245309091
Runtime: 8.885499182000785
Gap: 4.758162398649012e-08
repPt: {0: (50, 50), 6: (49.984330470412175, 48.72178857449076), 5: (49.564452169922546, 12.918279644869681), 15: (78.53235957427755, 31.206094438088662), 16: (82.53606780048413, 50.703087797435664), 11: (85.08979324522532, 42.18391884648056), 12: (86.30501037594536, 56.272001176290495), 9: (87.44901276287223, 94.71957880683728), 10: (87.99969450553276, 113.30022804836547), 4: (15.23379256059761, 89.71495002422758), 3: (12.05238436625599, 58.432376963902094), 1: (24.241665917446223, 33.688857424456906), 2: (32.23220180760636, 60.86394715804762), 7: (32.232204787362306, 60.86395085592757), 8: (34.3817066664454, 79.40795168508222), 14: (34.16669580058665, 72.26344014524383), 13: (33.3750878970814, 45.74180498397659)}
solType: IP_Optimal
lowerBound: 404.68930527513385
upperBound: 404.6893245309091
Path: 
50 50
49.9843 48.7218
49.5645 12.9183
78.5324 31.2061
82.5361 50.7031
85.0898 42.1839
86.305 56.272
87.449 94.7196
87.9997 113.3002
15.2338 89.715
12.0524 58.4324
24.2417 33.6889
32.2322 60.8639
32.2322 60.864
34.3817 79.408
34.1667 72.2634
33.3751 45.7418
50 50
