OFV: 345.45846616783757
Runtime: 14.63065916398773
Gap: -8.853551894244072e-08
repPt: {0: (50, 50), 13: (62.77043472185152, 37.55235561992862), 1: (63.43769857834265, 41.47206574722259), 14: (65.71990560460407, 56.859223281501386), 15: (69.89559968368235, 50.438490137846884), 2: (71.43746717389953, 59.38640477059074), 16: (73.67785210017045, 72.38926032690162), 12: (97.73193415317125, 63.049175216850195), 11: (94.96851471122098, 38.98163305326938), 9: (91.7891760614681, 48.094551562681495), 10: (87.02706971196861, 61.74198680861222), 7: (79.14990801749157, 65.8805060337382), 17: (78.89997163870741, 76.40368177413501), 8: (79.36557558585423, 98.47615835387533), 18: (77.56999192291389, 102.29016989049825), 3: (71.99882204219597, 98.15006247877211), 4: (70.12374380787787, 115.21199072647651), 6: (11.460139001521512, 98.62723727981948), 5: (7.993896684890081, 74.02020530393257)}
solType: IP_Optimal
lowerBound: 345.45849675318215
upperBound: 345.45846616783757
Path: 
50 50
62.7704 37.5524
63.4377 41.4721
65.7199 56.8592
69.8956 50.4385
71.4375 59.3864
73.6779 72.3893
97.7319 63.0492
94.9685 38.9816
91.7892 48.0946
87.0271 61.742
79.1499 65.8805
78.9 76.4037
79.3656 98.4762
77.57 102.2902
71.9988 98.1501
70.1237 115.212
11.4601 98.6272
7.9939 74.0202
50 50
