OFV: 353.5943948779958
Runtime: 3600.916510640993
Gap: 0.09299714955028507
repPt: {0: (50, 50), 12: (47.55383977349379, 35.18434109384315), 11: (43.92375245345712, 13.200468552152568), 16: (33.114940560088925, 32.92706206271205), 15: (25.05538315659122, 9.041113784851074), 1: (5.613678551990043, 8.612697381384159), 2: (10.120551589542986, 25.22071918072342), 3: (10.350206944718108, 26.067059340233516), 4: (17.88899129503263, 53.84685864563719), 18: (31.714247838692636, 68.20115870336707), 17: (36.480955857794974, 57.7038833922435), 13: (38.712095101453386, 52.78924490881621), 14: (45.80826397906055, 74.54601132651972), 10: (85.85065330252165, 112.15166344132831), 9: (84.44659943387656, 85.72935061788644), 6: (83.75897340089756, 72.77844741254049), 5: (83.07501922943881, 59.88195896418533), 8: (71.09024985566705, 54.119178800582375), 7: (63.864545770156596, 50.48146083899157)}
solType: IP_TimeLimit
lowerBound: 320.71112405738427
upperBound: 353.5943948779958
Path: 
50 50
47.5538 35.1843
43.9238 13.2005
33.1149 32.9271
25.0554 9.0411
5.6137 8.6127
10.1206 25.2207
10.3502 26.0671
17.889 53.8469
31.7142 68.2012
36.481 57.7039
38.7121 52.7892
45.8083 74.546
85.8507 112.1517
84.4466 85.7294
83.759 72.7784
83.075 59.882
71.0902 54.1192
63.8645 50.4815
50 50
