OFV: 393.07504967808694
Runtime: 192.3355572950095
Gap: 3.3287074404460935e-08
repPt: {0: (50, 50), 10: (78.60544497794363, 73.248084615329), 9: (80.7820149773062, 41.92267164861073), 13: (91.20459800673125, 29.4926347163169), 14: (95.99281789533966, 58.97037678176697), 6: (83.64678061549701, 55.606671817828634), 5: (73.42799074623636, 26.25317046676583), 7: (73.42799517809237, 26.25321956856082), 8: (75.12702039984984, 49.779970410130176), 16: (68.47926251875367, 47.137439834083054), 15: (60.495127805928504, 29.137641774932096), 12: (38.89301992807552, 19.950752028634067), 11: (31.692233091383017, 4.192796835956108), 1: (22.055028346807315, 19.317500609947103), 2: (25.8657014960087, 36.31244942361613), 19: (35.59494531395295, 60.66374990664586), 20: (45.58706513232256, 88.48594373869247), 18: (44.495814078385266, 80.4540400303563), 17: (41.71479781486154, 59.97065706074063), 4: (47.03753401570546, 57.651012680055544), 3: (49.18845037555437, 44.99997779793081)}
solType: IP_Optimal
lowerBound: 393.0750365937685
upperBound: 393.07504967808694
Path: 
50 50
78.6054 73.2481
80.782 41.9227
91.2046 29.4926
95.9928 58.9704
83.6468 55.6067
73.428 26.2532
73.428 26.2532
75.127 49.78
68.4793 47.1374
60.4951 29.1376
38.893 19.9508
31.6922 4.1928
22.055 19.3175
25.8657 36.3124
35.5949 60.6637
45.5871 88.4859
44.4958 80.454
41.7148 59.9707
47.0375 57.651
49.1885 45.0
50 50
