OFV: 231.1855355081365
Runtime: 1.0513234520039987
Gap: 1.4520825037250182e-07
repPt: {0: (50, 50), 10: (45.3146882965219, 32.19554983136419), 9: (42.20350628216899, 20.372741053239324), 5: (42.27524953820161, 26.065016445771306), 6: (42.494847442415455, 44.42786285994411), 1: (42.78665361900699, 68.78842059490428), 3: (42.89246546076878, 77.68767352795707), 4: (44.977009738496385, 93.63081075645935), 2: (45.6714454909511, 98.9402675331476), 8: (90.94222653738221, 111.81576680530716), 7: (86.93488027423372, 99.37736744644455)}
solType: IP_Optimal
lowerBound: 231.18550193808937
upperBound: 231.1855355081365
Path: 
50 50
45.3147 32.1955
42.2035 20.3727
42.2752 26.065
42.4948 44.4279
42.7867 68.7884
42.8925 77.6877
44.977 93.6308
45.6714 98.9403
90.9422 111.8158
86.9349 99.3774
50 50
