OFV: 891.4839421706823
Runtime: 3601.419071827084
Gap: None
repPt: {0: (50, 50), 30: (49.717912088934455, 49.12331857215281), 29: (42.668719794295264, 27.254843715592983), 12: (42.543230000996445, 26.864567407116827), 11: (39.442980451733945, 17.240633674337957), 51: (38.70137360074981, 14.937095678061816), 52: (41.798284712619385, 40.46230639240434), 48: (41.79828825874403, 40.462306342167594), 47: (42.15531723191316, 37.65256584456038), 31: (40.67329008809035, 41.084689748026996), 32: (34.81417520946671, 54.65627517534885), 49: (34.81417016145666, 54.656269910253755), 50: (34.07211470458894, 75.52710245658857), 25: (33.29526738344686, 73.77464384339476), 26: (28.369139260694606, 93.31332922813353), 28: (25.887103739091277, 96.68492910662125), 27: (22.484748239541172, 86.49841420523352), 69: (21.59000898207914, 83.81702805017756), 70: (22.042536194371127, 87.11164167097077), 1: (22.087903064372718, 87.4437540631569), 2: (24.57830327856834, 105.58536552461672), 81: (25.72586429194198, 104.24817932696656), 82: (25.452117313471273, 124.50802946659002), 86: (21.692633794355153, 122.31873079607303), 85: (13.428438657587792, 101.8336558730549), 76: (13.358130644474615, 101.65926010093553), 75: (10.079352124708201, 93.53115209873722), 64: (10.07240543232744, 93.60212343872057), 63: (9.287438585511559, 78.94471610748349), 90: (9.104871909479142, 75.52933113955619), 89: (7.922920433075718, 53.49187316979252), 78: (7.916646631559267, 53.37429108992045), 77: (7.4426942200085655, 44.524439654251886), 68: (7.377642194131304, 43.30635738348555), 67: (6.756402285525386, 31.72636014157666), 62: (9.543238557222821, 35.773762169194775), 61: (8.789825394786757, 21.711404513262092), 22: (5.7235184381009026, 29.567804776737816), 21: (7.083201902836947, 9.212559295018746), 65: (14.48316783338721, 10.89247174901675), 66: (18.786926212795308, 13.488392777249034), 55: (19.14500779605001, 12.920042734666076), 56: (20.419950030752315, 17.716184313924213), 23: (20.41994933605239, 17.71617600725331), 24: (19.33197338785288, 38.038059630218754), 93: (19.324155502831044, 38.183475624450644), 94: (18.039260294572582, 62.19203857822413), 58: (17.899441441795076, 64.8000000222848), 57: (16.974674220456876, 47.60073477796344), 10: (17.81369633469834, 50.469833690320804), 9: (17.870173958900615, 26.68679355249176), 17: (17.870177955018598, 26.68679132432392), 18: (23.454873716712388, 48.27487232902732), 59: (24.086964376719003, 47.52630917776298), 60: (28.205055919230894, 56.99874894980348), 3: (26.355115383332926, 51.926798216926116), 4: (30.989261735830922, 66.59024125345285), 5: (38.274828429869714, 65.20476860455588), 6: (46.0913634589961, 85.94943326808647), 19: (46.81026386189098, 85.95169588454283), 20: (55.49340416780408, 108.95041287634359), 96: (59.211322746452204, 109.50227880585506), 95: (58.93532678426658, 103.31865844474615), 35: (58.88492007776386, 102.18105954005335), 36: (63.52974685185306, 115.97310327448491), 38: (65.57327967051687, 114.83929191449302), 37: (65.6550607578567, 88.10014429814612), 8: (65.65563003189051, 87.92706094823149), 7: (65.71525553814352, 68.28068047631203), 98: (70.2648696549042, 68.51080755483925), 97: (78.49495872870796, 44.19204800976733), 80: (85.20811975368255, 42.649184657135535), 79: (88.04129650599711, 36.634038333510034), 43: (88.05861390890323, 36.7377777824606), 44: (90.52510993681264, 51.51744012247006), 41: (90.78909852932779, 53.09811907580795), 42: (92.45211461288139, 63.0641926840627), 13: (92.45810721162044, 63.10006067865605), 14: (95.13186700761142, 91.84768746257994), 74: (93.74479161106665, 94.50149763239557), 73: (91.844989628447, 90.46672746348698), 16: (91.26627883629978, 89.23643943593478), 15: (88.84594242253814, 84.09862939960335), 72: (86.71067794915827, 84.5942616336966), 71: (83.36728985390921, 63.55603896391406), 91: (83.36729353087242, 63.556039078383435), 92: (79.92945206149727, 75.19894519816692), 54: (75.78198688254531, 81.70568206341231), 53: (69.81610709148649, 70.43217048969173), 39: (69.81609925223754, 70.43216997274946), 40: (67.39081439701538, 74.33783707280332), 46: (67.39080938012421, 74.33783744557323), 45: (61.89003005402954, 52.07206549415929), 99: (57.02723342861338, 55.58482060252574), 100: (56.3480681570101, 66.15109233429912), 83: (56.34806590546394, 66.15110526571601), 84: (57.014249204487726, 80.9190663877659), 88: (57.01425711329364, 80.91907016036757), 87: (52.368723514027145, 63.54750935032488), 34: (52.312083914732604, 63.33572181291174), 33: (48.393648710276715, 48.68287595169368)}
lowerBound: 867.3773864811081
upperBound: 891.4839421706823
solType: IP_TimeLimit
Path: 
50 50
49.7179 49.1233
42.6687 27.2548
42.5432 26.8646
39.443 17.2406
38.7014 14.9371
41.7983 40.4623
41.7983 40.4623
42.1553 37.6526
40.6733 41.0847
34.8142 54.6563
34.8142 54.6563
34.0721 75.5271
33.2953 73.7746
28.3691 93.3133
25.8871 96.6849
22.4847 86.4984
21.59 83.817
22.0425 87.1116
22.0879 87.4438
24.5783 105.5854
25.7259 104.2482
25.4521 124.508
21.6926 122.3187
13.4284 101.8337
13.3581 101.6593
10.0794 93.5312
10.0724 93.6021
9.2874 78.9447
9.1049 75.5293
7.9229 53.4919
7.9166 53.3743
7.4427 44.5244
7.3776 43.3064
6.7564 31.7264
9.5432 35.7738
8.7898 21.7114
5.7235 29.5678
7.0832 9.2126
14.4832 10.8925
18.7869 13.4884
19.145 12.92
20.42 17.7162
20.4199 17.7162
19.332 38.0381
19.3242 38.1835
18.0393 62.192
17.8994 64.8
16.9747 47.6007
17.8137 50.4698
17.8702 26.6868
17.8702 26.6868
23.4549 48.2749
24.087 47.5263
28.2051 56.9987
26.3551 51.9268
30.9893 66.5902
38.2748 65.2048
46.0914 85.9494
46.8103 85.9517
55.4934 108.9504
59.2113 109.5023
58.9353 103.3187
58.8849 102.1811
63.5297 115.9731
65.5733 114.8393
65.6551 88.1001
65.6556 87.9271
65.7153 68.2807
70.2649 68.5108
78.495 44.192
85.2081 42.6492
88.0413 36.634
88.0586 36.7378
90.5251 51.5174
90.7891 53.0981
92.4521 63.0642
92.4581 63.1001
95.1319 91.8477
93.7448 94.5015
91.845 90.4667
91.2663 89.2364
88.8459 84.0986
86.7107 84.5943
83.3673 63.556
83.3673 63.556
79.9295 75.1989
75.782 81.7057
69.8161 70.4322
69.8161 70.4322
67.3908 74.3378
67.3908 74.3378
61.89 52.0721
57.0272 55.5848
56.3481 66.1511
56.3481 66.1511
57.0142 80.9191
57.0143 80.9191
52.3687 63.5475
52.3121 63.3357
48.3936 48.6829
50 50
