OFV: 208.89304048202743
Runtime: 40.892874115961604
Gap: -2.3303294512419428e-07
repPt: {0: (50, 50), 14: (34.447636660406594, 50.752363805590285), 6: (34.44761554805337, 50.75233087780693), 13: (32.567955314100864, 40.394362055227944), 5: (28.82265242501245, 19.760900702806794), 1: (49.4277800265514, 21.120957835656096), 2: (55.819426960854365, 25.44812015133648), 11: (87.85517945108512, 13.382602162046545), 12: (88.0260346638949, 25.96091817051908), 3: (88.19726429389561, 38.632321916007534), 7: (88.40522646412677, 53.968789525542704), 4: (88.57460670123547, 66.4981345179373), 8: (88.58163174375291, 67.068262001762), 10: (67.13485001774073, 58.95171783427053), 9: (58.556218985267535, 48.09596703025995)}
solType: IP_Optimal
lowerBound: 208.89308916098787
upperBound: 208.89304048202743
Path: 
50 50
34.4476 50.7524
34.4476 50.7523
32.568 40.3944
28.8227 19.7609
49.4278 21.121
55.8194 25.4481
87.8552 13.3826
88.026 25.9609
88.1973 38.6323
88.4052 53.9688
88.5746 66.4981
88.5816 67.0683
67.1349 58.9517
58.5562 48.096
50 50
