OFV: 225.6750142740961
Runtime: 6.032915662013693
Gap: 3.6999088198777034e-08
repPt: {0: (50, 50), 1: (49.49852944656419, 69.14236502440794), 2: (49.0882306638158, 96.82029001314304), 8: (87.82538958772619, 109.297991078125), 7: (84.88543650498431, 103.17425276072957), 4: (48.04781941842449, 89.53131170145531), 3: (46.87512429854549, 77.31060473978536), 6: (44.45137085141452, 44.294415344785484), 5: (43.1955350471414, 27.18824802521837), 9: (42.983434157335104, 24.299237800433957), 10: (45.14598929981229, 32.22040647638727)}
solType: IP_Optimal
lowerBound: 225.67500592432634
upperBound: 225.6750142740961
Path: 
50 50
49.4985 69.1424
49.0882 96.8203
87.8254 109.298
84.8854 103.1743
48.0478 89.5313
46.8751 77.3106
44.4514 44.2944
43.1955 27.1882
42.9834 24.2992
45.146 32.2204
50 50
