OFV: 240.125491343665
Runtime: 0.9064589540066663
Gap: 3.635553312309598e-08
repPt: {0: (50, 50), 1: (14.289881244415026, 78.92835982052353), 2: (13.823675434772465, 95.91839003820789), 8: (28.76449446523644, 79.56833047000626), 7: (31.154080164282025, 57.05965280886342), 4: (44.41350403621677, 52.382133641785515), 3: (46.22386389969121, 26.691635967354102), 9: (47.7148969494042, 33.36462967950491), 10: (54.684691533508406, 64.56591812257784), 6: (73.16319339322074, 64.69427944275724), 5: (72.89131679100538, 52.43020205520094)}
solType: IP_Optimal
lowerBound: 240.12548261377475
upperBound: 240.125491343665
Path: 
50 50
14.2899 78.9284
13.8237 95.9184
28.7645 79.5683
31.1541 57.0597
44.4135 52.3821
46.2239 26.6916
47.7149 33.3646
54.6847 64.5659
73.1632 64.6943
72.8913 52.4302
50 50
