OFV: 289.9089519136562
Runtime: 638.7729492479702
Gap: -3.900155378280411e-08
repPt: {0: (50, 50), 8: (55.08098262912217, 47.808106116450915), 7: (61.320868017083264, 42.76523743584818), 15: (88.64060224553894, 28.72750551791967), 16: (89.16888930965064, 46.66178260027101), 1: (89.34551581042169, 52.65984402616486), 2: (90.01146079124308, 75.27341889340346), 4: (66.09486837533375, 98.56147287129434), 3: (57.13788155848241, 75.39975365159069), 6: (23.686910918825582, 55.218439266587325), 14: (20.857131665213224, 42.3698151173495), 13: (18.34837682765723, 30.986820801057437), 5: (17.28134279383012, 26.14429608896096), 11: (43.00572084262912, 9.318110652364547), 12: (44.88620336944354, 20.23735488467941), 9: (45.437266577777805, 23.45031319297546), 10: (48.476559342858934, 41.13012160594265)}
solType: IP_Optimal
lowerBound: 289.9089632205558
upperBound: 289.9089519136562
Path: 
50 50
55.081 47.8081
61.3209 42.7652
88.6406 28.7275
89.1689 46.6618
89.3455 52.6598
90.0115 75.2734
66.0949 98.5615
57.1379 75.3998
23.6869 55.2184
20.8571 42.3698
18.3484 30.9868
17.2813 26.1443
43.0057 9.3181
44.8862 20.2374
45.4373 23.4503
48.4766 41.1301
50 50
