OFV: 549.4242709661435
Runtime: 1.7726686580572277
Gap: None
repPt: {0: (50, 50), 25: (51.794269104798154, 58.22094211201925), 26: (56.71442724767397, 80.75998394751775), 29: (63.21982079821304, 68.16687564504036), 30: (69.75947874473452, 90.72743314720431), 13: (81.56037823984232, 89.71676972029314), 14: (88.64677567132765, 116.94808819213283), 6: (89.5370232942899, 120.37672338114542), 5: (84.3854414053001, 94.47038102340808), 24: (73.8119114974428, 102.84724517041481), 23: (66.41201861078272, 93.48652673441168), 39: (62.97638500895284, 92.64188878047939), 40: (62.56440383500548, 120.24438713206898), 4: (53.22587014966199, 116.33607210269801), 3: (47.02525622624535, 104.56367828183423), 18: (40.83574310593134, 109.67297252660292), 17: (34.28267904754758, 89.8995117097621), 21: (31.915400640402517, 97.63914358911714), 22: (27.76768739155973, 111.19029484785122), 16: (27.470961077240133, 112.1619248577147), 15: (22.45809667646758, 104.22806957645275), 34: (20.561945662728313, 105.42589424795348), 33: (16.46258689206206, 87.81044903512246), 32: (16.35699975098659, 87.35745986182135), 31: (13.227034520754163, 73.90867521229855), 2: (13.482806344466612, 76.60098109396019), 1: (14.377520311882627, 62.02386812975009), 20: (15.316212810336452, 46.73125151622597), 19: (16.36802362593232, 29.594866927679334), 36: (17.120792736009328, 35.02400408935466), 35: (16.433163008403902, 10.059655706408254), 28: (43.40101605774626, 31.421581524960338), 27: (48.37868334557933, 22.879929181135285), 38: (52.29238111743393, 19.508889498084717), 37: (56.00622980970724, 16.3128834587189), 9: (85.82290862277644, 12.881045697630759), 10: (86.54310392742613, 23.524373133906373), 11: (85.49234638027339, 27.045418559194584), 12: (81.0249186347245, 42.01160794821638), 8: (78.2765368720301, 40.94323270316835), 7: (70.377505419553, 33.796463118009825)}
lowerBound: 549.4242074256409
upperBound: 549.4242709661435
solType: IP_Optimal
Path: 
50 50
51.7943 58.2209
56.7144 80.76
63.2198 68.1669
69.7595 90.7274
81.5604 89.7168
88.6468 116.9481
89.537 120.3767
84.3854 94.4704
73.8119 102.8472
66.412 93.4865
62.9764 92.6419
62.5644 120.2444
53.2259 116.3361
47.0253 104.5637
40.8357 109.673
34.2827 89.8995
31.9154 97.6391
27.7677 111.1903
27.471 112.1619
22.4581 104.2281
20.5619 105.4259
16.4626 87.8104
16.357 87.3575
13.227 73.9087
13.4828 76.601
14.3775 62.0239
15.3162 46.7313
16.368 29.5949
17.1208 35.024
16.4332 10.0597
43.401 31.4216
48.3787 22.8799
52.2924 19.5089
56.0062 16.3129
85.8229 12.881
86.5431 23.5244
85.4923 27.0454
81.0249 42.0116
78.2765 40.9432
70.3775 33.7965
50 50
