OFV: 340.72246650722695
Runtime: 652.5777942980058
Gap: -1.2754636911116072e-07
repPt: {0: (50, 50), 15: (55.264444832269156, 51.884071292655555), 1: (57.21699230070353, 70.91114734446477), 11: (57.638726186277424, 75.03042971756321), 16: (58.22095491633835, 80.70683814660265), 2: (54.207426877998095, 87.3481900296516), 12: (53.83707161334811, 87.00372559330526), 13: (40.26011467157266, 74.38206622557682), 14: (35.610474577630015, 94.29903563889059), 6: (15.967802033409214, 118.48634740423144), 8: (15.95897772781343, 114.20164591730227), 5: (15.920159231999857, 91.0674457631882), 7: (15.910387031444298, 86.07579709032629), 4: (15.846868914866402, 41.88721925111385), 3: (15.80833169919622, 18.658327708810152), 9: (87.71864170336224, 23.88890327580527), 10: (89.25878208035259, 38.79814311684743)}
solType: IP_Optimal
lowerBound: 340.72250996514043
upperBound: 340.72246650722695
Path: 
50 50
55.2644 51.8841
57.217 70.9111
57.6387 75.0304
58.221 80.7068
54.2074 87.3482
53.8371 87.0037
40.2601 74.3821
35.6105 94.299
15.9678 118.4863
15.959 114.2016
15.9202 91.0674
15.9104 86.0758
15.8469 41.8872
15.8083 18.6583
87.7186 23.8889
89.2588 38.7981
50 50
