OFV: 217.66587388421357
Runtime: 4.516158586018719
Gap: 1.6801614266342936e-08
repPt: {0: (50, 50), 11: (29.234472641871246, 53.132483991120175), 12: (29.545233608985242, 77.87638682572258), 10: (38.512384574580544, 76.56679478871654), 9: (44.26888986455532, 62.8501597982919), 5: (58.050779607314865, 69.55027501032194), 6: (65.42774321761735, 84.7165708223106), 8: (91.29368675062175, 66.27880148424994), 7: (89.811206271807, 54.17611762989165), 4: (78.68360160330177, 61.75818593448002), 3: (67.3712016804377, 36.95270130325657), 1: (51.39804788251075, 35.04584094626642), 2: (50.074309609039034, 49.20527812145252)}
solType: IP_Optimal
lowerBound: 217.66587022707552
upperBound: 217.66587388421357
Path: 
50 50
29.2345 53.1325
29.5452 77.8764
38.5124 76.5668
44.2689 62.8502
58.0508 69.5503
65.4277 84.7166
91.2937 66.2788
89.8112 54.1761
78.6836 61.7582
67.3712 36.9527
51.398 35.0458
50.0743 49.2053
50 50
