OFV: 815.829221011918
Runtime: 34.01051919301972
Gap: None
Path: 
50 50
62.9605 28.8319
63.201 26.6231
61.9564 4.3744
64.1828 4.8394
87.9135 9.8101
94.7139 22.2188
95.1187 29.9487
96.0256 47.3331
80.2676 47.3062
69.7199 21.8854
54.265 21.7044
46.4546 3.4975
46.6224 3.4641
45.4565 10.9171
43.7218 21.9759
43.2105 25.2491
30.914 28.0031
23.8568 13.167
7.6897 9.9452
9.7575 37.2247
18.0983 32.0524
18.5668 43.026
19.3414 61.1788
19.4277 63.1978
20.1283 79.6004
20.8908 97.4533
20.9438 98.6935
22.1464 126.8515
18.8063 117.0485
9.979 91.1208
9.7492 90.521
5.0419 78.2122
4.8569 71.7829
4.3909 55.6005
4.4992 55.4912
9.8527 77.4718
25.9191 57.4744
27.5934 39.3419
31.3697 40.7589
32.2963 63.7522
32.6298 69.3877
34.0542 93.4428
34.0903 94.0598
35.7375 110.0729
50.3955 126.1107
50.196 110.9485
50.1452 107.2014
49.9996 96.244
50.2333 90.9056
50.4033 86.9975
60.1129 89.3534
65.6567 120.9436
85.0679 119.7436
76.2868 86.4295
58.8007 81.9583
56.4084 73.3087
53.8905 64.2028
52.4506 58.9452
50.6856 52.4968
50.2447 50.8906
50 50
