OFV: 287.3004885935968
Runtime: 425.71135328899254
Gap: -7.652652999956941e-08
repPt: {0: (50, 50), 1: (40.03136452842311, 51.35890290002878), 2: (34.60214774005454, 75.49990563794357), 11: (9.1935614249889, 58.493294278271605), 9: (9.193562274317747, 58.49329479642349), 10: (10.946878657259418, 75.59617750257476), 12: (12.036813647087723, 86.2398311518605), 3: (78.457154447044, 90.00354898255216), 4: (85.4979591647202, 98.991180792501), 6: (95.27427507707992, 95.67362535098619), 5: (92.58500692187718, 73.57707969966899), 8: (91.31483056181669, 70.95864426478931), 7: (86.91674942804573, 61.886642326475716), 14: (71.50760392289114, 46.766406935221504), 13: (62.88261491329566, 38.30121408778613), 15: (46.63637443714002, 31.195082631200314), 16: (48.3977634473367, 41.04402816214679)}
solType: IP_Optimal
lowerBound: 287.30051057970627
upperBound: 287.3004885935968
Path: 
50 50
40.0314 51.3589
34.6021 75.4999
9.1936 58.4933
9.1936 58.4933
10.9469 75.5962
12.0368 86.2398
78.4572 90.0035
85.498 98.9912
95.2743 95.6736
92.585 73.5771
91.3148 70.9586
86.9167 61.8866
71.5076 46.7664
62.8826 38.3012
46.6364 31.1951
48.3978 41.044
50 50
