OFV: 258.5104358140858
Runtime: 21.40413429401815
Gap: 2.4624691793321835e-08
repPt: {0: (50, 50), 10: (50.94503577086831, 50.49522375523072), 9: (48.073195100294015, 27.993432180769645), 14: (46.56043270006944, 30.51374510791149), 13: (44.015386857340204, 8.05764357774968), 1: (38.48139940751459, 16.302692349173356), 2: (35.425324414339094, 29.18503729853446), 11: (30.186379739343987, 51.26879529721293), 12: (32.05298838738719, 73.09646232031436), 15: (32.607809333586985, 74.40493294029406), 16: (36.93739988332989, 84.60880250107124), 5: (37.286053243545624, 84.28283444611867), 6: (42.0853924991077, 90.55800275965456), 8: (84.61560615722685, 78.6630570391138), 7: (81.42653487681903, 56.00766071066456), 4: (66.51066019063421, 73.85076105518972), 3: (58.24982721733285, 54.906993573964115)}
solType: IP_Optimal
lowerBound: 258.510429448346
upperBound: 258.5104358140858
Path: 
50 50
50.945 50.4952
48.0732 27.9934
46.5604 30.5137
44.0154 8.0576
38.4814 16.3027
35.4253 29.185
30.1864 51.2688
32.053 73.0965
32.6078 74.4049
36.9374 84.6088
37.2861 84.2828
42.0854 90.558
84.6156 78.6631
81.4265 56.0077
66.5107 73.8508
58.2498 54.907
50 50
