OFV: 381.49924745628414
Runtime: 7.245387047994882
Gap: 1.073211139691863e-08
repPt: {0: (50, 50), 10: (90.94432802028032, 39.876724074622565), 9: (89.11526426401473, 22.45728542824205), 3: (14.450095244605428, 17.190231165459313), 4: (14.552729149414011, 39.32225406073457), 5: (14.780448144968844, 89.14220075512523), 6: (14.92359741976202, 120.26552720137903), 8: (17.717601017042405, 114.06827219496296), 7: (20.951435788703442, 90.83566795901909), 14: (38.306368487027456, 94.09523540908755), 13: (40.6010689404537, 71.99919915619326), 1: (51.10662302645414, 73.90495389798178), 11: (52.08475612124354, 75.83652187414476), 12: (55.1599227505168, 88.573621199519), 2: (55.34325793054645, 89.3329260974553), 16: (60.16934192757401, 81.15871466988973), 15: (57.053586535879276, 50.895928078478875)}
solType: IP_Optimal
lowerBound: 381.4992433619917
upperBound: 381.49924745628414
Path: 
50 50
90.9443 39.8767
89.1153 22.4573
14.4501 17.1902
14.5527 39.3223
14.7804 89.1422
14.9236 120.2655
17.7176 114.0683
20.9514 90.8357
38.3064 94.0952
40.6011 71.9992
51.1066 73.905
52.0848 75.8365
55.1599 88.5736
55.3433 89.3329
60.1693 81.1587
57.0536 50.8959
50 50
