OFV: 777.5329364561907
Runtime: 645.9845864620293
Gap: None
Path: 
50 50
51.2052 52.8984
53.6327 58.7358
56.21 64.9333
58.1538 70.9527
61.9601 82.5934
64.1842 89.4
66.4881 82.2026
67.4551 79.1836
69.2546 73.563
69.1106 63.0759
68.8956 47.4698
76.5184 42.0448
86.8793 34.6704
87.2714 34.3917
90.7927 48.391
91.5065 51.2361
92.5955 55.5753
94.4721 63.0459
95.2384 71.1432
95.8167 77.2461
96.6005 85.5257
97.1956 91.8152
95.3639 94.1991
93.5959 96.5
87.4066 88.456
85.6453 76.2118
83.5065 61.3468
83.4668 61.3566
77.0322 66.7625
73.5003 80.5291
71.3087 89.0783
68.5391 99.8783
67.577 115.4309
64.7284 116.5064
61.8868 117.5793
55.4684 111.9675
53.0555 97.3852
46.7343 89.8231
46.419 85.5357
45.8629 80.0134
44.4364 65.9023
44.1429 63.8268
43.4438 58.8937
42.7557 54.0376
42.0411 48.9939
41.4643 44.92
41.1634 42.7925
39.7793 33.0483
39.2972 29.6435
38.3902 23.2514
37.5281 17.1731
36.9505 13.0938
31.4723 35.4182
30.074 41.1091
30.734 59.0031
30.7945 60.6323
27.6277 67.6052
23.6531 56.1969
22.9205 51.3772
21.6954 43.3112
21.2678 40.5017
19.2173 27.0275
18.2651 20.7735
18.0406 19.3007
17.7781 17.5785
16.899 11.8025
16.5332 9.3992
16.0678 9.2923
6.1599 7.3912
6.4704 15.4217
6.8112 24.245
7.1677 33.4746
7.4343 40.3482
7.5372 42.9817
7.5897 44.3209
8.0075 55.137
11.9773 41.4611
12.0237 42.8814
12.2435 49.5324
12.7454 64.6438
12.9574 71.0448
11.6537 74.7713
10.0881 79.2454
11.5263 86.3922
13.0405 93.911
14.224 99.7859
15.5663 106.4513
20.243 123.7013
26.0529 126.4898
25.0634 115.3104
24.2923 106.6199
23.5938 98.7546
23.1306 93.547
22.6175 87.7773
22.1864 82.9324
22.1037 81.5359
32.7646 91.6898
32.9206 81.2474
33.1378 66.7945
33.3406 53.3015
50 50
