OFV: 413.7044316246683
Runtime: 0.08214920794125646
Gap: None
repPt: {0: (50, 50), 15: (48.67533702104822, 58.48161725472093), 16: (45.67008938165398, 77.72260868849519), 1: (23.382212501808233, 75.17030056896384), 2: (28.189657199905806, 93.32437506784862), 10: (99.05786467160095, 106.07107986555272), 9: (96.5499140680303, 92.431520320674), 8: (94.8934681570563, 83.42358470159434), 7: (91.18956655519867, 63.291608078576516), 4: (90.85387266203303, 68.30606393734973), 3: (85.87981955419546, 38.53727711747136), 18: (72.09046574252245, 22.724578406889435), 17: (65.08658212962821, 10.08287472655351), 14: (55.931092583225976, 21.61097564392565), 13: (46.838032392752346, 6.351862204385303), 11: (9.866990141985035, 6.487823789406537), 12: (11.577413489888547, 19.377052884395614), 19: (13.058582801497826, 30.53267662840851), 20: (15.456619684071855, 48.60205621430129), 6: (15.538180848991402, 47.462069811462506), 5: (16.235741786929392, 38.085178236974905)}
lowerBound: 413.7043883989298
upperBound: 413.7044316246683
solType: IP_Optimal
Path: 
50 50
48.6753 58.4816
45.6701 77.7226
23.3822 75.1703
28.1897 93.3244
99.0579 106.0711
96.5499 92.4315
94.8935 83.4236
91.1896 63.2916
90.8539 68.3061
85.8798 38.5373
72.0905 22.7246
65.0866 10.0829
55.9311 21.611
46.838 6.3519
9.867 6.4878
11.5774 19.3771
13.0586 30.5327
15.4566 48.6021
15.5382 47.4621
16.2357 38.0852
50 50
