OFV: 533.9265881926725
Runtime: 1.4613137079868466
Gap: None
repPt: {0: (50, 50), 33: (7.906014862926528, 30.46927172972212), 34: (10.378716079911186, 51.48410007892843), 9: (19.063498186009294, 49.957983410878704), 10: (21.81869974331298, 55.404911373141324), 17: (21.78056021243076, 53.099973006709334), 18: (21.50549302769876, 65.4677989590173), 1: (21.372655938847284, 71.50880221395192), 2: (20.77337763915246, 98.08391626814458), 27: (22.008773463944394, 96.06694225603634), 28: (22.32416447400862, 105.95453847005632), 24: (12.291014725232989, 110.71942455117424), 23: (7.333914789844646, 87.797015789896), 32: (12.713015919414286, 90.38413242158313), 31: (18.242081348591448, 79.13937789752366), 15: (34.59481163666676, 73.42308344436688), 16: (42.8428696479547, 101.7433842550256), 40: (51.16772212577719, 104.14376318342816), 39: (52.5128338203168, 101.17312230702115), 36: (52.51286224977594, 101.1731306116925), 35: (53.48565377931597, 87.86056879920683), 26: (53.54920770992323, 86.98138600895045), 25: (55.272687108987135, 63.3963405581498), 13: (59.0378012335801, 64.80908112724572), 14: (69.66259455618336, 83.78825850247061), 5: (70.70230712767534, 85.64694692129466), 6: (76.13905557817313, 95.36028859157166), 29: (79.46032346789256, 100.77276484704865), 30: (88.47997442324589, 122.67471676949111), 22: (89.25816221966083, 114.77305814319477), 21: (91.30175540023306, 94.08143895345937), 12: (91.35451850070272, 93.54243399337764), 11: (93.87301976732711, 68.01618887448355), 20: (94.28062638792322, 68.53139045724389), 19: (93.6403041918103, 50.844560860864924), 38: (93.35931933661793, 43.00936897294455), 37: (87.95468257179529, 19.361646757777088), 3: (84.88886399478375, 15.815217427521379), 4: (83.96743191443055, 35.65674237510793), 7: (76.39543303509171, 31.84680929382121), 8: (70.30535704601188, 43.933605985751235)}
lowerBound: 533.9265004047423
upperBound: 533.9265881926725
solType: IP_Optimal
Path: 
50 50
7.906 30.4693
10.3787 51.4841
19.0635 49.958
21.8187 55.4049
21.7806 53.1
21.5055 65.4678
21.3727 71.5088
20.7734 98.0839
22.0088 96.0669
22.3242 105.9545
12.291 110.7194
7.3339 87.797
12.713 90.3841
18.2421 79.1394
34.5948 73.4231
42.8429 101.7434
51.1677 104.1438
52.5128 101.1731
52.5129 101.1731
53.4857 87.8606
53.5492 86.9814
55.2727 63.3963
59.0378 64.8091
69.6626 83.7883
70.7023 85.6469
76.1391 95.3603
79.4603 100.7728
88.48 122.6747
89.2582 114.7731
91.3018 94.0814
91.3545 93.5424
93.873 68.0162
94.2806 68.5314
93.6403 50.8446
93.3593 43.0094
87.9547 19.3616
84.8889 15.8152
83.9674 35.6567
76.3954 31.8468
70.3054 43.9336
50 50
