OFV: 445.8809965469713
Runtime: 67.39755495497957
Gap: None
Path: 
50 50
39.9646 56.6359
38.6101 57.5303
39.0066 61.8882
39.5238 67.5708
39.8651 71.3079
40.4083 77.2717
40.8976 82.6359
42.0965 95.8611
42.7571 103.1203
40.2672 106.5033
36.3346 111.8499
30.7575 98.4735
29.4698 88.8524
21.9295 90.9762
18.4967 71.2643
18.3627 70.4951
17.8763 67.7024
12.8458 38.8179
12.7618 38.3355
11.0028 28.2385
9.7875 20.7366
7.5045 6.6201
34.4208 18.2201
37.9546 26.6838
41.2499 34.5759
44.0387 41.2581
47.0005 48.3513
60.7778 69.8481
78.6705 94.3541
78.4461 93.046
76.5187 81.8507
74.986 72.9451
73.884 66.5386
73.2903 63.084
72.1858 56.6634
71.4073 52.1355
69.0099 38.2306
67.7694 31.0258
76.0455 22.7909
76.1517 8.0234
50 50
