OFV: 531.1384163274649
Runtime: 17.236174757941626
Gap: None
repPt: {0: (50, 50), 32: (34.59560427986799, 44.75218731830782), 31: (23.980173129701715, 27.096285807858322), 25: (22.638935239653286, 24.86520487611366), 26: (24.146921207277902, 43.72581415578945), 24: (24.275396020267713, 45.332659028308825), 23: (27.533810396953186, 33.69709809292689), 10: (43.235460346525315, 33.108535849831505), 9: (44.207060735280216, 28.865948357439063), 39: (44.68082724281824, 26.794364592991354), 40: (49.481271831750256, 42.02243523795745), 4: (68.97356634962419, 44.453160684332914), 3: (75.4385136273561, 28.760955870839616), 33: (94.2565605036596, 21.10886729753672), 34: (92.35692692202943, 30.9393541367592), 7: (79.4886581724235, 46.77116340541034), 8: (76.57580133505657, 56.52899345603541), 5: (77.54006714568277, 52.27913515259262), 6: (86.67218303747258, 75.30637854179605), 12: (88.54170015485354, 75.3964745668241), 11: (93.23021345585666, 59.423406284742676), 1: (93.23022928363855, 59.42340583141144), 2: (92.39406373753872, 69.37568748335518), 27: (92.27582362502864, 70.78743822635053), 28: (90.01601405128856, 97.68535332722342), 17: (74.74914374281545, 98.56280302121982), 18: (67.39610159947043, 120.48334440409856), 30: (32.96308735452996, 112.36248716564403), 29: (27.098597059187643, 104.37435886377608), 38: (26.706932070067342, 105.1610857472398), 37: (24.69150740752071, 103.53480927899608), 14: (13.70936746742986, 104.93315793253163), 13: (11.820141679023656, 95.07300940661547), 19: (14.775356568322438, 94.76391278873471), 20: (28.487574695713885, 117.57428880202805), 36: (34.44919342131391, 117.45900429372743), 35: (36.8616700022402, 92.9710632290203), 16: (55.803220986670986, 98.19758570674382), 15: (56.01481464262304, 84.69670312856812), 22: (56.03471612767303, 84.95368559448316), 21: (52.42286745577159, 64.03353862487003)}
lowerBound: 531.1383713387369
upperBound: 531.1384163274649
solType: IP_Optimal
Path: 
50 50
34.5956 44.7522
23.9802 27.0963
22.6389 24.8652
24.1469 43.7258
24.2754 45.3327
27.5338 33.6971
43.2355 33.1085
44.2071 28.8659
44.6808 26.7944
49.4813 42.0224
68.9736 44.4532
75.4385 28.761
94.2566 21.1089
92.3569 30.9394
79.4887 46.7712
76.5758 56.529
77.5401 52.2791
86.6722 75.3064
88.5417 75.3965
93.2302 59.4234
93.2302 59.4234
92.3941 69.3757
92.2758 70.7874
90.016 97.6854
74.7491 98.5628
67.3961 120.4833
32.9631 112.3625
27.0986 104.3744
26.7069 105.1611
24.6915 103.5348
13.7094 104.9332
11.8201 95.073
14.7754 94.7639
28.4876 117.5743
34.4492 117.459
36.8617 92.9711
55.8032 98.1976
56.0148 84.6967
56.0347 84.9537
52.4229 64.0335
50 50
