OFV: 687.1720269423896
Runtime: 0.33937957393936813
Gap: None
repPt: {0: (50, 50), 16: (62.3310020749605, 42.73016421563209), 15: (61.041910441283335, 28.399437547802602), 34: (60.05210161947354, 36.10045246391256), 33: (57.35907069340011, 7.381794646519411), 29: (68.80840226516622, 9.12848835289587), 30: (73.08286493444953, 20.5644450277541), 5: (91.51673624897194, 23.23523395917062), 6: (97.9882286581208, 40.56303969634329), 22: (97.45787241626208, 30.4642914683053), 21: (96.15121137380586, 5.9961867632762385), 37: (96.61319042476434, 15.691092598762852), 38: (98.20002586649639, 49.009680224469676), 13: (97.69240039837277, 61.490239553721416), 14: (96.63429549700622, 87.2409827258682), 7: (91.49603443598829, 84.87456404078414), 8: (92.43443823272713, 99.87455331001807), 28: (91.2189564230939, 99.39672884018289), 27: (88.95142523916995, 86.83567436895791), 1: (95.37518582668349, 90.36643036230794), 2: (100.47195057209217, 116.73801930327362), 12: (82.31124370404474, 119.00847407612666), 11: (77.87875343500049, 89.68569311568042), 23: (46.50437707726686, 101.39414906580073), 24: (45.29878500830133, 118.9650193385623), 40: (37.02770185764229, 118.62102839033945), 39: (27.509499062580094, 88.10824801864939), 10: (8.639139176115123, 95.62491736121972), 9: (7.196107824801506, 83.05271233484031), 4: (12.65743407414237, 58.216022301579585), 3: (15.879207635198911, 39.85070642076454), 17: (17.91003691142461, 40.45222078058744), 18: (22.755915601493353, 55.2109353963301), 26: (29.60609777395667, 42.309221961545816), 25: (30.899522000610578, 13.841229706516234), 19: (30.90209514177243, 13.784750998880392), 20: (35.1392009107225, 30.576572918724267), 35: (41.717224142613574, 40.342651532557504), 36: (53.55540268781025, 74.3347081104185), 32: (60.88758212914571, 73.26056215664882), 31: (56.29049604320455, 56.580029707107805)}
lowerBound: 687.106954586206
upperBound: 687.1720269423896
solType: IP_Optimal
Path: 
50 50
62.331 42.7302
61.0419 28.3994
60.0521 36.1005
57.3591 7.3818
68.8084 9.1285
73.0829 20.5644
91.5167 23.2352
97.9882 40.563
97.4579 30.4643
96.1512 5.9962
96.6132 15.6911
98.2 49.0097
97.6924 61.4902
96.6343 87.241
91.496 84.8746
92.4344 99.8746
91.219 99.3967
88.9514 86.8357
95.3752 90.3664
100.472 116.738
82.3112 119.0085
77.8788 89.6857
46.5044 101.3941
45.2988 118.965
37.0277 118.621
27.5095 88.1082
8.6391 95.6249
7.1961 83.0527
12.6574 58.216
15.8792 39.8507
17.91 40.4522
22.7559 55.2109
29.6061 42.3092
30.8995 13.8412
30.9021 13.7848
35.1392 30.5766
41.7172 40.3427
53.5554 74.3347
60.8876 73.2606
56.2905 56.58
50 50
