OFV: 280.9338184843544
Runtime: 0.8382956660061609
Gap: 6.332291834070432e-08
repPt: {0: (50, 50), 11: (26.081904633708966, 50.658954198944585), 12: (27.005993365929683, 80.9693071202799), 10: (40.72748598021715, 79.93097159635509), 9: (43.28913649088949, 58.90431787970421), 5: (60.65401568546952, 66.46985426415087), 6: (64.84131034207003, 88.72557922942724), 8: (94.93052489050152, 67.94674030705924), 7: (91.83407268775935, 50.67231055720763), 4: (77.56739047761344, 65.59980808315714), 3: (69.54892613792636, 33.57888351346863), 1: (49.12094057367294, 31.721700006959498), 2: (50.913149421915314, 51.634082369293395)}
solType: IP_Optimal
lowerBound: 280.93380069480514
upperBound: 280.9338184843544
Path: 
50 50
26.0819 50.659
27.006 80.9693
40.7275 79.931
43.2891 58.9043
60.654 66.4699
64.8413 88.7256
94.9305 67.9467
91.8341 50.6723
77.5674 65.5998
69.5489 33.5789
49.1209 31.7217
50.9131 51.6341
50 50
