OFV: 284.6691060866485
Runtime: 3.7573117300053127
Gap: 5.6673903037218926e-08
repPt: {0: (50, 50), 14: (42.39842058244853, 62.46029031903898), 13: (39.499809360452765, 42.766234383068664), 8: (39.62228786838714, 41.78031702223386), 7: (42.02150717496399, 22.483717998209734), 12: (83.19720922560283, 28.377201447919226), 11: (78.3799185443182, 13.9177308769757), 5: (67.16539186810206, 8.949534665654792), 1: (68.24902131501862, 14.637670507331281), 3: (72.64160921848536, 37.71127264811771), 2: (72.83517842248048, 38.64325520922675), 6: (73.98938877714126, 44.196482359769085), 4: (78.69995058335846, 66.89993431746824), 9: (87.60381968043166, 71.63068778294468), 10: (95.74145333796298, 96.536617073703)}
solType: IP_Optimal
lowerBound: 284.6690899533392
upperBound: 284.6691060866485
Path: 
50 50
42.3984 62.4603
39.4998 42.7662
39.6223 41.7803
42.0215 22.4837
83.1972 28.3772
78.3799 13.9177
67.1654 8.9495
68.249 14.6377
72.6416 37.7113
72.8352 38.6433
73.9894 44.1965
78.7 66.8999
87.6038 71.6307
95.7415 96.5366
50 50
