OFV: 240.17936412348942
Runtime: 18.098049188993173
Gap: -4.843238843483449e-08
repPt: {0: (50, 50), 3: (68.33139741338879, 28.78737297528179), 4: (69.36005555212233, 37.860555770517145), 7: (69.63636217121032, 40.29226117391433), 9: (71.63065577380482, 57.91441481214771), 8: (72.44150987698781, 65.06345044009933), 10: (74.54604686314212, 83.67753555754076), 1: (72.93230005941926, 86.48415528480155), 2: (68.6747553750171, 93.88747305047846), 5: (57.6186576312898, 92.16010053403095), 6: (53.40037981982633, 118.67611079135914), 14: (33.03192029621273, 116.83248159984693), 13: (31.177971664865346, 97.84781899014752), 12: (30.93804466357796, 93.89324801930711), 11: (29.820561670919155, 75.39000459930044), 16: (29.198946102866067, 65.05167736468285), 15: (28.41782868200423, 52.052009847538784)}
solType: IP_Optimal
lowerBound: 240.17937575594968
upperBound: 240.17936412348942
Path: 
50 50
68.3314 28.7874
69.3601 37.8606
69.6364 40.2923
71.6307 57.9144
72.4415 65.0635
74.546 83.6775
72.9323 86.4842
68.6748 93.8875
57.6187 92.1601
53.4004 118.6761
33.0319 116.8325
31.178 97.8478
30.938 93.8932
29.8206 75.39
29.1989 65.0517
28.4178 52.052
50 50
