OFV: 191.52303301138647
Runtime: 0.06167905195616186
Gap: None
repPt: {0: (50, 50), 9: (45.23945191454433, 47.86452452812743), 10: (42.21954722446283, 70.99514296699786), 12: (33.335061425577265, 81.6489202861554), 11: (33.94585150148363, 70.73384707091611), 8: (34.99414080485635, 66.4248856162692), 7: (39.10766575600938, 49.53850659532412), 4: (46.784779973744854, 42.47435658990155), 3: (51.37203061296717, 23.093551410754216), 1: (70.46088010693946, 16.94947717694678), 2: (73.82223976602673, 23.017860541897115), 13: (74.86260031708049, 21.71781714971903), 14: (77.75962939286035, 43.27250793689123), 6: (71.26987732348506, 42.79537851773654), 5: (65.43668886474758, 36.49306191089717)}
lowerBound: 191.52300604925915
upperBound: 191.52303301138647
solType: IP_Optimal
Path: 
50 50
45.2395 47.8645
42.2195 70.9951
33.3351 81.6489
33.9459 70.7338
34.9941 66.4249
39.1077 49.5385
46.7848 42.4744
51.372 23.0936
70.4609 16.9495
73.8222 23.0179
74.8626 21.7178
77.7596 43.2725
71.2699 42.7954
65.4367 36.4931
50 50
