OFV: 278.88524097107756
Runtime: 148.09628672801773
Gap: 1.521054260264066e-09
repPt: {0: (50, 50), 16: (58.23260477209192, 42.846649014364175), 8: (58.33685770612106, 42.75604853206414), 15: (58.05949783577582, 21.609969498291843), 7: (58.64335169969466, 21.642505855860527), 17: (77.08913669386904, 37.346747035535486), 11: (81.69566459813342, 41.57047626264395), 12: (82.70833397608006, 56.1114362234641), 18: (81.63395002059458, 61.85042030737874), 9: (79.50672105090224, 69.27504537376898), 10: (74.18537521266988, 87.84755667715582), 6: (49.268414680146925, 93.20376796794102), 5: (43.05677401624905, 83.06855026202153), 1: (8.179447782577899, 86.22721004743097), 2: (11.131454242234383, 102.47897208694755), 14: (13.749664624270922, 101.983121920876), 13: (16.702194715229258, 77.7212743769), 4: (35.20891100924477, 79.78597047070538), 3: (40.19634585600004, 64.8869784934093)}
solType: IP_Optimal
lowerBound: 278.885240546878
upperBound: 278.88524097107756
Path: 
50 50
58.2326 42.8466
58.3369 42.756
58.0595 21.61
58.6434 21.6425
77.0891 37.3467
81.6957 41.5705
82.7083 56.1114
81.634 61.8504
79.5067 69.275
74.1854 87.8476
49.2684 93.2038
43.0568 83.0686
8.1794 86.2272
11.1315 102.479
13.7497 101.9831
16.7022 77.7213
35.2089 79.786
40.1963 64.887
50 50
