OFV: 543.0597997080973
Runtime: 1.780824240995571
Gap: None
repPt: {0: (50, 50), 14: (35.994257472743506, 64.74025903552482), 13: (34.628240077465165, 61.1014618185433), 39: (34.64555622793462, 61.15410524751925), 40: (38.789966232321134, 73.70188573841115), 33: (39.80883769751642, 72.3926408757315), 34: (43.81371354843464, 95.30053183104057), 11: (45.301953085851736, 85.32848485292125), 12: (42.89938993090491, 102.66934629003781), 10: (37.274174951003246, 112.0285671203775), 9: (36.675977417351476, 90.91531929591714), 36: (38.42735089969173, 93.81041913110461), 35: (28.86579188857754, 68.75492094032975), 5: (24.45528146014291, 69.70787760289137), 6: (23.47262138009502, 93.31989457162234), 18: (23.390117994666596, 92.8966147343141), 17: (19.290485551851468, 71.86257022157297), 20: (18.789751999003116, 69.29322236828331), 19: (12.848799806439224, 38.81127893157638), 8: (12.767101177911758, 38.392033015269845), 7: (10.433502241386284, 26.41892668598655), 24: (10.433492312067887, 26.41891376626288), 23: (7.48559397697307, 6.634770479842153), 37: (34.15155929316122, 17.931832266695075), 38: (38.59413558300473, 33.60311839108655), 21: (37.933715269741995, 32.35557351590576), 22: (42.92705229697434, 44.93099343785477), 27: (45.47042687431356, 43.28296224395383), 28: (58.80235015974452, 67.92274441063766), 3: (70.37138854898814, 68.77842676714246), 4: (79.070944066503, 92.80866650846907), 30: (79.52244236383231, 94.05650110677934), 29: (76.28626781378283, 77.75251369684997), 2: (76.28626244137638, 77.7524964419311), 1: (73.19862870652234, 59.687710663866895), 16: (73.1925947574013, 59.65244837011636), 15: (68.06177537763665, 29.63053650923963), 25: (76.60063082027102, 8.137535525529564), 26: (75.77394625845665, 23.560876211823846), 31: (67.1684097402458, 39.01954812879134), 32: (61.601465918723925, 49.02027731662589)}
lowerBound: 543.0255611155194
upperBound: 543.0597997080973
solType: IP_Optimal
Path: 
50 50
35.9943 64.7403
34.6282 61.1015
34.6456 61.1541
38.79 73.7019
39.8088 72.3926
43.8137 95.3005
45.302 85.3285
42.8994 102.6693
37.2742 112.0286
36.676 90.9153
38.4274 93.8104
28.8658 68.7549
24.4553 69.7079
23.4726 93.3199
23.3901 92.8966
19.2905 71.8626
18.7898 69.2932
12.8488 38.8113
12.7671 38.392
10.4335 26.4189
10.4335 26.4189
7.4856 6.6348
34.1516 17.9318
38.5941 33.6031
37.9337 32.3556
42.9271 44.931
45.4704 43.283
58.8024 67.9227
70.3714 68.7784
79.0709 92.8087
79.5224 94.0565
76.2863 77.7525
76.2863 77.7525
73.1986 59.6877
73.1926 59.6524
68.0618 29.6305
76.6006 8.1375
75.7739 23.5609
67.1684 39.0195
61.6015 49.0203
50 50
