OFV: 307.79579514665386
Runtime: 0.10474165505729616
Gap: None
repPt: {0: (50, 50), 3: (40.196472554971564, 64.88671776011161), 4: (35.20886265753569, 79.78600192169074), 13: (16.702302927307333, 77.72118815503927), 14: (13.749769628697692, 101.98301035465101), 2: (11.131383799418074, 102.47892419623311), 1: (8.179145309722866, 86.22760674528753), 5: (43.05632163548332, 83.06832266030551), 6: (49.26812546157196, 93.20364468654651), 10: (74.18811845128397, 87.8449946241447), 9: (79.45534917235248, 69.58975913597534), 18: (81.54262145493135, 62.34854197089836), 17: (81.08547234194926, 38.552789887368796), 11: (81.84680090914172, 41.46376614043627), 12: (84.70687590551034, 52.39485229298775), 8: (66.68033091389617, 41.52752415112947), 7: (58.21946187479859, 21.44962311432135), 15: (58.21939174635942, 21.44963815296406), 16: (57.51860265890368, 43.88255149525071)}
lowerBound: 307.7957644502101
upperBound: 307.79579514665386
solType: IP_Optimal
Path: 
50 50
40.1965 64.8867
35.2089 79.786
16.7023 77.7212
13.7498 101.983
11.1314 102.4789
8.1791 86.2276
43.0563 83.0683
49.2681 93.2036
74.1881 87.845
79.4553 69.5898
81.5426 62.3485
81.0855 38.5528
81.8468 41.4638
84.7069 52.3949
66.6803 41.5275
58.2195 21.4496
58.2194 21.4496
57.5186 43.8826
50 50
