OFV: 654.6206072760667
Runtime: 308.82238826097455
Gap: None
Path: 
50 50
62.8 43.2649
62.8 43.2649
65.7517 45.1946
65.8934 45.8201
66.0254 46.4027
66.3916 48.0187
66.6783 49.2842
67.7697 54.0962
68.7983 58.6318
69.2297 60.5355
69.8804 63.406
70.2564 65.0655
76.2597 61.483
78.2197 68.8863
79.6878 74.4327
80.128 75.674
83.6685 85.6588
85.1163 89.7415
89.7472 102.8004
95.8317 119.9494
98.6585 120.042
98.2304 105.493
97.9979 97.6295
97.8756 93.4974
97.4656 79.5768
97.4494 79.0303
95.7991 71.2128
95.5839 70.1937
94.9964 67.4119
92.9951 57.9413
91.2706 51.5938
89.7451 45.9787
89.2671 44.2188
88.2747 40.5656
86.2374 33.0679
82.8592 20.6405
81.2084 14.5657
75.7828 8.1947
75.4988 9.4679
74.6292 13.3675
73.6817 17.6161
71.0439 29.4314
70.2212 33.1203
69.5325 33.146
55.5701 33.6647
46.2282 17.6905
42.1154 10.6554
42.0208 11.4286
41.0951 18.992
38.3625 41.3006
37.315 44.5735
36.1507 48.2121
27.4027 74.1181
23.3825 52.2899
23.0134 50.2827
22.6153 48.1176
22.2752 46.2682
20.5663 36.9794
20.2284 35.141
19.3258 30.2333
19.0412 28.685
17.1906 18.6254
15.1663 7.6233
14.5489 8.814
7.1342 23.1145
7.3251 27.634
7.5279 32.4344
7.9184 41.6816
8.4767 54.9298
8.5544 55.5688
9.1239 60.2473
9.4527 62.9501
9.6911 64.9104
10.8329 74.2776
11.2754 80.3403
11.4093 82.1714
11.5941 84.7013
11.8813 88.6356
10.3637 90.6666
8.8909 92.6379
7.6326 94.3218
11.1211 111.2554
11.6902 112.2032
12.4486 113.4662
64.1115 115.1846
64.1115 115.1846
62.7813 110.5798
61.0086 104.4435
58.2463 94.8744
58.0513 94.3413
57.2532 92.1586
56.3157 89.5943
54.5683 84.8138
53.795 80.193
53.5049 78.4595
53.377 77.6954
51.4359 66.1019
50.6306 61.292
49.7848 56.2396
49.8655 53.9002
50 50
