OFV: 645.7637941408148
Runtime: 48.07304872397799
Gap: None
repPt: {0: (50, 50), 60: (56.32516339218004, 48.078585953899996), 59: (61.04700539910653, 29.069746023159105), 41: (77.94059502482592, 19.79038755788488), 42: (85.10020797824204, 37.66355140019468), 7: (85.5401249447218, 38.76310012509996), 8: (87.938118042541, 44.750355538103605), 51: (87.93812415423773, 44.750357288079), 52: (94.02621237595866, 70.04153673390188), 4: (89.45321347122155, 66.17190389540175), 3: (78.27459619805248, 39.169532118422325), 33: (75.2872524448174, 41.04626973470877), 34: (70.03001958340366, 56.39761572573942), 19: (61.41355218077403, 57.98186942810593), 20: (62.92492378436885, 71.87753700278076), 43: (62.932739800927465, 71.91926955938524), 44: (66.15669745070525, 89.16778318037201), 53: (78.06415090736024, 87.79984061706027), 54: (82.87480049338204, 94.50416422920668), 47: (86.64853267021515, 99.76541595410627), 48: (89.50442382641235, 128.92213226602922), 2: (73.32732664649924, 129.68836875556866), 1: (58.17282157264788, 105.78695053062503), 39: (41.66290432227517, 104.40024635152182), 40: (39.31134032661796, 113.65654068816218), 32: (38.14524261889721, 118.25081948168081), 31: (42.170349380520676, 94.41300382252895), 30: (44.486994415051235, 92.87577109259142), 29: (43.511042727279936, 82.24031456401242), 24: (43.10460621456033, 82.78770334036837), 23: (37.94299566817516, 67.27050698729185), 38: (37.68071093123092, 66.48113440064549), 37: (33.088152263817726, 52.67524744468368), 28: (32.598905712571295, 55.84599051318959), 27: (30.966158138773643, 51.78878327570182), 25: (30.93359758120213, 51.70760135820623), 26: (29.684837558303194, 73.43136673892613), 18: (29.684830813482886, 73.43136801360555), 17: (25.912423244682522, 61.517594887200005), 57: (24.78165808288301, 62.69778188651617), 58: (19.31897154388146, 68.3964295420027), 6: (17.0179993028913, 70.7971887380346), 5: (15.198736650139557, 60.762742347834084), 16: (13.968192149862535, 53.96368470674314), 15: (12.10350083921412, 43.68103682373713), 22: (8.055044135610531, 44.69415939074262), 21: (6.074227111100897, 22.6870378069745), 13: (6.074233202382823, 22.687039618754625), 14: (15.358479605182257, 36.5756948104418), 56: (18.027105546709237, 35.004103543422886), 55: (16.003324618139832, 24.209662746476997), 36: (15.830607011174344, 23.28660568479486), 35: (12.800204881419583, 7.124458132481082), 49: (16.646380085962868, 11.686960983605852), 50: (30.416109112098347, 36.22156507278073), 10: (30.416168371161177, 36.22163695478935), 9: (29.136500647676435, 29.73671020140975), 11: (29.047685325419337, 29.28790834206824), 12: (31.790637770628752, 45.90000626081272), 45: (32.33571887930747, 42.54993337772162), 46: (39.512007212874316, 59.46524805218097)}
lowerBound: 645.7637535960978
upperBound: 645.7637941408148
solType: IP_Optimal
Path: 
50 50
56.3252 48.0786
61.047 29.0697
77.9406 19.7904
85.1002 37.6636
85.5401 38.7631
87.9381 44.7504
87.9381 44.7504
94.0262 70.0415
89.4532 66.1719
78.2746 39.1695
75.2873 41.0463
70.03 56.3976
61.4136 57.9819
62.9249 71.8775
62.9327 71.9193
66.1567 89.1678
78.0642 87.7998
82.8748 94.5042
86.6485 99.7654
89.5044 128.9221
73.3273 129.6884
58.1728 105.787
41.6629 104.4002
39.3113 113.6565
38.1452 118.2508
42.1703 94.413
44.487 92.8758
43.511 82.2403
43.1046 82.7877
37.943 67.2705
37.6807 66.4811
33.0882 52.6752
32.5989 55.846
30.9662 51.7888
30.9336 51.7076
29.6848 73.4314
29.6848 73.4314
25.9124 61.5176
24.7817 62.6978
19.319 68.3964
17.018 70.7972
15.1987 60.7627
13.9682 53.9637
12.1035 43.681
8.055 44.6942
6.0742 22.687
6.0742 22.687
15.3585 36.5757
18.0271 35.0041
16.0033 24.2097
15.8306 23.2866
12.8002 7.1245
16.6464 11.687
30.4161 36.2216
30.4162 36.2216
29.1365 29.7367
29.0477 29.2879
31.7906 45.9
32.3357 42.5499
39.512 59.4652
50 50
