OFV: 1149.2338154758438
Runtime: 3601.2183391790604
Gap: None
repPt: {0: (50, 50), 8: (56.97181502821863, 53.32393121907989), 7: (60.58297334436353, 35.68167227044663), 67: (60.58305598690597, 35.68164693419802), 68: (65.6078837410138, 51.80935314520813), 79: (63.50276885684603, 49.28863112355083), 80: (67.43148272287529, 67.12832763395605), 17: (73.87397573613679, 53.072252856988186), 18: (77.58991841650264, 69.76755989912046), 75: (77.67900800384334, 70.16906049521668), 76: (79.84277681888496, 79.8924829311009), 52: (79.81766828006846, 79.74261701390206), 51: (76.68673250583674, 61.088977090394735), 41: (76.61323871894098, 60.65057231786749), 42: (85.56762422714206, 87.31531183087198), 91: (86.99238068924919, 85.79914650798052), 92: (92.77185539720253, 91.51216140510394), 38: (97.49779794901085, 92.9787320373585), 37: (96.27969584396246, 75.23407758548647), 2: (96.236798425993, 74.60781533227969), 1: (94.41576478668078, 48.0822300710813), 43: (94.84519536915354, 48.459333314929154), 44: (99.87918297750066, 58.44332464406454), 86: (98.83724952393311, 54.793324068392025), 85: (89.32322461665352, 21.49380564100045), 31: (89.32274402716814, 21.493645784102444), 32: (87.0616397981446, 43.30037996090856), 62: (86.5494183838463, 36.777311850701565), 61: (85.59884692505231, 24.664316413002712), 11: (84.34181302524777, 25.847078060586473), 12: (77.99795454280391, 46.34546996301659), 28: (75.82878700864623, 46.72175299205093), 27: (73.69394526950504, 24.876141165114312), 9: (73.69395644214512, 24.876132447763055), 10: (73.38188773728143, 31.691371606677855), 24: (70.79745674707223, 31.225108050653905), 23: (58.20666499138365, 8.874881698139124), 89: (45.801190114689916, 8.469547279529658), 90: (45.960939746520786, 20.544505804941593), 65: (48.9778084427395, 17.96266027163442), 66: (55.66624872756549, 44.7902724132558), 4: (55.66623127566168, 44.79027941545417), 3: (53.648353873043746, 36.19307419896836), 5: (53.58030708991634, 35.90295808767113), 6: (58.125040014375216, 63.31087475199993), 57: (57.34740573846086, 63.11002196594862), 58: (55.82256385920568, 77.46812523501168), 45: (55.86405484554858, 77.2867287944536), 46: (58.308021563394156, 83.58020585099028), 53: (58.35701935254635, 79.39753388411984), 54: (59.70761810328308, 97.58027901701611), 63: (59.65536774977502, 97.40179714493586), 64: (64.58371254965435, 106.02942552238488), 78: (75.6287175457756, 110.45446783229775), 77: (74.30510001200652, 100.56080231720847), 13: (63.51069514103992, 100.54690508060915), 14: (60.985270903706606, 121.08052302364491), 56: (60.87920836751785, 121.500043229385), 55: (54.927779118976844, 98.68903883472007), 88: (54.768337000151796, 98.07730785842641), 87: (47.49161004199942, 70.18586823183675), 59: (41.11691936745842, 72.88655747162686), 60: (41.89330872709965, 94.60427395489836), 16: (41.859555664510815, 93.88808360541982), 15: (40.60256241488612, 67.09905050154599), 25: (40.59181361013552, 67.22369811595229), 26: (38.63738826388667, 89.90663056680022), 71: (32.70567738354019, 87.33861986892866), 72: (33.64999252787907, 119.82024514702165), 70: (33.64998905660795, 119.82029216210154), 69: (30.51566623739585, 104.1313374171086), 74: (13.39834665573165, 115.859549273994), 73: (13.01975960449498, 90.08510375411485), 96: (32.41370404696317, 95.84675226598898), 95: (29.81475782277773, 69.87617924115449), 82: (23.49307363636724, 65.66248861965053), 81: (15.816096857308485, 46.095275767953396), 83: (15.816102398628402, 46.09529776030311), 84: (18.51934401290138, 60.190924140234145), 98: (8.63659851490177, 41.92864909447461), 97: (4.843025117067374, 28.28724122136254), 100: (7.008978067509745, 34.94798135213351), 99: (7.854226727486681, 12.378583592904121), 49: (7.917064900538745, 10.68257532494378), 50: (9.683324311726754, 19.201881186513035), 93: (9.726842912049541, 19.41110567275009), 94: (11.943270699106188, 30.100321831715554), 36: (12.029646609211197, 29.62885724233726), 35: (15.535157973541601, 10.573388487883715), 33: (21.395735842435922, 11.070042960840661), 34: (31.912238930919212, 34.88641901544217), 30: (38.45880189982642, 39.78568433933782), 29: (33.103046605772626, 21.174495013654614), 21: (32.91410961829242, 20.515730221009417), 22: (33.81899161896662, 30.807902816471916), 19: (33.807722187165226, 30.390521721776814), 20: (35.09000504884603, 43.5311606655066), 48: (35.18596636803173, 44.50818437476355), 47: (38.92958130056857, 27.11068129951465), 39: (39.216615507979924, 25.773239227798584), 40: (49.774906028662315, 49.493638805853564)}
lowerBound: 1140.0758598435232
upperBound: 1149.2338154758438
solType: IP_TimeLimit
Path: 
50 50
56.9718 53.3239
60.583 35.6817
60.5831 35.6816
65.6079 51.8094
63.5028 49.2886
67.4315 67.1283
73.874 53.0723
77.5899 69.7676
77.679 70.1691
79.8428 79.8925
79.8177 79.7426
76.6867 61.089
76.6132 60.6506
85.5676 87.3153
86.9924 85.7991
92.7719 91.5122
97.4978 92.9787
96.2797 75.2341
96.2368 74.6078
94.4158 48.0822
94.8452 48.4593
99.8792 58.4433
98.8372 54.7933
89.3232 21.4938
89.3227 21.4936
87.0616 43.3004
86.5494 36.7773
85.5988 24.6643
84.3418 25.8471
77.998 46.3455
75.8288 46.7218
73.6939 24.8761
73.694 24.8761
73.3819 31.6914
70.7975 31.2251
58.2067 8.8749
45.8012 8.4695
45.9609 20.5445
48.9778 17.9627
55.6662 44.7903
55.6662 44.7903
53.6484 36.1931
53.5803 35.903
58.125 63.3109
57.3474 63.11
55.8226 77.4681
55.8641 77.2867
58.308 83.5802
58.357 79.3975
59.7076 97.5803
59.6554 97.4018
64.5837 106.0294
75.6287 110.4545
74.3051 100.5608
63.5107 100.5469
60.9853 121.0805
60.8792 121.5
54.9278 98.689
54.7683 98.0773
47.4916 70.1859
41.1169 72.8866
41.8933 94.6043
41.8596 93.8881
40.6026 67.0991
40.5918 67.2237
38.6374 89.9066
32.7057 87.3386
33.65 119.8202
33.65 119.8203
30.5157 104.1313
13.3983 115.8595
13.0198 90.0851
32.4137 95.8468
29.8148 69.8762
23.4931 65.6625
15.8161 46.0953
15.8161 46.0953
18.5193 60.1909
8.6366 41.9286
4.843 28.2872
7.009 34.948
7.8542 12.3786
7.9171 10.6826
9.6833 19.2019
9.7268 19.4111
11.9433 30.1003
12.0296 29.6289
15.5352 10.5734
21.3957 11.07
31.9122 34.8864
38.4588 39.7857
33.103 21.1745
32.9141 20.5157
33.819 30.8079
33.8077 30.3905
35.09 43.5312
35.186 44.5082
38.9296 27.1107
39.2166 25.7732
49.7749 49.4936
50 50
