OFV: 835.925498059068
Runtime: 3600.6932839910733
Gap: None
repPt: {0: (50, 50), 65: (50.0772809586027, 50.242760927496235), 66: (53.53353117227432, 61.11785899830517), 31: (53.63808939676839, 61.44614529657262), 32: (61.501525976560146, 86.18810744643137), 73: (70.7882048570374, 85.43633155691873), 74: (73.34307316678374, 94.69523107764206), 2: (74.82691260959396, 100.0790472760658), 1: (71.48041293672374, 82.10703227869577), 6: (71.48042163279923, 82.10705950945056), 5: (69.31746519949039, 53.937233311078735), 8: (69.1573266103513, 51.83569859156416), 7: (68.21254845778637, 39.522882497800566), 30: (67.21925468682969, 26.5742092245723), 29: (66.30538397885974, 14.669728598982651), 43: (80.96044162871938, 20.758276589744092), 44: (83.85232552232625, 28.50844897646474), 47: (83.91165673019265, 28.66780892187005), 48: (86.79704030293222, 36.4006726623477), 50: (87.5813091502726, 34.46491961242583), 49: (89.42489034392872, 29.928105081796115), 15: (90.9277435703731, 28.58577250078484), 16: (93.93068730418041, 48.49249627948821), 54: (87.10029817794316, 51.684524170834386), 53: (82.62731176726258, 37.75293959691998), 17: (82.78129014343543, 39.29499613082753), 18: (85.47361772642458, 66.07730968537128), 77: (85.47361945485332, 66.07732658206066), 78: (87.5985797384516, 78.68674298479627), 41: (94.30927701740103, 65.87997341435204), 42: (96.9354242190969, 89.42394867281538), 39: (97.05272261013593, 90.48234543019124), 40: (100.11349360309259, 117.92078243887136), 76: (100.37961474653966, 120.31470158506818), 75: (92.219710175998, 100.21359259215504), 9: (86.41537658579895, 98.30257065371697), 10: (85.30972355770851, 115.175783670963), 80: (83.24389206254783, 114.06301865042053), 79: (78.13794030964493, 100.95071731031854), 3: (78.17222756158588, 101.76497070117489), 4: (78.35109480590572, 105.9753282339297), 36: (78.35124434922616, 105.97900934945221), 35: (70.70076958001687, 77.02985511304935), 62: (70.36079087486377, 76.03632643255476), 61: (66.73364766665966, 65.45102604643053), 37: (66.57927253272858, 64.99995045587661), 38: (66.5918757861301, 66.49422359889107), 69: (66.57230454122207, 66.4641663912045), 70: (64.89843985409956, 75.70769475285233), 71: (64.82320326223414, 76.12039077645245), 72: (61.64520800421627, 93.67191129799926), 63: (54.57583843488679, 94.11775535291909), 64: (48.18086501226602, 104.28411953696445), 24: (33.19606497167953, 103.47899169187532), 23: (19.89791857445079, 84.51766638302001), 19: (5.762574146497045, 83.7300962465745), 20: (5.499839776718391, 97.64884513098846), 28: (5.48822740269155, 98.30253114012817), 27: (6.2161272398464735, 77.56225895462656), 52: (21.574739992646137, 79.02882007207086), 51: (21.020748700388324, 66.86279550977109), 56: (21.649938121379297, 70.74890593716289), 55: (11.894938429442464, 45.91180325815897), 60: (10.063824087123612, 41.25676680319869), 59: (5.470055543175936, 23.102319523782672), 34: (13.35369738082091, 26.39826481501258), 33: (16.13785664143728, 13.38160528527432), 11: (24.670897385535458, 9.101157550861398), 12: (27.438174491043597, 15.178131143777222), 67: (30.05201081982726, 20.92459823320343), 68: (36.59452354035384, 37.641629637121284), 13: (34.41499425974871, 37.779932949580534), 14: (38.69354676570493, 56.31011095146559), 21: (38.705800771085784, 56.36317682226495), 22: (44.02172797080958, 79.38579695682607), 25: (44.78460240121049, 79.01722861080826), 26: (46.61978850187155, 86.9002100887284), 46: (46.31853911683997, 84.16821939523658), 45: (44.091578656944286, 64.04326066445364), 58: (44.09158181938833, 64.04321686294658), 57: (43.29339428226022, 45.07685632839033)}
lowerBound: 810.9170583601008
upperBound: 835.925498059068
solType: IP_TimeLimit
Path: 
50 50
50.0773 50.2428
53.5335 61.1179
53.6381 61.4461
61.5015 86.1881
70.7882 85.4363
73.3431 94.6952
74.8269 100.079
71.4804 82.107
71.4804 82.1071
69.3175 53.9372
69.1573 51.8357
68.2125 39.5229
67.2193 26.5742
66.3054 14.6697
80.9604 20.7583
83.8523 28.5084
83.9117 28.6678
86.797 36.4007
87.5813 34.4649
89.4249 29.9281
90.9277 28.5858
93.9307 48.4925
87.1003 51.6845
82.6273 37.7529
82.7813 39.295
85.4736 66.0773
85.4736 66.0773
87.5986 78.6867
94.3093 65.88
96.9354 89.4239
97.0527 90.4823
100.1135 117.9208
100.3796 120.3147
92.2197 100.2136
86.4154 98.3026
85.3097 115.1758
83.2439 114.063
78.1379 100.9507
78.1722 101.765
78.3511 105.9753
78.3512 105.979
70.7008 77.0299
70.3608 76.0363
66.7336 65.451
66.5793 65.0
66.5919 66.4942
66.5723 66.4642
64.8984 75.7077
64.8232 76.1204
61.6452 93.6719
54.5758 94.1178
48.1809 104.2841
33.1961 103.479
19.8979 84.5177
5.7626 83.7301
5.4998 97.6488
5.4882 98.3025
6.2161 77.5623
21.5747 79.0288
21.0207 66.8628
21.6499 70.7489
11.8949 45.9118
10.0638 41.2568
5.4701 23.1023
13.3537 26.3983
16.1379 13.3816
24.6709 9.1012
27.4382 15.1781
30.052 20.9246
36.5945 37.6416
34.415 37.7799
38.6935 56.3101
38.7058 56.3632
44.0217 79.3858
44.7846 79.0172
46.6198 86.9002
46.3185 84.1682
44.0916 64.0433
44.0916 64.0432
43.2934 45.0769
50 50
