OFV: 483.31758454647354
Runtime: 14.929903846001253
Gap: 1.953200652783397e-08
repPt: {0: (50, 50), 1: (84.52494057680417, 7.769541943290462), 2: (87.24150380146472, 36.775215905804984), 13: (89.08452679574937, 56.48440769614922), 14: (90.80076281118546, 74.83239598179658), 19: (88.3024023878687, 92.79684147734507), 20: (83.94695457538855, 124.14071557205375), 4: (4.611129790266437, 116.07246348657173), 12: (4.40428396203351, 101.96022994859842), 3: (2.7623977363590555, 84.21364955715399), 11: (5.977941696159222, 84.46914802587028), 6: (29.703583112082764, 86.35406511478729), 5: (28.924070054862206, 72.45736601751298), 18: (14.12220561590369, 73.59671410704014), 17: (11.244027982006937, 45.76592742302323), 16: (11.130819260149813, 44.671259964380894), 15: (8.650165988182772, 20.67711333342496), 10: (4.115991780876286, 26.31310591769672), 9: (2.5137002319806867, 13.723738031110189), 7: (17.139111936710908, 17.081000416618433), 8: (22.33404439713341, 44.39148043769502)}
solType: IP_Optimal
lowerBound: 483.3175751063113
upperBound: 483.31758454647354
Path: 
50 50
84.5249 7.7695
87.2415 36.7752
89.0845 56.4844
90.8008 74.8324
88.3024 92.7968
83.947 124.1407
4.6111 116.0725
4.4043 101.9602
2.7624 84.2136
5.9779 84.4691
29.7036 86.3541
28.9241 72.4574
14.1222 73.5967
11.244 45.7659
11.1308 44.6713
8.6502 20.6771
4.116 26.3131
2.5137 13.7237
17.1391 17.081
22.334 44.3915
50 50
