OFV: 800.3514902318707
Runtime: 1.1382958058966324
Gap: None
repPt: {0: (50, 50), 26: (54.64692695902069, 61.07331080879316), 25: (55.78692448292144, 39.98042981390225), 42: (55.78693469542486, 39.980456609097516), 41: (55.10666403819109, 31.763059413785584), 57: (55.23862334956754, 32.58161557310906), 58: (60.22001041802635, 63.40458067342153), 4: (62.063499555989544, 62.91531777551382), 3: (67.98499836268357, 55.485357222382845), 22: (77.11269439730893, 48.62725619831012), 21: (81.67702794312025, 19.339253746833656), 29: (84.49773718342183, 24.938945490560002), 30: (91.81073554482226, 39.441302438003994), 20: (99.47177221936887, 43.721327293102156), 19: (93.59435437341999, 19.69023644412502), 14: (93.39410660036559, 19.274921269732612), 13: (89.10701422960466, 10.405251075552078), 45: (85.33391839448974, 9.786369574257701), 46: (79.23447081531214, 33.599427137054484), 27: (67.05140252850731, 37.710539191534686), 28: (62.99658843089599, 46.6116894945778), 55: (62.996569558672995, 46.61170835118717), 56: (63.65484690083003, 77.39703357943333), 6: (63.67458154749384, 78.30006461019022), 5: (63.76017542112426, 70.79094397525171), 43: (72.4412754198765, 72.00215720993208), 44: (80.85390815533563, 87.6829363350319), 53: (84.3488261363447, 89.6058576261886), 54: (94.91634634502219, 116.2952624875997), 12: (94.17831204225094, 112.31802476340393), 11: (91.76921931913118, 99.3743780375069), 60: (91.66438719655343, 98.80692098362954), 59: (90.29966400965463, 91.47742357278416), 51: (86.58602505289203, 96.59207786349998), 52: (80.7329933595577, 126.7649942500411), 34: (80.11454318204208, 127.33490199998678), 33: (74.0457931833068, 98.90800440005792), 1: (39.55956444516747, 95.10990496408606), 2: (41.48625489163817, 123.64955436975862), 32: (40.700273307457344, 121.90145521903733), 31: (30.785328156538576, 99.87614437743869), 38: (9.908269683472172, 106.76469943877946), 37: (7.586570360381902, 99.0455636750511), 10: (12.39304008445814, 99.44040656166685), 9: (12.037341443489057, 66.41449190084647), 50: (11.805738290899601, 44.93941399942191), 49: (9.225551372933884, 14.595581557673027), 47: (4.7388029141774135, 14.370601572657078), 48: (2.6207527505712025, 24.127192284757783), 17: (2.6014262963004726, 20.535353674418694), 18: (6.77066080144002, 33.2389761070355), 16: (17.62343836701519, 22.482210043720645), 15: (20.162106147999896, 11.149533034567943), 23: (21.030798617668566, 7.260049707810136), 24: (26.129832301067392, 17.230560118620286), 39: (33.46439004321441, 15.266868960659519), 40: (43.92571783008274, 35.845351411190364), 36: (52.01812276436095, 37.062737917733976), 35: (53.07327923557539, 25.799928599565057), 7: (53.090311795792644, 26.004615687791304), 8: (55.324175751295755, 53.076261775388254)}
lowerBound: 800.3513890282261
upperBound: 800.3514902318707
solType: IP_Optimal
Path: 
50 50
54.6469 61.0733
55.7869 39.9804
55.7869 39.9805
55.1067 31.7631
55.2386 32.5816
60.22 63.4046
62.0635 62.9153
67.985 55.4854
77.1127 48.6273
81.677 19.3393
84.4977 24.9389
91.8107 39.4413
99.4718 43.7213
93.5944 19.6902
93.3941 19.2749
89.107 10.4053
85.3339 9.7864
79.2345 33.5994
67.0514 37.7105
62.9966 46.6117
62.9966 46.6117
63.6548 77.397
63.6746 78.3001
63.7602 70.7909
72.4413 72.0022
80.8539 87.6829
84.3488 89.6059
94.9163 116.2953
94.1783 112.318
91.7692 99.3744
91.6644 98.8069
90.2997 91.4774
86.586 96.5921
80.733 126.765
80.1145 127.3349
74.0458 98.908
39.5596 95.1099
41.4863 123.6496
40.7003 121.9015
30.7853 99.8761
9.9083 106.7647
7.5866 99.0456
12.393 99.4404
12.0373 66.4145
11.8057 44.9394
9.2256 14.5956
4.7388 14.3706
2.6208 24.1272
2.6014 20.5354
6.7707 33.239
17.6234 22.4822
20.1621 11.1495
21.0308 7.26
26.1298 17.2306
33.4644 15.2669
43.9257 35.8454
52.0181 37.0627
53.0733 25.7999
53.0903 26.0046
55.3242 53.0763
50 50
