OFV: 245.58026404248344
Runtime: 1.6123387989937328
Gap: 1.4147104185692514e-08
repPt: {0: (50, 50), 10: (12.16331901507017, 36.366491420192915), 9: (6.691690294847297, 18.64066132343831), 3: (76.58428706663909, 23.28354978314631), 4: (78.39612352752609, 45.88554067154936), 1: (76.36674995147531, 48.47976699231069), 2: (72.89512903541352, 76.80599649272122), 6: (53.95610940937706, 79.55699311271209), 5: (50.392269931310366, 71.71396173508539), 8: (47.59640376296372, 65.56084276234795), 7: (44.25116412801661, 45.43234936491163)}
solType: IP_Optimal
lowerBound: 245.58026056823385
upperBound: 245.58026404248344
Path: 
50 50
12.1633 36.3665
6.6917 18.6407
76.5843 23.2835
78.3961 45.8855
76.3667 48.4798
72.8951 76.806
53.9561 79.557
50.3923 71.714
47.5964 65.5608
44.2512 45.4323
50 50
