OFV: 614.0646099519399
Runtime: 0.5747774470364675
Gap: None
repPt: {0: (50, 50), 28: (47.239800487198735, 51.57654211808946), 27: (35.56363283116645, 22.611539119780137), 22: (33.5139312365179, 24.76669320412561), 21: (25.469874753471252, 7.369309738177813), 5: (19.993146903438735, 9.071610772174722), 6: (20.96706061186403, 30.40728208930582), 26: (21.081568831984743, 32.90477349614259), 25: (20.751621011877482, 24.987848176391577), 37: (20.68541170920045, 25.349592038628888), 38: (17.131148979108726, 44.80534584285788), 14: (17.103748223651465, 44.495838590506786), 13: (14.875772846597355, 19.39994130415928), 19: (14.443658048440671, 23.79622397474988), 20: (11.96539178067605, 48.99399645051617), 7: (6.204826713064637, 74.07091447347722), 8: (4.028535250104859, 87.13937189131657), 35: (4.709869510612857, 85.75214296114503), 36: (8.360397906801724, 105.93150383052858), 16: (11.53796856022537, 98.49294082704719), 15: (16.688830677436865, 83.73977091565418), 12: (23.454883123290347, 64.36515488784086), 11: (28.539626651951814, 33.508519286542146), 3: (37.52370133391503, 33.48985402960519), 4: (42.794106047896875, 48.2573569307221), 9: (47.19022500019283, 47.02090461382958), 10: (56.85294922029451, 64.19382407264119), 34: (66.34800511361158, 65.6899959189206), 33: (64.49336839514366, 31.927105520094795), 1: (72.92755204303005, 15.286108955824062), 2: (79.73503388027996, 35.85432257472845), 39: (81.43831352403593, 33.441642815130756), 40: (91.05366639034622, 63.57150632285425), 23: (93.25289014346465, 68.24509348849645), 24: (102.31463529547908, 95.964543495109), 30: (73.37700080507021, 98.77700737750425), 29: (67.38376793430882, 82.03818871906991), 18: (67.14381855677522, 90.30656720600474), 17: (65.62119247938577, 78.78722771973868), 32: (65.58444038285263, 78.5098526183225), 31: (61.9966780963269, 51.36745506478278)}
lowerBound: 614.0645882622648
upperBound: 614.0646099519399
solType: IP_Optimal
Path: 
50 50
47.2398 51.5765
35.5636 22.6115
33.5139 24.7667
25.4699 7.3693
19.9931 9.0716
20.9671 30.4073
21.0816 32.9048
20.7516 24.9878
20.6854 25.3496
17.1311 44.8053
17.1037 44.4958
14.8758 19.3999
14.4437 23.7962
11.9654 48.994
6.2048 74.0709
4.0285 87.1394
4.7099 85.7521
8.3604 105.9315
11.538 98.4929
16.6888 83.7398
23.4549 64.3652
28.5396 33.5085
37.5237 33.4899
42.7941 48.2574
47.1902 47.0209
56.8529 64.1938
66.348 65.69
64.4934 31.9271
72.9276 15.2861
79.735 35.8543
81.4383 33.4416
91.0537 63.5715
93.2529 68.2451
102.3146 95.9645
73.377 98.777
67.3838 82.0382
67.1438 90.3066
65.6212 78.7872
65.5844 78.5099
61.9967 51.3675
50 50
