OFV: 1069.4284324859216
Runtime: 150.29420300596394
Gap: None
repPt: {0: (50, 50), 68: (41.20706608594575, 51.46565633090551), 67: (33.85113048128809, 39.07196152824214), 17: (29.466838191268582, 31.6848599031754), 18: (27.332101160583647, 51.85766885428979), 30: (25.10128447877223, 52.71798511187214), 29: (18.147902697532285, 35.28566724494988), 36: (18.147871428475717, 35.285600705989374), 35: (5.121168006596447, 4.874206585667698), 69: (4.061478092328583, 4.228603667358934), 70: (8.981413590435213, 23.941578247173783), 27: (23.26630564748755, 7.712047928928051), 28: (31.729716312607344, 31.20290049470616), 6: (31.814708382580637, 30.90397114545209), 5: (37.235690508341605, 11.883883950888842), 37: (43.06856263713967, 8.552508698102478), 38: (45.401697006348726, 16.04338845517792), 51: (45.467302127752426, 16.25400872575735), 52: (53.117057425357444, 40.81468606961145), 14: (53.30682588436775, 39.54432546965016), 13: (55.29508116295584, 26.271098451586944), 63: (59.024743733199266, 21.48301381942605), 64: (61.792671284755166, 33.394261970110556), 43: (61.98348011508637, 34.21535838687047), 44: (66.12687430326888, 52.045645596001), 66: (83.8525384812738, 47.780054902573504), 65: (88.94192542580153, 18.45809804404861), 45: (96.50188786410888, 7.154330778782014), 46: (99.08931192370169, 31.543880903718197), 19: (84.24753470793851, 28.919867037529944), 20: (90.60680537354965, 54.96952292906561), 9: (92.45310876559428, 62.53605286813088), 10: (96.13811101390768, 77.6344503434166), 53: (96.31280085092497, 78.35053256062707), 54: (101.19604056213083, 98.35502040144378), 31: (97.51575478647284, 98.05520298736842), 32: (99.23230679332501, 122.54001551258582), 22: (99.45504413628099, 125.71041236474083), 21: (88.90769139166524, 96.91022789433228), 80: (83.54087972495748, 92.99765899586859), 79: (77.64093735161347, 69.7996511481868), 59: (77.0866313687439, 71.78297273502267), 60: (73.92996659626638, 83.06045484105938), 55: (69.81623306808231, 85.50855570264692), 56: (64.77493309053338, 101.37443404033397), 74: (62.32508073426558, 103.3449940587135), 73: (58.36344694722487, 76.36882589925733), 3: (57.63676653273874, 71.42948493959443), 4: (61.780203797605594, 92.9412833085635), 34: (61.78019350407218, 92.94128172323751), 33: (50.59171336553924, 66.17895018468712), 15: (42.27057944600932, 69.20041365850179), 16: (44.043739096000856, 82.91300798905175), 75: (44.04374578324462, 82.9130417058256), 76: (47.445106921212, 112.20239976247164), 23: (47.97261316519695, 102.3925579198103), 24: (51.70883089668412, 125.2297331230048), 58: (51.8766657976932, 126.25196396161637), 57: (43.285211547530324, 101.33316528992513), 50: (40.27443212448523, 105.21680477454831), 49: (33.90869232554215, 77.59730480948454), 2: (33.90867767524018, 77.59727666447543), 1: (28.064544419486523, 60.01020733762151), 71: (28.064534851151002, 60.01020214128204), 72: (27.31110582924719, 88.18524904933521), 48: (8.968164708132772, 93.9230786231845), 47: (5.633843142590966, 88.42180422429118), 7: (5.838809051809612, 89.00785507882898), 8: (9.341403320103726, 99.01089247319028), 11: (9.509622025730492, 99.4920908725292), 12: (16.788229680342695, 120.26207047631449), 78: (19.94872257897919, 128.33434893361147), 77: (17.600305693388364, 102.74925785938882), 39: (26.56559614196465, 102.16734219588785), 40: (31.553047847042848, 111.53476817999082), 26: (33.548411695923136, 110.12330028967234), 25: (33.28580665281622, 81.98067863239325), 41: (33.6760128857086, 82.83539985046208), 42: (38.69950448917992, 93.82501303868149), 62: (42.08906790394858, 89.16627168257718), 61: (46.871394783428435, 60.52672661457259)}
lowerBound: 1069.4283524496834
upperBound: 1069.4284324859216
solType: IP_Optimal
Path: 
50 50
41.2071 51.4657
33.8511 39.072
29.4668 31.6849
27.3321 51.8577
25.1013 52.718
18.1479 35.2857
18.1479 35.2856
5.1212 4.8742
4.0615 4.2286
8.9814 23.9416
23.2663 7.712
31.7297 31.2029
31.8147 30.904
37.2357 11.8839
43.0686 8.5525
45.4017 16.0434
45.4673 16.254
53.1171 40.8147
53.3068 39.5443
55.2951 26.2711
59.0247 21.483
61.7927 33.3943
61.9835 34.2154
66.1269 52.0456
83.8525 47.7801
88.9419 18.4581
96.5019 7.1543
99.0893 31.5439
84.2475 28.9199
90.6068 54.9695
92.4531 62.5361
96.1381 77.6345
96.3128 78.3505
101.196 98.355
97.5158 98.0552
99.2323 122.54
99.455 125.7104
88.9077 96.9102
83.5409 92.9977
77.6409 69.7997
77.0866 71.783
73.93 83.0605
69.8162 85.5086
64.7749 101.3744
62.3251 103.345
58.3634 76.3688
57.6368 71.4295
61.7802 92.9413
61.7802 92.9413
50.5917 66.179
42.2706 69.2004
44.0437 82.913
44.0437 82.913
47.4451 112.2024
47.9726 102.3926
51.7088 125.2297
51.8767 126.252
43.2852 101.3332
40.2744 105.2168
33.9087 77.5973
33.9087 77.5973
28.0645 60.0102
28.0645 60.0102
27.3111 88.1852
8.9682 93.9231
5.6338 88.4218
5.8388 89.0079
9.3414 99.0109
9.5096 99.4921
16.7882 120.2621
19.9487 128.3343
17.6003 102.7493
26.5656 102.1673
31.553 111.5348
33.5484 110.1233
33.2858 81.9807
33.676 82.8354
38.6995 93.825
42.0891 89.1663
46.8714 60.5267
50 50
