OFV: 310.5742013373059
Runtime: 3605.354628456
Gap: 0.16651912944702588
repPt: {0: (50, 50), 10: (36.88206420968393, 36.364764466004694), 9: (31.87581599339734, 21.54551645596139), 20: (37.578442929628046, 20.685705458382948), 19: (43.26053836165633, 15.46660416222825), 7: (43.276628744883915, 15.460353516464753), 8: (49.32967370837657, 32.21270663484586), 12: (65.29247380992153, 24.41933102537502), 11: (70.38760994009432, 16.099873759146202), 1: (81.98310134816582, 7.317051123793391), 2: (81.3215804407328, 27.852700665153023), 3: (69.69889965546082, 50.596922945885204), 4: (60.077547531557016, 69.41785610821825), 17: (51.33945384017208, 86.47420915388984), 18: (45.59284023655454, 97.69392384793802), 14: (24.0186230258893, 85.4377653721693), 13: (17.256910207663815, 81.59528747692043), 6: (10.439891574303173, 86.15848108901189), 5: (7.845356078484607, 71.62899501324495), 16: (35.56108159313525, 61.90295891809395), 15: (40.70143690000626, 57.663938333791926)}
solType: IP_TimeLimit
lowerBound: 258.8576557019124
upperBound: 310.5742013373059
Path: 
50 50
36.8821 36.3648
31.8758 21.5455
37.5784 20.6857
43.2605 15.4666
43.2766 15.4604
49.3297 32.2127
65.2925 24.4193
70.3876 16.0999
81.9831 7.3171
81.3216 27.8527
69.6989 50.5969
60.0775 69.4179
51.3395 86.4742
45.5928 97.6939
24.0186 85.4378
17.2569 81.5953
10.4399 86.1585
7.8454 71.629
35.5611 61.903
40.7014 57.6639
50 50
