OFV: 314.0083508207274
Runtime: 0.009725990938022733
Gap: None
repPt: {0: (50, 50), 2: (61.662531659416864, 39.77039844586403), 1: (64.06117330728505, 23.073426088862774), 7: (91.36883806212577, 37.51034738525183), 8: (92.78613841563347, 66.57124753367431), 9: (74.01146825917935, 65.52575711259864), 10: (73.11413490908629, 85.2794540189227), 5: (70.97353506251518, 81.42341418865344), 6: (70.28013666713198, 94.23416386817533), 12: (51.64572307574876, 111.72167540413767), 11: (47.907285289976436, 96.80924773568555), 4: (8.60825471812499, 59.30951365433249), 3: (6.631681331899524, 34.77590881637563)}
lowerBound: 313.98150655188874
upperBound: 314.0083508207274
solType: IP_Optimal
Path: 
50 50
61.6625 39.7704
64.0612 23.0734
91.3688 37.5103
92.7861 66.5712
74.0115 65.5258
73.1141 85.2795
70.9735 81.4234
70.2801 94.2342
51.6457 111.7217
47.9073 96.8092
8.6083 59.3095
6.6317 34.7759
50 50
