OFV: 138.97866160744775
Runtime: 57.60859211599745
Gap: -8.529936006833614e-08
repPt: {0: (50, 50), 11: (50.22125741110723, 51.13846169323155), 12: (52.3666106863093, 62.218661674309786), 1: (60.241160684163205, 59.40518327600881), 2: (61.35667303326796, 71.2157821321344), 9: (61.78176352200253, 75.72512912934504), 10: (63.69702421498225, 95.98760658852439), 8: (72.99144984041915, 86.26915269865536), 6: (74.14584375623934, 85.06320630751745), 5: (76.49361023649477, 62.2557262552701), 4: (76.51297598050095, 62.06718116178707), 3: (78.04815964040198, 47.14765991845148), 7: (65.93375083554216, 48.38179697403441)}
solType: IP_Optimal
lowerBound: 138.97867346223865
upperBound: 138.97866160744775
Path: 
50 50
50.2213 51.1385
52.3666 62.2187
60.2412 59.4052
61.3567 71.2158
61.7818 75.7251
63.697 95.9876
72.9914 86.2692
74.1458 85.0632
76.4936 62.2557
76.513 62.0672
78.0482 47.1477
65.9338 48.3818
50 50
