OFV: 377.07360564300524
Runtime: 1.5015986729995348
Gap: -1.640775588212134e-08
repPt: {0: (50, 50), 16: (70.2714322789675, 23.30039186944844), 15: (70.78732762173868, 6.224672437663507), 9: (18.82202145239178, 13.015598844561039), 10: (18.325767248009882, 28.007642389888552), 1: (10.593632422258949, 61.09538009204558), 2: (12.393843387680421, 79.25073079142287), 3: (13.083033565554915, 86.19132289785088), 4: (16.274593230024156, 116.03344571592598), 11: (58.93103414861586, 92.0030928590482), 12: (67.64733117320611, 117.57185446398402), 8: (67.58283785383827, 116.98456224819132), 7: (65.04820494587929, 93.86308229224969), 6: (75.91162374554845, 97.86889440972078), 5: (73.70467823576203, 82.64701041251168), 14: (73.46993808083603, 81.02902324882895), 13: (71.4926723835707, 67.38386642848428)}
solType: IP_Optimal
lowerBound: 377.0736118299369
upperBound: 377.07360564300524
Path: 
50 50
70.2714 23.3004
70.7873 6.2247
18.822 13.0156
18.3258 28.0076
10.5936 61.0954
12.3938 79.2507
13.083 86.1913
16.2746 116.0334
58.931 92.0031
67.6473 117.5719
67.5828 116.9846
65.0482 93.8631
75.9116 97.8689
73.7047 82.647
73.4699 81.029
71.4927 67.3839
50 50
