OFV: 457.0771361034622
Runtime: 0.04117980704177171
Gap: None
repPt: {0: (50, 50), 1: (83.86817717556754, 9.65957027588127), 2: (85.97257246737288, 37.41554701326861), 13: (87.41538841701016, 56.457659420801825), 14: (88.80162723783039, 74.77288953838833), 19: (86.6481499063588, 91.63901415691684), 20: (82.69565739139576, 122.58042643028553), 4: (5.891438079580572, 114.52091539875126), 3: (2.3121435121138023, 87.07725665510011), 11: (2.3121507026743466, 87.0772803942788), 12: (8.589364848639997, 96.94351863415295), 6: (27.445153630277836, 86.04331269454937), 5: (27.206425151931736, 73.57008973793243), 18: (15.650599360520275, 72.28152543834403), 17: (11.703142907573874, 47.51074178631423), 16: (11.187852114514577, 44.27985655860223), 15: (7.7070138790122495, 22.467461919496003), 10: (5.129943088356021, 24.5469033651365), 9: (3.8005556650870864, 15.255838127715638), 7: (15.83574872651635, 18.605404636120667), 8: (23.650749101134537, 42.88166835947964)}
lowerBound: 457.07711121987853
upperBound: 457.0771361034622
solType: IP_Optimal
Path: 
50 50
83.8682 9.6596
85.9726 37.4155
87.4154 56.4577
88.8016 74.7729
86.6481 91.639
82.6957 122.5804
5.8914 114.5209
2.3121 87.0773
2.3122 87.0773
8.5894 96.9435
27.4452 86.0433
27.2064 73.5701
15.6506 72.2815
11.7031 47.5107
11.1879 44.2799
7.707 22.4675
5.1299 24.5469
3.8006 15.2558
15.8357 18.6054
23.6507 42.8817
50 50
