OFV: 335.6467780922953
Runtime: 60.727319653960876
Gap: -2.527072917641287e-07
repPt: {0: (50, 50), 3: (49.18509526826946, 44.99996745803296), 4: (46.98863096197365, 57.715239300434135), 19: (41.22052207202311, 60.622117405599944), 17: (41.22051523940378, 60.62212278779689), 18: (45.11624295635604, 80.19633976348133), 20: (47.52966676542959, 88.66358136273236), 10: (77.32375638568918, 74.30640264248683), 6: (78.60293660027897, 57.9327736320318), 8: (77.46936745300472, 51.184779593240364), 9: (75.74348357360748, 40.90829705696059), 7: (73.33958498551459, 26.567896762492406), 5: (73.76851305477793, 26.171536707476374), 13: (89.92482404522428, 28.766494311467795), 14: (96.10013999740856, 58.87823519461444), 16: (68.50396233286979, 47.16145043745505), 15: (60.49559550526353, 29.13811676918491), 12: (38.89309319917903, 19.950808810023148), 11: (31.692850405914832, 4.192850777917301), 1: (22.051568214625732, 19.336930203293456), 2: (25.43886503015685, 35.453005400743216)}
solType: IP_Optimal
lowerBound: 335.64686291268356
upperBound: 335.6467780922953
Path: 
50 50
49.1851 45.0
46.9886 57.7152
41.2205 60.6221
41.2205 60.6221
45.1162 80.1963
47.5297 88.6636
77.3238 74.3064
78.6029 57.9328
77.4694 51.1848
75.7435 40.9083
73.3396 26.5679
73.7685 26.1715
89.9248 28.7665
96.1001 58.8782
68.504 47.1615
60.4956 29.1381
38.8931 19.9508
31.6929 4.1929
22.0516 19.3369
25.4389 35.453
50 50
