OFV: 187.0941077317381
Runtime: 3.1276480100059416
Gap: 8.786691403581935e-08
repPt: {0: (50, 50), 1: (60.51419043350126, 57.08456715499502), 2: (69.66454702360667, 69.87239588406494), 8: (77.41038974688128, 80.6941310382804), 7: (75.28974298353918, 49.29377437646558), 3: (80.39649368586286, 46.468694917621065), 4: (79.98444615658045, 60.28933217076007), 5: (79.98444602569529, 60.289332427628416), 6: (76.09459066423722, 85.63518123288287), 10: (62.73437758994613, 97.78134491944225), 9: (55.29166518343615, 73.07232828107017), 12: (53.45764722499451, 66.97929500491949), 11: (48.6400823207495, 50.99110676928255)}
solType: IP_Optimal
lowerBound: 187.0940912923562
upperBound: 187.0941077317381
Path: 
50 50
60.5142 57.0846
69.6645 69.8724
77.4104 80.6941
75.2897 49.2938
80.3965 46.4687
79.9844 60.2893
79.9844 60.2893
76.0946 85.6352
62.7344 97.7813
55.2917 73.0723
53.4576 66.9793
48.6401 50.9911
50 50
