OFV: 283.33727971367585
Runtime: 0.024243174004368484
Gap: None
repPt: {0: (50, 50), 14: (44.94316405270369, 39.004531251453926), 13: (37.57920873689857, 22.990815422413913), 9: (9.408360837399382, 24.476848441234765), 10: (9.814456731679307, 32.110812077478556), 7: (10.415097706708185, 43.26290283969837), 8: (11.512788450603955, 63.977080787633234), 1: (11.099140843716802, 66.2903302693755), 2: (16.644309067905407, 92.6527814234158), 3: (34.97675639082718, 98.08988354218702), 4: (41.038068837778454, 101.24283549324399), 5: (43.95925324415691, 102.65639899986093), 6: (55.03802539047301, 123.13829045176418), 12: (85.64747680903048, 111.45968554263419), 11: (81.5021292449536, 99.75560972903307)}
lowerBound: 283.3372505330819
upperBound: 283.33727971367585
solType: IP_Optimal
Path: 
50 50
44.9432 39.0045
37.5792 22.9908
9.4084 24.4768
9.8145 32.1108
10.4151 43.2629
11.5128 63.9771
11.0991 66.2903
16.6443 92.6528
34.9768 98.0899
41.0381 101.2428
43.9593 102.6564
55.038 123.1383
85.6475 111.4597
81.5021 99.7556
50 50
