OFV: 392.98802819011445
Runtime: 0.09440534701570868
Gap: None
repPt: {0: (50, 50), 13: (62.78360896230493, 37.556611045705445), 14: (66.3282594707553, 57.221459989732665), 2: (66.88597718272403, 57.17562671055843), 1: (66.7670410543387, 43.97746168906286), 15: (67.79511429348737, 48.25262822048796), 16: (73.59466353691106, 72.34389151603403), 12: (97.7336648894834, 63.04631955970236), 11: (94.9689924324065, 38.98168294469645), 9: (91.67466374852582, 48.4284716546028), 10: (87.03557831028587, 61.73216050921585), 7: (79.22308972056243, 65.75581497660592), 8: (81.72011297314802, 96.15657886297433), 17: (76.39740704431875, 79.35847567734228), 18: (77.00360877455698, 102.49456690501043), 3: (71.91639988820084, 98.18453781336986), 4: (70.11842529539344, 115.21558752925614), 6: (11.460279531482886, 98.62740399115569), 5: (7.993821653179523, 74.02034959740813)}
lowerBound: 392.9879737935959
upperBound: 392.98802819011445
solType: IP_Optimal
Path: 
50 50
62.7836 37.5566
66.3283 57.2215
66.886 57.1756
66.767 43.9775
67.7951 48.2526
73.5947 72.3439
97.7337 63.0463
94.969 38.9817
91.6747 48.4285
87.0356 61.7322
79.2231 65.7558
81.7201 96.1566
76.3974 79.3585
77.0036 102.4946
71.9164 98.1845
70.1184 115.2156
11.4603 98.6274
7.9938 74.0203
50 50
