OFV: 664.7127461539646
Runtime: 488.4415058820741
Gap: None
repPt: {0: (50, 50), 59: (55.79377003880776, 50.61873024538528), 60: (60.2373544424731, 62.72555680232459), 11: (59.44022366113516, 57.705120597127745), 12: (68.35246988366363, 84.95515241987202), 35: (68.69863657434593, 85.08463643352054), 36: (76.98172190374399, 117.00826143624346), 56: (78.25116172261728, 121.90655083584468), 55: (70.26171530801972, 99.35346228987584), 58: (69.0682553131984, 99.8082745345152), 57: (66.61656690191484, 91.87234175906171), 54: (67.3124566516821, 94.01073607930174), 53: (70.74725291883337, 77.39232692110288), 17: (70.74725554436564, 77.39232735948711), 18: (73.61944994408834, 91.41812586904521), 24: (73.27330579845106, 89.35925440605698), 23: (69.19573213670682, 65.11264392721745), 15: (72.95785947238268, 63.870128004930265), 16: (80.49212914014558, 70.2816395818942), 40: (81.31156676263195, 70.97933964583643), 39: (77.18168163753684, 58.15204277021635), 22: (77.01515637687712, 57.634464332009884), 21: (74.65530825930021, 50.30745929157067), 6: (74.606703535592, 50.156380721641874), 5: (71.24299472068871, 39.714122817756305), 48: (65.65941472668672, 22.37370083429454), 47: (62.31957536375422, 12.007027639149523), 13: (62.319572996076666, 12.00702802551973), 14: (58.18551829370189, 18.744093482804693), 31: (43.79797155108882, 30.95666951137682), 32: (36.2831042926563, 44.278395360693736), 46: (35.819865538209065, 45.10045869588346), 45: (23.012413961395534, 23.545848532670387), 1: (10.112408509829965, 11.107024056537554), 2: (7.0683916895773695, 34.37643269016131), 34: (7.068390162201666, 34.37643143051849), 33: (6.723661577055136, 23.565948248429613), 25: (8.859403048720779, 23.827567862170675), 26: (11.897689769290826, 34.32867206793338), 3: (11.9287880720195, 34.436575861900735), 4: (15.122186494677877, 65.24311699169021), 7: (9.76705268781975, 85.1783623433298), 8: (11.204830486957658, 106.1366733840995), 29: (13.846365513831646, 102.1956632304303), 30: (21.656586454845716, 112.23187720220824), 42: (24.73483559328446, 116.1869414583838), 41: (23.208674223937003, 99.0957539049264), 49: (23.208686497805456, 99.09576896111537), 50: (34.174175435204575, 114.74447100108308), 52: (35.189470987769006, 116.19494421417858), 51: (36.067159942597804, 85.22947743931103), 37: (36.247061902362034, 78.84879637971027), 38: (44.36108419433576, 95.87752030800374), 28: (44.36108734948067, 95.87752497262785), 27: (47.41789187627257, 84.971921312517), 44: (49.090165596780786, 86.33193740115533), 43: (47.4174606154849, 69.07703937763259), 20: (47.15716060691466, 66.3835359218246), 19: (44.578332839789866, 39.783077719304664), 9: (44.15471090005803, 35.40161244391572), 10: (49.90341012825984, 49.758431369594916)}
lowerBound: 664.7126621107003
upperBound: 664.7127461539646
solType: IP_Optimal
Path: 
50 50
55.7938 50.6187
60.2374 62.7256
59.4402 57.7051
68.3525 84.9552
68.6986 85.0846
76.9817 117.0083
78.2512 121.9066
70.2617 99.3535
69.0683 99.8083
66.6166 91.8723
67.3125 94.0107
70.7473 77.3923
70.7473 77.3923
73.6194 91.4181
73.2733 89.3593
69.1957 65.1126
72.9579 63.8701
80.4921 70.2816
81.3116 70.9793
77.1817 58.152
77.0152 57.6345
74.6553 50.3075
74.6067 50.1564
71.243 39.7141
65.6594 22.3737
62.3196 12.007
62.3196 12.007
58.1855 18.7441
43.798 30.9567
36.2831 44.2784
35.8199 45.1005
23.0124 23.5458
10.1124 11.107
7.0684 34.3764
7.0684 34.3764
6.7237 23.5659
8.8594 23.8276
11.8977 34.3287
11.9288 34.4366
15.1222 65.2431
9.7671 85.1784
11.2048 106.1367
13.8464 102.1957
21.6566 112.2319
24.7348 116.1869
23.2087 99.0958
23.2087 99.0958
34.1742 114.7445
35.1895 116.1949
36.0672 85.2295
36.2471 78.8488
44.3611 95.8775
44.3611 95.8775
47.4179 84.9719
49.0902 86.3319
47.4175 69.077
47.1572 66.3835
44.5783 39.7831
44.1547 35.4016
49.9034 49.7584
50 50
