OFV: 262.7560769013461
Runtime: 13.762283578980714
Gap: -2.63107499928909e-08
repPt: {0: (50, 50), 14: (43.02929262375905, 60.553467063091745), 13: (41.49987974880619, 42.83487297645544), 8: (41.72400842453298, 40.6113245610396), 7: (43.38894996356058, 23.95105635867013), 12: (81.50574623571305, 27.29234786507753), 11: (76.84513276088677, 15.20166773323436), 5: (68.31454737567792, 10.589052072717852), 1: (69.5774224744011, 16.251251293189966), 3: (74.11904258220702, 36.60480439573703), 2: (74.54665631227384, 38.52133167548964), 6: (75.64770370004962, 43.453991652209176), 4: (80.78501128538686, 66.48986223273268), 9: (85.60214734409152, 72.25508937684677), 10: (94.56477296792839, 94.91448308657355)}
solType: IP_Optimal
lowerBound: 262.75608381465554
upperBound: 262.7560769013461
Path: 
50 50
43.0293 60.5535
41.4999 42.8349
41.724 40.6113
43.3889 23.9511
81.5057 27.2923
76.8451 15.2017
68.3145 10.5891
69.5774 16.2513
74.119 36.6048
74.5467 38.5213
75.6477 43.454
80.785 66.4899
85.6021 72.2551
94.5648 94.9145
50 50
