OFV: 939.2967898528336
Runtime: 0.7358921649865806
Gap: None
repPt: {0: (50, 50), 14: (62.930317189005855, 28.925407121846266), 13: (63.89041376632341, 5.72944967580219), 21: (87.81966885431646, 9.737595940827337), 22: (94.30542353929553, 25.884116320871534), 37: (96.33883152459559, 24.122031240938675), 38: (96.08704621917245, 47.27034655578281), 58: (80.28287214097256, 47.31646616889973), 57: (70.35004102731799, 22.210264428071586), 54: (67.17021614494938, 23.861218459958643), 53: (58.226647713833046, 4.519756530964727), 43: (50.680164701589874, 3.5536520926215536), 44: (50.65016249885507, 21.920058395675696), 24: (47.9380205348293, 21.498529514253235), 23: (44.984165472618045, 8.948828689189767), 3: (44.074978313252394, 5.087371240278126), 4: (43.10996873828629, 25.362022492294113), 52: (30.921809714164763, 28.006894157382654), 51: (23.856831844158492, 13.167007453687507), 45: (7.689244415382877, 9.945641572030759), 46: (9.758435517447538, 37.22518169870605), 17: (18.09752249223616, 32.0519911086232), 18: (19.349286076847783, 61.28594924508952), 59: (19.42981472567591, 63.16712210190194), 60: (20.887698238306765, 97.21705882931711), 19: (20.930094686008594, 98.20759848302183), 20: (22.156279141501148, 126.84968406636587), 2: (19.331747884842045, 118.38669302997539), 1: (10.365004517456537, 91.5037638632774), 28: (10.212039230969701, 91.04443060769412), 27: (5.133650791958657, 75.81962486233336), 48: (3.8181935432426135, 76.34077025311595), 47: (4.354703344941474, 55.688111729328625), 55: (4.541618358160816, 55.50256047057099), 56: (10.92767317683261, 77.9474206650848), 8: (17.86995823034144, 77.48743708744334), 7: (19.709530506531024, 45.758802941388126), 40: (27.705824350126615, 55.769520398024596), 39: (27.679522120078325, 39.28580076598419), 49: (31.388869089189953, 40.785062388527734), 50: (33.685924337881495, 66.88995360226562), 25: (31.230511811261024, 66.19632840564708), 26: (34.04178677828839, 93.61308982015154), 35: (34.08129737591398, 93.99697025390138), 36: (35.73905185091666, 110.0762402411095), 6: (50.33316251554904, 126.13621811915627), 5: (48.50589049269819, 96.35050649001857), 9: (48.29185824445792, 92.85940457987056), 10: (52.2330465052808, 107.19841167520832), 32: (52.27363726086846, 107.34653724132943), 31: (50.53808362922625, 86.88994145037056), 33: (60.09905768204917, 89.33859091360999), 34: (65.6569603926202, 120.94379582798098), 42: (85.0682596122984, 119.74311798500497), 41: (76.28708898920382, 86.42969647143819), 16: (58.814387233808866, 81.97176913247033), 15: (53.94731355919681, 63.40542982091129), 12: (55.553677440481366, 69.77045300415848), 11: (52.36793831735051, 52.99922720600254), 30: (51.07762434044504, 62.001005292282656), 29: (50.042649895453714, 50.47846367024095)}
lowerBound: 939.2967179065636
upperBound: 939.2967898528336
solType: IP_Optimal
Path: 
50 50
62.9303 28.9254
63.8904 5.7294
87.8197 9.7376
94.3054 25.8841
96.3388 24.122
96.087 47.2703
80.2829 47.3165
70.35 22.2103
67.1702 23.8612
58.2266 4.5198
50.6802 3.5537
50.6502 21.9201
47.938 21.4985
44.9842 8.9488
44.075 5.0874
43.11 25.362
30.9218 28.0069
23.8568 13.167
7.6892 9.9456
9.7584 37.2252
18.0975 32.052
19.3493 61.2859
19.4298 63.1671
20.8877 97.2171
20.9301 98.2076
22.1563 126.8497
19.3317 118.3867
10.365 91.5038
10.212 91.0444
5.1337 75.8196
3.8182 76.3408
4.3547 55.6881
4.5416 55.5026
10.9277 77.9474
17.87 77.4874
19.7095 45.7588
27.7058 55.7695
27.6795 39.2858
31.3889 40.7851
33.6859 66.89
31.2305 66.1963
34.0418 93.6131
34.0813 93.997
35.7391 110.0762
50.3332 126.1362
48.5059 96.3505
48.2919 92.8594
52.233 107.1984
52.2736 107.3465
50.5381 86.8899
60.0991 89.3386
65.657 120.9438
85.0683 119.7431
76.2871 86.4297
58.8144 81.9718
53.9473 63.4054
55.5537 69.7705
52.3679 52.9992
51.0776 62.001
50.0426 50.4785
50 50
