OFV: 586.4555488195924
Runtime: 15.283049671910703
Gap: None
Path: 
50 50
63.539 50.0703
67.2993 74.779
67.3357 75.0185
68.2639 81.1172
70.3145 94.589
72.313 100.4705
104.0035 97.0364
95.4757 68.1671
88.8259 63.635
81.8985 40.0261
79.3373 29.3973
73.0698 13.2912
62.5443 31.4753
67.5545 67.3031
55.8541 65.9415
48.2089 45.2646
41.6092 49.9126
37.7325 30.7727
35.2334 28.0932
26.218 5.5123
18.2695 8.04
17.8995 14.4554
17.9979 19.3372
18.1186 24.9768
18.3195 34.3584
14.853 47.9541
14.6099 48.5425
14.3257 49.2303
4.2607 73.5842
4.7534 80.8479
5.4785 91.5413
8.3264 107.9465
13.4622 99.0735
17.7352 86.0806
25.3346 65.146
24.1193 37.8375
23.7682 29.9523
23.4102 21.9139
34.9359 20.26
46.3323 53.3907
50 50
