OFV: 289.8398000454597
Runtime: 0.2165390540030785
Gap: 1.8237799119700037e-09
repPt: {0: (50, 50), 3: (44.87892137939069, 46.85088507276799), 4: (47.03724420051227, 71.4029841914713), 5: (43.6291953743861, 75.49782673079955), 6: (44.119859800745225, 105.63867049939041), 8: (34.60813359736578, 75.46330938416271), 7: (28.59481461197478, 44.450470538692464), 12: (22.568721371092597, 40.35026550906946), 11: (18.897658209396816, 7.744722547433745), 1: (63.631030470434595, 13.772410337976112), 2: (68.32636032899238, 39.14500365912756), 9: (68.73553221770975, 41.359932972356695), 10: (71.47376630203759, 63.179014467378245)}
solType: IP_Optimal
lowerBound: 289.8397995168557
upperBound: 289.8398000454597
Path: 
50 50
44.8789 46.8509
47.0372 71.403
43.6292 75.4978
44.1199 105.6387
34.6081 75.4633
28.5948 44.4505
22.5687 40.3503
18.8977 7.7447
63.631 13.7724
68.3264 39.145
68.7355 41.3599
71.4738 63.179
50 50
