OFV: 705.645584852512
Runtime: 514.6876803920604
Gap: None
Path: 
50 50
67.4471 56.6618
67.9334 60.9829
68.722 67.9349
69.382 73.7969
70.241 81.4174
70.9269 87.5178
71.0763 89.0745
71.4856 93.2992
72.0607 99.2128
72.8602 107.4201
97.5321 84.2136
99.5852 99.3595
88.3951 101.9449
87.4469 101.1292
86.3513 94.9071
85.3724 89.3347
84.2131 82.7391
83.5242 78.8139
83.4291 78.2674
88.1924 76.9491
87.7678 72.1302
87.458 68.6155
85.547 46.9022
90.0927 48.0379
99.3797 50.3529
94.8453 25.4705
86.9082 17.1518
81.8048 35.3796
70.2492 44.9912
70.2492 44.9912
69.6428 39.1715
68.8578 31.6481
69.4165 30.1938
70.0129 28.6404
69.5228 26.4832
65.6761 9.4936
65.1869 7.342
65.1033 6.9753
64.6982 7.8761
62.6228 12.5193
60.2505 33.261
58.7527 35.2759
57.1581 37.4171
56.6318 42.4866
56.0912 47.6914
55.5386 53.0123
55.1936 56.3478
55.908 59.7826
55.2263 67.0953
54.899 70.603
54.6011 73.7945
54.1875 78.2269
53.6587 83.8955
53.5873 84.6622
53.4457 86.1818
53.0271 90.6798
52.2009 92.8796
51.3398 95.1704
47.162 95.3978
46.5078 95.4325
45.2242 90.8791
42.5726 81.4916
42.1662 80.0488
39.4144 80.1621
22.8252 83.6285
15.7613 71.5932
15.2623 72.6854
12.8015 78.0876
13.1952 91.0281
13.2641 93.2527
13.3707 96.7097
14.2666 126.5117
35.1226 130.0131
33.6725 111.5436
32.7618 100.0649
32.6136 98.2306
32.3539 95.0029
32.146 92.424
31.866 88.9428
31.6312 86.0287
31.2945 81.8382
30.7969 75.6235
30.8009 75.2572
30.8222 73.0229
30.8415 71.0178
30.8744 67.3164
30.9004 64.4952
30.9336 60.7362
30.9671 56.9578
30.9859 55.011
31.0048 53.0434
31.0522 47.3673
31.0616 46.4599
31.0843 44.0465
31.0883 43.6736
31.1821 31.9232
31.722 28.6057
35.1243 7.816
41.3306 10.085
46.6188 34.4227
50 50
