OFV: 250.15031669059252
Runtime: 6.988021283992566
Gap: -3.0740425823514696e-08
repPt: {0: (50, 50), 11: (11.939881656300775, 46.50240281224144), 12: (15.905821543794335, 60.70625906853273), 3: (16.52131258870161, 62.90928376340092), 9: (19.665342649227576, 74.16486824909185), 4: (25.868571690298, 96.38333643142482), 10: (25.931714677438567, 96.60935821004892), 1: (57.36788577195148, 69.15988799962189), 2: (67.24200111885712, 83.61054033739012), 6: (94.86519220604754, 94.88737855041455), 8: (94.5382948028039, 93.45329656489822), 5: (91.76415481463701, 81.25629810825932), 7: (88.45132530251678, 66.69182880814212)}
solType: IP_Optimal
lowerBound: 250.15032438031977
upperBound: 250.15031669059252
Path: 
50 50
11.9399 46.5024
15.9058 60.7063
16.5213 62.9093
19.6653 74.1649
25.8686 96.3833
25.9317 96.6094
57.3679 69.1599
67.242 83.6105
94.8652 94.8874
94.5383 93.4533
91.7642 81.2563
88.4513 66.6918
50 50
