OFV: 336.46510468309646
Runtime: 0.018797787954099476
Gap: None
repPt: {0: (50, 50), 3: (32.71268004280535, 73.94347064012578), 4: (29.937536614958773, 106.38061108403292), 14: (19.969500802267092, 101.35156026040768), 13: (20.299096817188364, 84.27262006426365), 8: (20.378730561737285, 81.2351412364037), 7: (20.794722124006263, 65.43053436889464), 12: (21.5731717462668, 35.89685473929298), 11: (22.02233660688674, 18.824135942982927), 1: (49.20578405321561, 5.593329485921449), 2: (60.69406339059545, 35.1066104286443), 6: (90.89547206586272, 20.401721705340904), 5: (88.16619690641294, 8.348248710101403), 9: (53.35032329343469, 12.39191481284369), 10: (51.0997825276297, 37.65566634272404)}
lowerBound: 336.46508209108674
upperBound: 336.46510468309646
solType: IP_Optimal
Path: 
50 50
32.7127 73.9435
29.9375 106.3806
19.9695 101.3516
20.2991 84.2726
20.3787 81.2351
20.7947 65.4305
21.5732 35.8969
22.0223 18.8241
49.2058 5.5933
60.6941 35.1066
90.8955 20.4017
88.1662 8.3482
53.3503 12.3919
51.0998 37.6557
50 50
