OFV: 356.7894644604914
Runtime: 0.14835207501892
Gap: None
repPt: {0: (50, 50), 17: (34.8426977848846, 36.64031122242825), 18: (34.3406739259896, 48.26484316202705), 13: (34.03445227489556, 55.35634484333036), 14: (33.22050833500783, 74.1801765521237), 7: (14.09459325168616, 75.23698570421035), 8: (17.63941256690383, 94.81322020866607), 5: (18.0277193108953, 96.95630739030847), 6: (21.184114564841924, 114.38445984681618), 10: (42.72071398584112, 74.02532275188067), 9: (49.07435500535253, 62.119142309043994), 3: (49.62479256695987, 62.00909415178601), 4: (65.6407981746418, 84.44300980415568), 12: (94.24314228290477, 106.513117815847), 11: (91.42344408556282, 82.99916857446374), 2: (75.13240403031567, 67.11297317191946), 1: (72.76578796015417, 51.18208613849841), 16: (77.11495128108311, 47.96482579071622), 15: (74.28319939805863, 30.631899779548643)}
lowerBound: 356.7894316605931
upperBound: 356.7894644604914
solType: IP_Optimal
Path: 
50 50
34.8427 36.6403
34.3407 48.2648
34.0345 55.3563
33.2205 74.1802
14.0946 75.237
17.6394 94.8132
18.0277 96.9563
21.1841 114.3845
42.7207 74.0253
49.0744 62.1191
49.6248 62.0091
65.6408 84.443
94.2431 106.5131
91.4234 82.9992
75.1324 67.113
72.7658 51.1821
77.115 47.9648
74.2832 30.6319
50 50
