OFV: 293.50996304197713
Runtime: 1.2761793039971963
Gap: -4.495313503302425e-08
repPt: {0: (50, 50), 5: (95.70709131376672, 10.674254399137851), 6: (95.82245762601713, 25.452638978658804), 1: (95.86160919502196, 30.304151575556375), 2: (95.96150127439202, 42.79130322732347), 9: (77.18221641973645, 49.52361228549596), 10: (75.99538295683958, 66.84805933601928), 3: (75.51033121261442, 73.95838155360852), 4: (73.96840083572113, 96.43347612667677), 8: (11.897061454062655, 102.77412375755573), 7: (9.255685679755993, 84.85418723457208)}
solType: IP_Optimal
lowerBound: 293.50997623617013
upperBound: 293.50996304197713
Path: 
50 50
95.7071 10.6743
95.8225 25.4526
95.8616 30.3042
95.9615 42.7913
77.1822 49.5236
75.9954 66.8481
75.5103 73.9584
73.9684 96.4335
11.8971 102.7741
9.2557 84.8542
50 50
