OFV: 280.82760904721766
Runtime: 2.011788861011155
Gap: -3.2227175336364967e-09
repPt: {0: (50, 50), 1: (36.84698450657115, 82.26151389258484), 9: (36.99579076589376, 96.3413820432476), 2: (37.81617656539312, 104.88041324315867), 10: (38.33898982329575, 110.32973961974415), 4: (47.13268247747422, 108.9572234218038), 3: (44.50289845562113, 80.63588899239406), 6: (78.53149119706102, 100.8426974968214), 5: (77.3280931174786, 82.25905622039625), 12: (76.72032787801822, 72.93373819106122), 8: (75.51397299157041, 54.38914126656906), 11: (74.29585275893658, 44.78584370594197), 7: (70.89333203639498, 18.04249168511932), 13: (66.98781841100538, 8.074830080376152), 14: (64.22801040916242, 32.052789593913374)}
solType: IP_Optimal
lowerBound: 280.8276099522457
upperBound: 280.82760904721766
Path: 
50 50
36.847 82.2615
36.9958 96.3414
37.8162 104.8804
38.339 110.3297
47.1327 108.9572
44.5029 80.6359
78.5315 100.8427
77.3281 82.2591
76.7203 72.9337
75.514 54.3891
74.2959 44.7858
70.8933 18.0425
66.9878 8.0748
64.228 32.0528
50 50
