OFV: 442.63524146195437
Runtime: 18.166417296000873
Gap: -2.51834608781437e-07
repPt: {0: (50, 50), 3: (13.041403647402008, 24.731042967199826), 4: (13.773187352239644, 48.3692062669771), 9: (14.095084986077087, 58.72965050944912), 10: (16.762688503497905, 91.05083984823435), 13: (12.136842794837339, 92.20139851149992), 14: (16.68263819463385, 114.50387877443369), 15: (54.840508630526244, 71.80227766303501), 5: (57.684773027521594, 84.66021261164396), 16: (59.76120101148202, 94.04619430800095), 6: (60.94764027139173, 99.41300580309642), 20: (71.97401744833216, 103.31708962817693), 19: (73.88852908493871, 91.71643379536492), 1: (77.0312384656976, 89.20317559867743), 2: (82.40647677204585, 120.90865602428286), 12: (86.23734647433923, 122.80287590382747), 11: (84.13790072877312, 89.59795983251283), 18: (95.64919328066321, 89.01659022586668), 17: (93.20329170925964, 56.932395233427165), 8: (92.18657598508288, 43.61032618372204), 7: (90.89403081168243, 26.650147886134643)}
solType: IP_Optimal
lowerBound: 442.63535293282723
upperBound: 442.63524146195437
Path: 
50 50
13.0414 24.731
13.7732 48.3692
14.0951 58.7297
16.7627 91.0508
12.1368 92.2014
16.6826 114.5039
54.8405 71.8023
57.6848 84.6602
59.7612 94.0462
60.9476 99.413
71.974 103.3171
73.8885 91.7164
77.0312 89.2032
82.4065 120.9087
86.2373 122.8029
84.1379 89.598
95.6492 89.0166
93.2033 56.9324
92.1866 43.6103
90.894 26.6501
50 50
