OFV: 656.9214038980322
Runtime: 3600.8978066269774
Gap: None
repPt: {0: (50, 50), 38: (56.27757229895491, 58.29061468597337), 37: (58.43880111562547, 46.42338017405845), 32: (60.85135158959988, 48.251340885521984), 31: (62.01067451334737, 26.3417556561527), 59: (67.09120563601624, 32.4278632167589), 60: (76.03531181019397, 43.14305007256935), 52: (85.56407172351071, 52.418661413932725), 51: (89.55961779846288, 39.39691266039179), 9: (94.68684379325425, 29.861099361046204), 10: (93.99583985395722, 52.379424906317354), 57: (90.84740746636854, 56.56346249835998), 58: (93.24103270489495, 79.04878057090934), 25: (93.84454346682313, 78.74255551285427), 26: (93.16481262569906, 89.11494448911343), 24: (91.61382334133798, 89.62678856309687), 23: (84.83150359721236, 80.49359729325425), 34: (80.40413050057133, 74.53128828977485), 33: (75.00998081782548, 67.26726173037864), 11: (59.609864858413346, 74.05146602747392), 12: (59.746424776808034, 79.5915479024205), 27: (59.75634452266276, 80.00030649079527), 28: (60.11996292815762, 94.75553927563968), 19: (57.458215526649, 83.25881521633879), 20: (57.258059114397966, 101.89550988195693), 55: (56.38483665533418, 101.21660951382513), 56: (53.56366163919356, 112.5027374188921), 50: (48.60156305597546, 108.01750264027652), 49: (44.489183612809676, 104.28147630787127), 48: (44.49070967692251, 104.30085322162182), 47: (45.37209702062079, 85.74540927710015), 4: (46.14605623832131, 88.2782365575545), 3: (39.14323447173045, 62.919772150747534), 43: (35.25872893252993, 68.94603245881873), 44: (32.01625737103305, 91.71837625818326), 15: (28.543108805531595, 88.58181886835179), 16: (28.135897856445556, 95.13911298580582), 18: (27.78837388191238, 100.74721185103141), 17: (21.68993227247673, 80.63594116018601), 21: (12.941035281436335, 82.04030452516484), 22: (10.462888999841482, 90.65243417414328), 39: (10.462888096896675, 90.65241804391056), 40: (10.560930034797233, 115.52251065955222), 14: (11.645827008722494, 108.9763205448837), 13: (14.48533114372835, 91.85608566280317), 2: (14.485347807272031, 91.85608634727531), 1: (16.41320423999347, 70.95997259992444), 42: (16.6054634078395, 68.87651014615706), 41: (13.844012642610561, 52.89055241053008), 54: (11.292290309655824, 38.12335119832389), 53: (8.463315125970123, 21.746664731457972), 8: (8.10336445711254, 19.666608283533943), 7: (5.820138224035521, 6.450506332835629), 5: (7.947374714786412, 8.19937408851677), 6: (13.684854838783378, 12.915462996332243), 36: (37.940148688009565, 28.05655612376774), 35: (40.10587764523604, 12.622728382612873), 45: (40.558862940680676, 12.858342924911627), 46: (52.914986793923575, 36.40103314246079), 29: (52.9149937435037, 36.40103031875324), 30: (54.8620756408366, 45.00253449828661)}
lowerBound: 640.8674948807627
upperBound: 656.9214038980322
solType: IP_TimeLimit
Path: 
50 50
56.2776 58.2906
58.4388 46.4234
60.8514 48.2513
62.0107 26.3418
67.0912 32.4279
76.0353 43.1431
85.5641 52.4187
89.5596 39.3969
94.6868 29.8611
93.9958 52.3794
90.8474 56.5635
93.241 79.0488
93.8445 78.7426
93.1648 89.1149
91.6138 89.6268
84.8315 80.4936
80.4041 74.5313
75.01 67.2673
59.6099 74.0515
59.7464 79.5915
59.7563 80.0003
60.12 94.7555
57.4582 83.2588
57.2581 101.8955
56.3848 101.2166
53.5637 112.5027
48.6016 108.0175
44.4892 104.2815
44.4907 104.3009
45.3721 85.7454
46.1461 88.2782
39.1432 62.9198
35.2587 68.946
32.0163 91.7184
28.5431 88.5818
28.1359 95.1391
27.7884 100.7472
21.6899 80.6359
12.941 82.0403
10.4629 90.6524
10.4629 90.6524
10.5609 115.5225
11.6458 108.9763
14.4853 91.8561
14.4853 91.8561
16.4132 70.96
16.6055 68.8765
13.844 52.8906
11.2923 38.1234
8.4633 21.7467
8.1034 19.6666
5.8201 6.4505
7.9474 8.1994
13.6849 12.9155
37.9401 28.0566
40.1059 12.6227
40.5589 12.8583
52.915 36.401
52.915 36.401
54.8621 45.0025
50 50
