OFV: 364.9842807432606
Runtime: 0.015741331037133932
Gap: None
repPt: {0: (50, 50), 3: (19.35861071199093, 14.2805218112712), 4: (19.614292715803455, 40.502495536033926), 13: (19.899868793991647, 70.1213624722409), 14: (20.24938900485918, 105.94651670579688), 11: (18.958245676451313, 104.14186632788473), 12: (20.618506421903298, 115.87004367646874), 6: (35.5522477687574, 108.3624688056463), 5: (35.75506132577921, 76.49533299796335), 2: (78.96903871281071, 82.87683887141833), 1: (84.79211613791252, 73.24149686460571), 8: (91.85969445102367, 61.54643748314594), 7: (90.60386508746367, 27.51080025085041), 9: (60.48781710608351, 40.0638060097982), 10: (55.999532912557214, 57.90111670482986)}
lowerBound: 364.98425482476847
upperBound: 364.9842807432606
solType: IP_Optimal
Path: 
50 50
19.3586 14.2805
19.6143 40.5025
19.8999 70.1214
20.2494 105.9465
18.9582 104.1419
20.6185 115.87
35.5522 108.3625
35.7551 76.4953
78.969 82.8768
84.7921 73.2415
91.8597 61.5464
90.6039 27.5108
60.4878 40.0638
55.9995 57.9011
50 50
