OFV: 820.4544506354307
Runtime: 3600.560590503039
Gap: None
repPt: {0: (50, 50), 80: (41.30264713109765, 45.82293654991247), 79: (36.71858055789369, 41.95624781441103), 35: (31.981474438671036, 44.40420955381984), 36: (28.897992344894107, 49.07980613936236), 2: (28.173415161397898, 50.17912287679339), 1: (26.382200758686512, 36.41329697354608), 14: (26.382203856102453, 36.41328775757678), 13: (21.164665756107613, 6.958568460844361), 40: (5.506523474456437, 14.84440315058195), 39: (4.225334343689693, 10.845624259387467), 7: (4.221198160388744, 10.832712210888873), 8: (7.692267510424234, 37.80442698908779), 27: (7.805818137015068, 38.687390771687326), 28: (9.354223768302038, 50.71926947545401), 21: (5.7758428857023345, 45.9844795225179), 22: (6.383049909546564, 59.473179791302904), 49: (7.304319545812357, 79.92829801707941), 50: (7.893018350905798, 93.00704064702475), 61: (8.074258284367929, 97.04338722571319), 62: (9.18453316073892, 121.70571210277552), 78: (14.21052878691615, 113.13821075535773), 77: (16.23527163141071, 82.97337188855792), 67: (38.89430592253924, 87.66843323967595), 68: (46.02028617539016, 93.10733121291635), 57: (46.020295585788006, 93.1073132040263), 58: (54.703655860290596, 116.31791011537975), 72: (60.07639019174537, 119.00299335237848), 71: (58.16005586614091, 95.80612843031095), 56: (58.100127077922664, 95.08199487153642), 55: (56.0548611440046, 70.32585162317088), 16: (55.98959527129544, 69.53723664079688), 15: (55.19375152633246, 59.90720649603128), 51: (55.175266962036275, 59.68384717149487), 52: (56.027213361260536, 75.60005289784495), 74: (56.027214869234754, 75.6000356308364), 73: (56.13192233296644, 67.92917360668406), 20: (56.1330591997267, 67.84680589369934), 19: (56.243785349597424, 59.760372357404755), 65: (56.27080907595244, 59.87769270987654), 66: (57.877238866764216, 66.83263915326089), 75: (56.14046954183136, 63.49779124244675), 76: (63.14491718188626, 82.36814302742121), 3: (65.04621462888426, 86.3407213634705), 4: (72.57026174265826, 102.05614652347997), 37: (78.79362682954161, 96.80630052270733), 38: (84.65497221192757, 116.56989448082184), 54: (86.89565802575332, 116.07539372537266), 53: (86.61396277191989, 103.07542546138257), 30: (86.22421122743461, 105.11286576381143), 29: (85.00549307280511, 87.19409453054325), 11: (84.87463366967539, 85.27637414031639), 12: (85.87201299582088, 95.61309602726259), 70: (85.82442416179403, 93.78768327917696), 69: (85.14596338018384, 67.68181398890073), 32: (94.72660847589557, 71.72253742748838), 31: (96.04541656669859, 61.90385670010759), 6: (96.04542297433828, 61.90384775693457), 5: (95.17658755447279, 51.77293725373509), 44: (90.56934328321186, 51.61038010080445), 43: (82.00267029566795, 39.959443665373044), 25: (75.83614714711413, 40.86240711001746), 26: (72.57566389463021, 42.93012772900243), 41: (72.16113950992204, 42.95132065965201), 42: (74.0895238925521, 51.820472998237435), 59: (81.50645325227867, 46.06632766452662), 60: (86.01138992441425, 56.945921414344724), 48: (86.2135510557489, 57.433739321060656), 47: (90.03325962412569, 38.249616642384744), 46: (93.47040988471828, 35.33226248544566), 45: (92.21456191332285, 12.183147561379698), 33: (92.03787504145265, 13.087830335680316), 34: (89.81759953664657, 24.448900224958678), 63: (77.88885215545803, 13.48032412909241), 64: (72.33905244423745, 24.768394172261594), 18: (60.04664643100261, 29.704954722845184), 17: (57.08351613357013, 21.63217261901062), 9: (54.503281586172704, 14.595804044807082), 10: (54.368927882242346, 37.328504609326), 23: (53.6652486105637, 33.59046446614825), 24: (52.382611559144785, 49.19205097607721)}
lowerBound: 798.0441599027436
upperBound: 820.4544506354307
solType: IP_TimeLimit
Path: 
50 50
41.3026 45.8229
36.7186 41.9562
31.9815 44.4042
28.898 49.0798
28.1734 50.1791
26.3822 36.4133
26.3822 36.4133
21.1647 6.9586
5.5065 14.8444
4.2253 10.8456
4.2212 10.8327
7.6923 37.8044
7.8058 38.6874
9.3542 50.7193
5.7758 45.9845
6.383 59.4732
7.3043 79.9283
7.893 93.007
8.0743 97.0434
9.1845 121.7057
14.2105 113.1382
16.2353 82.9734
38.8943 87.6684
46.0203 93.1073
46.0203 93.1073
54.7037 116.3179
60.0764 119.003
58.1601 95.8061
58.1001 95.082
56.0549 70.3259
55.9896 69.5372
55.1938 59.9072
55.1753 59.6838
56.0272 75.6001
56.0272 75.6
56.1319 67.9292
56.1331 67.8468
56.2438 59.7604
56.2708 59.8777
57.8772 66.8326
56.1405 63.4978
63.1449 82.3681
65.0462 86.3407
72.5703 102.0561
78.7936 96.8063
84.655 116.5699
86.8957 116.0754
86.614 103.0754
86.2242 105.1129
85.0055 87.1941
84.8746 85.2764
85.872 95.6131
85.8244 93.7877
85.146 67.6818
94.7266 71.7225
96.0454 61.9039
96.0454 61.9038
95.1766 51.7729
90.5693 51.6104
82.0027 39.9594
75.8361 40.8624
72.5757 42.9301
72.1611 42.9513
74.0895 51.8205
81.5065 46.0663
86.0114 56.9459
86.2136 57.4337
90.0333 38.2496
93.4704 35.3323
92.2146 12.1831
92.0379 13.0878
89.8176 24.4489
77.8889 13.4803
72.3391 24.7684
60.0466 29.705
57.0835 21.6322
54.5033 14.5958
54.3689 37.3285
53.6652 33.5905
52.3826 49.1921
50 50
