OFV: 184.6282954220615
Runtime: 4.253605435999816
Gap: 3.04838000995393e-07
repPt: {0: (50, 50), 7: (41.69995477467846, 50.054265990945126), 8: (46.57638847857517, 76.0913738931863), 10: (89.09533959072886, 44.9750546667385), 9: (86.75551559882071, 23.440022709189673), 1: (55.69085792271623, 9.814526752369584), 3: (50.323376440224955, 19.86253622333171), 2: (50.900246221445016, 34.14202113654781), 4: (50.76648033278492, 36.498375418737055), 5: (50.60736499580541, 39.300693867415646), 6: (50.109108987147586, 48.07843879145864)}
solType: IP_Optimal
lowerBound: 184.628239140341
upperBound: 184.6282954220615
Path: 
50 50
41.7 50.0543
46.5764 76.0914
89.0953 44.9751
86.7555 23.44
55.6909 9.8145
50.3234 19.8625
50.9002 34.142
50.7665 36.4984
50.6074 39.3007
50.1091 48.0784
50 50
