OFV: 301.1525022796718
Runtime: 17.874553283996647
Gap: -2.035884851986416e-07
repPt: {0: (50, 50), 3: (34.56562700760539, 74.69777623668524), 4: (29.238384514678998, 104.49139564944329), 14: (21.722144282627085, 100.38620529366766), 13: (21.978069342963504, 85.22835925515673), 8: (22.076896918101834, 79.25647025227029), 7: (22.332618132993524, 63.955587073938474), 12: (22.774272681863934, 37.67659852385459), 11: (23.057659402798507, 20.713281754329817), 6: (89.53239773874802, 18.792301868361445), 5: (86.73629852936189, 9.771833982986706), 1: (53.7108840819411, 6.455947221828449), 9: (53.878401335413045, 11.836785473931762), 2: (54.66234102552146, 37.112840893498976), 10: (53.304512181112514, 40.864690986692665)}
solType: IP_Optimal
lowerBound: 301.15256359085356
upperBound: 301.1525022796718
Path: 
50 50
34.5656 74.6978
29.2384 104.4914
21.7221 100.3862
21.9781 85.2284
22.0769 79.2565
22.3326 63.9556
22.7743 37.6766
23.0577 20.7133
89.5324 18.7923
86.7363 9.7718
53.7109 6.4559
53.8784 11.8368
54.6623 37.1128
53.3045 40.8647
50 50
