OFV: 290.54015282461114
Runtime: 210.1581404430035
Gap: 2.1472184994327478e-08
repPt: {0: (50, 50), 3: (60.435626903018075, 55.01954247561568), 4: (72.60255258577, 74.40278511504788), 1: (89.53514538413894, 43.71858224571082), 2: (89.10213337244188, 50.38921090870569), 7: (89.07280220656172, 50.84111413487838), 8: (87.29816598883887, 78.18470444810703), 5: (86.51282623396746, 90.28577115633111), 6: (85.50251914275442, 105.85370189395374), 14: (72.91792451662731, 103.98397865958994), 13: (67.10674434237649, 98.64092332883088), 12: (16.60500585363317, 99.4096247587039), 11: (16.1602249516134, 88.9247889963432), 10: (15.922805125196387, 83.33052033066066), 9: (15.139758922206887, 64.889192611591), 16: (23.397124730011896, 48.681512135232396), 15: (28.205651182304507, 39.2434256013028)}
solType: IP_Optimal
lowerBound: 290.54014658607923
upperBound: 290.54015282461114
Path: 
50 50
60.4356 55.0195
72.6026 74.4028
89.5351 43.7186
89.1021 50.3892
89.0728 50.8411
87.2982 78.1847
86.5128 90.2858
85.5025 105.8537
72.9179 103.984
67.1067 98.6409
16.605 99.4096
16.1602 88.9248
15.9228 83.3305
15.1398 64.8892
23.3971 48.6815
28.2057 39.2434
50 50
