OFV: 1114.1064272068597
Runtime: 1710.363716576947
Gap: None
repPt: {0: (50, 50), 49: (51.24689108589909, 50.10606496834596), 50: (57.49796357841555, 63.33094489565975), 33: (56.14025306030924, 55.356849851551765), 34: (64.20511459375236, 71.73463207599535), 63: (66.47476729560795, 75.62751273078773), 64: (71.22694832116849, 85.70331747582279), 93: (72.4586358851098, 88.31612190618306), 94: (78.3398363396949, 100.78456204142607), 88: (79.36317180136967, 102.95538897257242), 87: (77.77060821544815, 76.1970962743587), 41: (77.77061304800661, 76.1970882709684), 42: (80.52146022792111, 95.92545618584542), 86: (80.52144690066227, 95.92546060627258), 85: (75.65803940131086, 68.64640954127323), 47: (81.49905929730768, 56.099999911507844), 48: (94.18098526839103, 83.3620398966016), 61: (94.23788274809056, 83.37311431346619), 62: (98.84491604740231, 94.46008633631428), 23: (98.26786043827323, 89.40543027389296), 24: (101.8913518505542, 102.20279376474508), 56: (101.45584231188312, 98.88610013674769), 55: (99.28847800377292, 82.36165131654064), 6: (98.68378711986591, 77.75587146987849), 5: (95.93767697821632, 56.81580378345907), 98: (95.48325622962045, 53.355066998851726), 97: (92.57556957260107, 31.181953312938404), 38: (92.37404851576112, 31.833062482620456), 37: (90.59990926752256, 6.6355997775074425), 39: (90.91118806727721, 7.84939287534478), 40: (98.50000229155445, 37.42916730413402), 58: (98.49999739004589, 37.42916711029868), 57: (96.40912871490406, 17.31679816018975), 3: (96.31365987439729, 16.398707976362694), 4: (95.74960713025952, 26.06025736205265), 43: (95.74960662209257, 26.060250760192183), 44: (93.72450729965145, 35.14949809864892), 18: (90.82785430351746, 37.23915330773788), 17: (83.5105662435286, 15.49690555177164), 20: (85.30379566744399, 22.596502273603377), 19: (78.46494552347889, 8.247895159197352), 15: (52.84049807007306, 4.92808117740267), 16: (53.86880327973051, 18.49585315148181), 21: (53.86883544345562, 18.49627082338717), 22: (54.956407589982696, 32.783261993766295), 92: (53.4337804064791, 31.574509979537932), 91: (45.740171560632085, 19.19060764368317), 35: (45.51970096170443, 20.793949569757736), 36: (42.46030013819055, 43.02581711365886), 54: (41.668382495043815, 47.51866420230322), 53: (37.665489021867714, 36.46226648178664), 66: (37.665484126171734, 36.46226573553584), 65: (32.00965302124278, 7.434010740279397), 11: (32.02961828141117, 7.58343875064696), 12: (33.302226080017206, 17.125287047019643), 77: (34.92237253562, 12.45386929778309), 78: (36.58239091209717, 39.19557903486019), 67: (36.60523967420963, 39.564545201943595), 68: (37.51870436584539, 54.28603981811345), 8: (32.48995273220804, 52.41946513395643), 7: (27.619808379873305, 40.25118979624769), 70: (27.7601561961169, 40.308807266760375), 69: (24.24378941001514, 20.610589996127146), 82: (13.373952061572016, 17.880595922842346), 81: (8.62885948528245, 10.0201797132861), 29: (8.626727987698944, 10.454882423699283), 30: (8.514058058445212, 32.508139717150705), 31: (8.511653143005905, 33.00700083589392), 32: (8.387435401030782, 57.249259119131736), 28: (6.66036973242015, 54.04969902277239), 27: (1.655688137628959, 44.783405904370476), 13: (1.6659715089559728, 44.890258148111634), 14: (4.5144090629073546, 74.48246501868617), 51: (4.418861157591365, 74.42608583909843), 52: (10.007762826524068, 89.23957061848643), 10: (11.336018828587429, 91.08964082795973), 9: (12.83904571945481, 69.64987830581586), 100: (12.944805263851071, 68.14401113842158), 99: (14.604155133332178, 44.47451782603448), 72: (15.646879357217742, 48.212164393952484), 71: (13.503546954653938, 34.25298616605727), 59: (15.021264300349474, 38.628257110441666), 60: (20.81698528410317, 55.339064534823834), 45: (20.816992342133272, 55.339059498117614), 46: (23.811313586200953, 72.75083597681935), 96: (23.811298713666776, 72.7508531907069), 95: (20.680690746369685, 61.967742875619216), 89: (20.173992823387746, 60.22302107903944), 90: (21.995514732141693, 86.64987873811452), 83: (21.40510755911786, 83.9347544840905), 84: (24.489791619528575, 111.99236402953103), 2: (50.57626133206018, 107.26326951449629), 1: (52.01611686242618, 86.73152342570617), 25: (52.01612317026001, 86.73152330128747), 26: (59.318580313474186, 99.94759341042838), 76: (60.20485964883438, 100.42621402527548), 75: (59.96934672235352, 85.20513679033138), 80: (62.10195298442758, 90.62969024704532), 79: (58.64064865008219, 76.11008215579565), 74: (58.52621587118437, 75.62952032833886), 73: (52.39019507159021, 49.89262749238144)}
lowerBound: 1114.0194276313987
upperBound: 1114.1064272068597
solType: IP_Optimal
Path: 
50 50
51.2469 50.1061
57.498 63.3309
56.1403 55.3568
64.2051 71.7346
66.4748 75.6275
71.2269 85.7033
72.4586 88.3161
78.3398 100.7846
79.3632 102.9554
77.7706 76.1971
77.7706 76.1971
80.5215 95.9255
80.5214 95.9255
75.658 68.6464
81.4991 56.1
94.181 83.362
94.2379 83.3731
98.8449 94.4601
98.2679 89.4054
101.8914 102.2028
101.4558 98.8861
99.2885 82.3617
98.6838 77.7559
95.9377 56.8158
95.4833 53.3551
92.5756 31.182
92.374 31.8331
90.5999 6.6356
90.9112 7.8494
98.5 37.4292
98.5 37.4292
96.4091 17.3168
96.3137 16.3987
95.7496 26.0603
95.7496 26.0603
93.7245 35.1495
90.8279 37.2392
83.5106 15.4969
85.3038 22.5965
78.4649 8.2479
52.8405 4.9281
53.8688 18.4959
53.8688 18.4963
54.9564 32.7833
53.4338 31.5745
45.7402 19.1906
45.5197 20.7939
42.4603 43.0258
41.6684 47.5187
37.6655 36.4623
37.6655 36.4623
32.0097 7.434
32.0296 7.5834
33.3022 17.1253
34.9224 12.4539
36.5824 39.1956
36.6052 39.5645
37.5187 54.286
32.49 52.4195
27.6198 40.2512
27.7602 40.3088
24.2438 20.6106
13.374 17.8806
8.6289 10.0202
8.6267 10.4549
8.5141 32.5081
8.5117 33.007
8.3874 57.2493
6.6604 54.0497
1.6557 44.7834
1.666 44.8903
4.5144 74.4825
4.4189 74.4261
10.0078 89.2396
11.336 91.0896
12.839 69.6499
12.9448 68.144
14.6042 44.4745
15.6469 48.2122
13.5035 34.253
15.0213 38.6283
20.817 55.3391
20.817 55.3391
23.8113 72.7508
23.8113 72.7509
20.6807 61.9677
20.174 60.223
21.9955 86.6499
21.4051 83.9348
24.4898 111.9924
50.5763 107.2633
52.0161 86.7315
52.0161 86.7315
59.3186 99.9476
60.2049 100.4262
59.9693 85.2051
62.102 90.6297
58.6406 76.1101
58.5262 75.6295
52.3902 49.8926
50 50
