OFV: 262.2751760559022
Runtime: 0.04307096602860838
Gap: None
repPt: {0: (50, 50), 1: (38.804675087868375, 82.67164179224665), 2: (37.74679745904792, 99.8108075855515), 9: (37.74679680633473, 99.81081244209425), 10: (39.37594592169895, 108.60989791625403), 4: (45.677363885749834, 107.5770427961218), 3: (45.49830348175372, 82.37186364678303), 6: (77.37247871562383, 99.20945974326997), 5: (76.14656219837855, 81.28254316446662), 12: (75.61972121965394, 73.55172015215281), 11: (74.12319360999507, 51.68265787594028), 8: (74.12319717874138, 51.68265303289124), 7: (68.90621278232257, 18.325102815679042), 13: (66.73766580436245, 10.098104453321202), 14: (62.38219149190923, 31.28276236049669)}
lowerBound: 262.27516056281297
upperBound: 262.2751760559022
solType: IP_Optimal
Path: 
50 50
38.8047 82.6716
37.7468 99.8108
37.7468 99.8108
39.3759 108.6099
45.6774 107.577
45.4983 82.3719
77.3725 99.2095
76.1466 81.2825
75.6197 73.5517
74.1232 51.6827
74.1232 51.6827
68.9062 18.3251
66.7377 10.0981
62.3822 31.2828
50 50
