OFV: 285.33350506942713
Runtime: 1.8895035019959323
Gap: 3.632202053413829e-08
repPt: {0: (50, 50), 9: (5.210394010832877, 57.846869532617006), 5: (6.485106059586021, 64.6137342924707), 10: (8.505616053702656, 75.58024985926959), 6: (9.665705375591774, 81.8769850501638), 1: (12.16758098671138, 95.45902551223593), 2: (17.840946761482268, 126.25520436078995), 8: (55.62657921839105, 53.622608110958694), 7: (64.49200072945011, 18.478265870976475), 3: (67.07248038124061, 14.42054891959305), 4: (67.88473980922096, 42.310838695463275)}
solType: IP_Optimal
lowerBound: 285.3334947055377
upperBound: 285.33350506942713
Path: 
50 50
5.2104 57.8469
6.4851 64.6137
8.5056 75.5802
9.6657 81.877
12.1676 95.459
17.8409 126.2552
55.6266 53.6226
64.492 18.4783
67.0725 14.4205
67.8847 42.3108
50 50
