OFV: 562.0835020258817
Runtime: 0.6751724460627884
Gap: None
repPt: {0: (50, 50), 32: (50.66949389220989, 50.78027454131117), 31: (54.871047273139624, 26.883624784559494), 7: (64.58803829255992, 11.250891548952513), 8: (65.98643343503599, 32.257717446204495), 10: (60.68954937033645, 33.87078806090484), 9: (46.79888338637984, 8.499162296213182), 27: (45.19650133344182, 8.1447859791287), 28: (45.530032803182934, 17.999772980692143), 21: (45.55663355998131, 18.786965466804016), 22: (46.361989322253734, 42.550084221355114), 16: (36.89085483268158, 31.72512716584046), 15: (28.96704879982353, 17.449419372871056), 13: (15.35134634893443, 14.839146439790923), 14: (10.396616000784967, 33.188906846967406), 19: (10.328774568982421, 33.44094069241067), 20: (8.79273126373067, 54.16046340645682), 25: (17.374583443651385, 40.8928602905987), 26: (14.762803752761563, 60.81005868002651), 1: (14.117130969518232, 64.23191231164412), 2: (12.301560518760596, 73.82981351296796), 23: (10.199560198210918, 71.77109901265209), 24: (19.679577896450652, 102.68767799642733), 18: (21.828311693299046, 105.19183286591867), 17: (23.04264872949151, 97.25852827061446), 39: (23.299150199585927, 97.85037132763122), 40: (27.72206470763465, 108.01664401504597), 36: (40.19416981733823, 109.73935514330194), 35: (38.939460072853045, 90.55710654537937), 34: (41.202564739506656, 94.16204679333654), 33: (38.9753548214295, 69.45227587157372), 29: (52.454616335326676, 81.1714732195689), 30: (65.56007634286503, 107.10138194080594), 4: (66.92029722161273, 109.79412648488223), 3: (64.63265496146907, 84.81306447970383), 6: (65.76088824839393, 83.60322521323066), 5: (69.18889049744712, 53.69031170142921), 37: (69.1359932054084, 58.752910510704794), 38: (68.90808551304255, 80.26105087231241), 12: (62.71973258032164, 81.67068394040407), 11: (50.27576309243742, 50.68672853381609)}
lowerBound: 562.0361915418241
upperBound: 562.0835020258817
solType: IP_Optimal
Path: 
50 50
50.6695 50.7803
54.871 26.8836
64.588 11.2509
65.9864 32.2577
60.6895 33.8708
46.7989 8.4992
45.1965 8.1448
45.53 17.9998
45.5566 18.787
46.362 42.5501
36.8909 31.7251
28.967 17.4494
15.3513 14.8391
10.3966 33.1889
10.3288 33.4409
8.7927 54.1605
17.3746 40.8929
14.7628 60.8101
14.1171 64.2319
12.3016 73.8298
10.1996 71.7711
19.6796 102.6877
21.8283 105.1918
23.0426 97.2585
23.2992 97.8504
27.7221 108.0166
40.1942 109.7394
38.9395 90.5571
41.2026 94.162
38.9754 69.4523
52.4546 81.1715
65.5601 107.1014
66.9203 109.7941
64.6327 84.8131
65.7609 83.6032
69.1889 53.6903
69.136 58.7529
68.9081 80.2611
62.7197 81.6707
50.2758 50.6867
50 50
