OFV: 422.80462202744735
Runtime: 0.06908077199477702
Gap: None
repPt: {0: (50, 50), 8: (24.84866381142972, 41.266461544203224), 7: (14.613210968423967, 20.19942386938193), 9: (5.128240602905544, 16.751608222403547), 10: (6.629341572555303, 23.375615098805774), 15: (6.765424694138807, 23.976183854232787), 16: (11.195429431296315, 43.52517580476326), 17: (12.219598982638868, 48.04484786906874), 18: (17.49265839543097, 71.31875921727814), 5: (25.215585378261643, 74.28502514168116), 6: (25.672555678009928, 85.11556118670885), 12: (8.56363237242796, 94.89739471635255), 11: (4.070392081014914, 89.7451932643794), 3: (3.276981129120054, 88.83542290276372), 4: (7.214649567613977, 113.01874527886324), 20: (81.43156793125958, 121.0303746690655), 19: (84.86012948085602, 91.4652777942138), 14: (86.8029100197945, 74.69817876992776), 13: (85.66573747228259, 55.02746564412516), 2: (84.76912322661778, 39.43837906301762), 1: (83.15259959324291, 11.529417177595889)}
lowerBound: 422.80458904593706
upperBound: 422.80462202744735
solType: IP_Optimal
Path: 
50 50
24.8487 41.2665
14.6132 20.1994
5.1282 16.7516
6.6293 23.3756
6.7654 23.9762
11.1954 43.5252
12.2196 48.0448
17.4927 71.3188
25.2156 74.285
25.6726 85.1156
8.5636 94.8974
4.0704 89.7452
3.277 88.8354
7.2146 113.0187
81.4316 121.0304
84.8601 91.4653
86.8029 74.6982
85.6657 55.0275
84.7691 39.4384
83.1526 11.5294
50 50
