OFV: 951.7223483096011
Runtime: 109.00687089096755
Gap: None
Path: 
50 50
54.3811 50.2763
53.4535 35.0704
53.0945 29.2003
52.2363 15.1149
57.3763 5.0825
62.5437 24.7197
66.1018 18.0099
66.2751 17.6824
71.2937 35.8
71.3306 35.6645
74.7148 23.2363
76.6852 25.6768
80.2778 43.384
74.8882 41.7664
76.8695 52.6817
77.5342 56.3465
87.1051 61.599
87.5104 45.6873
87.8942 30.6192
88.4584 8.5903
93.8178 4.6572
94.7752 12.0881
95.3976 16.9147
96.3928 24.641
97.8344 35.8472
93.749 44.7365
84.4659 51.9619
84.9828 56.4785
86.6459 71.033
87.8895 75.5934
91.8129 89.3446
100.1944 118.7085
104.6777 127.6178
96.0133 99.6479
69.2812 94.8528
70.9811 129.5129
56.6453 120.5621
51.5952 98.3175
53.7398 97.3132
51.4791 84.2845
46.6724 68.0733
40.8812 48.5433
36.996 49.7309
33.2173 80.0407
12.5845 81.8575
9.1304 109.9517
8.5349 110.366
5.7746 86.156
15.9194 85.7851
21.6148 101.6624
27.3721 116.8468
27.4958 102.8511
27.5019 102.1058
26.8077 93.3721
26.0793 84.2079
25.3622 75.1881
24.8315 68.5033
20.1425 72.987
20.0012 71.544
18.826 59.5938
16.2484 44.1759
14.9371 36.3274
7.187 37.4903
6.9773 36.0643
4.3992 18.4673
6.4312 7.9412
8.1427 5.7478
8.7462 7.7884
15.6633 31.1338
17.2695 36.561
17.9007 36.1066
19.2293 35.1496
18.5751 31.0479
18.0777 27.9352
16.7304 12.0735
16.6641 11.291
16.2999 7.021
16.5569 4.4225
40.474 16.1947
49.3918 50.6064
50 50
