OFV: 529.3405257736451
Runtime: 24.34744810196571
Gap: None
Path: 
50 50
45.2096 51.598
48.572 82.3122
92.6884 64.6681
88.8818 35.0339
87.1627 21.672
85.6389 9.833
78.89 12.0741
75.6442 25.8655
72.9854 37.1642
70.7948 48.1279
71.4867 54.7016
72.1244 60.7451
72.6654 65.8693
73.2957 71.8407
74.12 79.6584
74.871 86.7779
75.5084 92.8164
75.9219 96.7279
76.9016 106.0283
75.7212 127.6138
72.9467 127.9972
68.6566 116.7593
62.8662 101.6014
61.5204 98.0733
52.4828 93.0456
49.7293 106.4
30.2055 110.8325
26.4746 96.2875
24.2642 85.251
22.5608 76.7484
22.2005 74.9525
18.7814 57.8695
19.6022 25.515
20.0891 6.2808
42.9148 13.689
50.341 17.7753
53.11 43.1096
53.1604 43.5718
53.4809 45.8004
55.2032 57.734
50 50
