OFV: 351.469648373053
Runtime: 9.933775580022484
Gap: 5.670513843764701e-08
repPt: {0: (50, 50), 16: (68.36969846163272, 22.68004262530669), 15: (69.39288845334136, 7.659455207403726), 9: (20.098797006224796, 14.571895315702942), 10: (17.928478959548553, 28.021705151814672), 1: (12.596850244126497, 61.07744560712381), 2: (14.27877492085452, 79.95992958657587), 3: (14.823697424997368, 86.07762819023128), 4: (17.338338588173745, 114.33485120944393), 11: (58.24959754338539, 93.88360120117908), 12: (67.23560237249762, 115.61460676321249), 8: (67.20622149382451, 114.82389104254948), 7: (66.48447358200137, 95.2699137829178), 6: (74.28864482615083, 96.64044998433842), 5: (72.12759972890824, 83.29697515470177), 14: (71.69480099405459, 80.62377940806348), 13: (69.69298696054976, 68.26183053539897)}
solType: IP_Optimal
lowerBound: 351.46962844291795
upperBound: 351.469648373053
Path: 
50 50
68.3697 22.68
69.3929 7.6595
20.0988 14.5719
17.9285 28.0217
12.5969 61.0774
14.2788 79.9599
14.8237 86.0776
17.3383 114.3349
58.2496 93.8836
67.2356 115.6146
67.2062 114.8239
66.4845 95.2699
74.2886 96.6404
72.1276 83.297
71.6948 80.6238
69.693 68.2618
50 50
