OFV: 535.6641972828611
Runtime: 2.012231674976647
Gap: None
repPt: {0: (50, 50), 3: (42.45513809344294, 36.091517572036985), 4: (43.63686817080973, 48.012855614522), 28: (43.78808791442177, 49.538567119749274), 27: (31.67867203550041, 22.774916278901326), 22: (31.678670431703658, 22.774913194688036), 21: (24.84441214172109, 9.276716139859644), 5: (21.500035996966616, 10.399952003616008), 6: (20.799333180807842, 27.71792790854512), 25: (20.66470391757553, 26.986452413108236), 26: (19.331174684275055, 31.18258034471314), 37: (18.505355584569443, 30.497085675743612), 38: (17.079388202163162, 42.802299001506285), 20: (17.079388189615024, 42.802299001040865), 19: (15.864412823402459, 23.814031155698892), 13: (15.70654292269517, 21.353379646894766), 14: (19.197049907858982, 42.061956305098704), 11: (23.093144404694918, 36.343025535055666), 12: (21.94575870119423, 62.663400483526345), 7: (7.728982234469985, 75.86914904820367), 8: (7.83156838031838, 87.36410244189648), 35: (7.8315684843138555, 87.36410358808762), 36: (9.520426573508633, 104.11471207296853), 16: (13.854726308191829, 97.73523545627744), 15: (18.277227291159484, 91.23142169765967), 18: (63.1048034763576, 89.7726781686544), 17: (65.28751314541424, 82.24350922925267), 29: (65.93996878384796, 83.3411200114069), 30: (73.94032696394959, 96.79514059145167), 24: (100.63935850794422, 94.87209178511368), 23: (91.35110990565458, 68.75360916584822), 40: (89.10267739560254, 62.42663174059155), 39: (79.17579969097821, 34.51934259221945), 2: (79.08464986747536, 34.262800999493855), 1: (73.04534526705955, 17.295366264445818), 33: (66.46364811094082, 32.27489374953405), 34: (67.12332904871259, 67.43790574596743), 32: (67.26670819793729, 75.03851431083805), 31: (63.27537448395978, 54.43709581673148), 10: (55.462249454484486, 61.454430313703035), 9: (50.08967474970306, 49.329685676203844)}
lowerBound: 535.6641503044809
upperBound: 535.6641972828611
solType: IP_Optimal
Path: 
50 50
42.4551 36.0915
43.6369 48.0129
43.7881 49.5386
31.6787 22.7749
31.6787 22.7749
24.8444 9.2767
21.5 10.4
20.7993 27.7179
20.6647 26.9865
19.3312 31.1826
18.5054 30.4971
17.0794 42.8023
17.0794 42.8023
15.8644 23.814
15.7065 21.3534
19.197 42.062
23.0931 36.343
21.9458 62.6634
7.729 75.8691
7.8316 87.3641
7.8316 87.3641
9.5204 104.1147
13.8547 97.7352
18.2772 91.2314
63.1048 89.7727
65.2875 82.2435
65.94 83.3411
73.9403 96.7951
100.6394 94.8721
91.3511 68.7536
89.1027 62.4266
79.1758 34.5193
79.0846 34.2628
73.0453 17.2954
66.4636 32.2749
67.1233 67.4379
67.2667 75.0385
63.2754 54.4371
55.4622 61.4544
50.0897 49.3297
50 50
