OFV: 635.1301413214903
Runtime: 325.79233187192585
Gap: None
Path: 
50 50
25.6962 34.8867
22.386 32.8289
19.4349 25.2519
14.7959 13.353
14.3934 12.318
13.7718 10.7206
13.4041 9.775
12.8849 8.4403
12.4089 8.7365
9.5636 10.5233
8.3997 18.469
9.3403 25.9148
9.855 29.9808
10.2578 33.1605
10.5206 35.2338
10.929 38.4599
11.2798 41.2292
11.6177 43.8978
12.1221 75.2438
12.0697 75.5398
11.2853 79.9838
10.4952 84.4596
12.7169 106.4901
12.9686 108.9931
24.0948 113.9246
24.1358 103.6782
24.1502 99.9069
24.1509 99.7073
24.1517 99.4729
24.2068 85.613
26.1164 83.201
28.6579 79.9904
28.5114 74.644
28.3199 67.6527
28.1678 62.107
39.9071 52.4783
39.9071 52.4783
43.9537 68.8469
47.9091 84.846
50.9935 97.3269
51.8145 100.6517
55.463 115.4149
66.4373 99.5466
76.4449 126.3175
100.4021 125.9433
98.6818 116.2063
95.833 100.0712
93.8282 88.7216
91.5986 76.0967
90.6324 70.6296
89.7484 62.0613
89.0491 55.2838
88.6618 51.5304
90.7479 45.06
93.8558 35.4178
93.5913 30.9512
93.3068 23.9628
93.0121 16.7258
92.6776 8.5036
92.6776 8.5035
92.6776 8.5035
85.9769 26.7961
81.3591 39.558
79.3105 45.2171
79.3105 45.2172
75.9209 51.1483
73.8619 44.0903
72.4549 39.2655
71.0231 34.3557
68.8429 26.883
67.8323 23.4171
64.3039 18.6689
61.5156 14.9161
57.1787 9.0806
52.538 13.6931
49.2913 16.9196
49.587 30.741
49.667 34.4455
49.998 49.9105
49.999 49.9558
50 50
