OFV: 1095.3403081433923
Runtime: 2446.197911103023
Gap: None
repPt: {0: (50, 50), 30: (49.94630410992599, 49.85616210450482), 29: (41.21944391353964, 26.561480548987237), 12: (41.07073918195591, 27.905258817785473), 11: (38.810089882766405, 16.87271093340537), 51: (38.02552139518613, 13.031380580130675), 52: (41.89616400647824, 42.61575205085494), 48: (41.89617301706424, 42.61575367524702), 47: (42.3984564106955, 35.63656606958645), 31: (39.13516481411997, 40.60529810448977), 32: (34.33440440754941, 56.790098891049894), 49: (31.806878793732437, 54.53602414680394), 50: (34.483127220203095, 77.48478440903479), 25: (33.01457498683897, 71.79009444576505), 26: (30.171375422547197, 94.18067005011244), 28: (25.94481527992002, 98.73282443558261), 27: (23.073836952752206, 89.00764800019863), 70: (22.997627046693516, 88.7481080500977), 69: (20.977024221129355, 81.90361332808028), 1: (21.312564548432093, 85.05427999851074), 2: (23.713367162896365, 107.42553453591226), 81: (26.773694755464064, 102.49224929958879), 82: (26.241832039230776, 126.36512773600667), 86: (20.143046377982596, 123.58494286440319), 85: (12.752663755663342, 100.2799488234823), 76: (11.494430382272586, 102.66351538362346), 75: (9.629285881952395, 91.57190672229135), 64: (9.812430535355237, 95.60076689992736), 63: (9.991085679097832, 78.96276215016775), 90: (10.044726129994757, 73.81813803908622), 89: (10.284437978123263, 52.66477405107995), 78: (8.514747225760756, 55.225849958950924), 77: (6.863334835598084, 44.6666836048218), 68: (6.599671823506062, 42.98954926695178), 67: (4.583278079164075, 30.09930642804887), 22: (4.421934871819299, 31.404927937189438), 21: (3.6475081061953456, 8.543807402313751), 61: (5.880546232783989, 16.729192130883447), 62: (11.517815754500425, 37.40796914556893), 9: (13.235768531801769, 26.297302074605202), 10: (15.94920026792458, 57.186308946406605), 94: (16.24323790666416, 60.531095093340554), 93: (13.631792139974312, 41.39238234195645), 57: (14.28438265708581, 43.66695780387729), 58: (21.3306952895852, 68.16264796451898), 4: (24.153113968017777, 68.79766767689635), 3: (22.945715240941595, 50.164938508861695), 18: (22.921984309589167, 50.20555947314164), 17: (19.61125187281981, 22.602993414121137), 56: (19.499914184958065, 21.665548927657472), 55: (18.091317813682664, 9.93222932694115), 65: (18.017875759587564, 9.315028391572277), 66: (19.571669408034946, 15.388370111773416), 23: (19.574931070274967, 15.401186138936652), 24: (26.51650636083224, 42.54031094833127), 59: (27.095956604942213, 43.81745660056486), 60: (34.53604140385454, 60.177050312044344), 5: (37.68744898933801, 62.083191979547315), 6: (44.129572775759705, 87.13044484135546), 19: (48.69316917107597, 84.73445298335922), 20: (54.41856147225959, 110.66006019368837), 96: (60.290156949343654, 111.24037095201984), 95: (58.71678886109694, 100.17434876322633), 35: (58.71663663399455, 100.17371753670864), 36: (63.018773311537004, 117.92566351077821), 38: (67.58399314967758, 115.4214619394469), 37: (73.55236537760264, 86.99764656735874), 72: (79.4551450707968, 86.68355741298416), 71: (83.49759137348909, 61.3408415734485), 91: (83.49760658323402, 61.34084425421516), 92: (88.00605645465055, 76.08396646783817), 15: (89.56297751319696, 81.18692531459868), 16: (92.12991883653869, 89.56901252216338), 73: (92.28539493795137, 90.08064185767653), 74: (94.25972345671227, 96.54371460056389), 14: (97.1678820437312, 91.91522918125273), 13: (96.08385825370374, 65.94208550389635), 42: (95.21404251804076, 66.01057050451539), 41: (92.63279503975026, 53.17574084503318), 44: (92.18287723425551, 50.931401368447695), 43: (88.9192862914064, 34.711976319172436), 79: (88.91674848101336, 34.69930687041578), 80: (86.71813270509021, 44.01406792830212), 97: (76.89421858447355, 42.927570667919106), 98: (73.55124228618425, 69.34226730967022), 53: (73.4366102805495, 69.05930714421869), 54: (71.19553418451633, 86.15607114027682), 8: (66.20614266797769, 89.82011008912667), 7: (63.684000386478644, 67.35323269852374), 39: (63.68407087534059, 67.35326752010901), 40: (67.24684714662803, 76.49726234384741), 46: (67.24683958075612, 76.4972557419835), 45: (62.337493773383216, 50.0987573659077), 99: (55.173517323773886, 54.795582725209215), 100: (53.878665203923894, 67.52296477583768), 83: (53.87866178104025, 67.52296843231058), 84: (55.50040437729991, 82.23876181651723), 88: (57.27238292477938, 83.12086255002009), 87: (53.17519953467533, 62.09230991509054), 34: (49.40533505931238, 62.961148081292), 33: (46.95819535252016, 47.208958457430995)}
lowerBound: 1095.3400511588973
upperBound: 1095.3403081433923
solType: IP_Optimal
Path: 
50 50
49.9463 49.8562
41.2194 26.5615
41.0707 27.9053
38.8101 16.8727
38.0255 13.0314
41.8962 42.6158
41.8962 42.6158
42.3985 35.6366
39.1352 40.6053
34.3344 56.7901
31.8069 54.536
34.4831 77.4848
33.0146 71.7901
30.1714 94.1807
25.9448 98.7328
23.0738 89.0076
22.9976 88.7481
20.977 81.9036
21.3126 85.0543
23.7134 107.4255
26.7737 102.4922
26.2418 126.3651
20.143 123.5849
12.7527 100.2799
11.4944 102.6635
9.6293 91.5719
9.8124 95.6008
9.9911 78.9628
10.0447 73.8181
10.2844 52.6648
8.5147 55.2258
6.8633 44.6667
6.5997 42.9895
4.5833 30.0993
4.4219 31.4049
3.6475 8.5438
5.8805 16.7292
11.5178 37.408
13.2358 26.2973
15.9492 57.1863
16.2432 60.5311
13.6318 41.3924
14.2844 43.667
21.3307 68.1626
24.1531 68.7977
22.9457 50.1649
22.922 50.2056
19.6113 22.603
19.4999 21.6655
18.0913 9.9322
18.0179 9.315
19.5717 15.3884
19.5749 15.4012
26.5165 42.5403
27.096 43.8175
34.536 60.1771
37.6874 62.0832
44.1296 87.1304
48.6932 84.7345
54.4186 110.6601
60.2902 111.2404
58.7168 100.1743
58.7166 100.1737
63.0188 117.9257
67.584 115.4215
73.5524 86.9976
79.4551 86.6836
83.4976 61.3408
83.4976 61.3408
88.0061 76.084
89.563 81.1869
92.1299 89.569
92.2854 90.0806
94.2597 96.5437
97.1679 91.9152
96.0839 65.9421
95.214 66.0106
92.6328 53.1757
92.1829 50.9314
88.9193 34.712
88.9167 34.6993
86.7181 44.0141
76.8942 42.9276
73.5512 69.3423
73.4366 69.0593
71.1955 86.1561
66.2061 89.8201
63.684 67.3532
63.6841 67.3533
67.2468 76.4973
67.2468 76.4973
62.3375 50.0988
55.1735 54.7956
53.8787 67.523
53.8787 67.523
55.5004 82.2388
57.2724 83.1209
53.1752 62.0923
49.4053 62.9611
46.9582 47.209
50 50
