OFV: 317.1047211943235
Runtime: 0.015998932998627424
Gap: None
repPt: {0: (50, 50), 1: (93.41549557462601, 37.611574919520145), 2: (93.68040141991867, 57.16148914547371), 14: (36.128000180243674, 103.07246201357127), 13: (32.47758549008065, 87.77870340983534), 12: (30.641592224199677, 80.07917611397293), 11: (26.773451428481955, 63.88177240709929), 6: (21.985118383996635, 75.04716113729611), 5: (19.480142613710438, 55.959876316184086), 4: (18.468262462181034, 48.23775103302971), 3: (15.513189118886629, 17.23347881131199), 9: (15.513189608479392, 17.233429097560958), 10: (18.826427095938055, 28.507786968427453), 7: (33.03020582963311, 16.38421338938513), 8: (45.26548156814007, 42.86226115462929)}
lowerBound: 317.1047027581958
upperBound: 317.1047211943235
solType: IP_Optimal
Path: 
50 50
93.4155 37.6116
93.6804 57.1615
36.128 103.0725
32.4776 87.7787
30.6416 80.0792
26.7735 63.8818
21.9851 75.0472
19.4801 55.9599
18.4683 48.2378
15.5132 17.2335
15.5132 17.2334
18.8264 28.5078
33.0302 16.3842
45.2655 42.8623
50 50
