OFV: 842.7133949439587
Runtime: 124.19405201007612
Gap: None
Path: 
50 50
50.0011 50.009
51.1463 59.7162
53.0505 75.8396
53.3336 78.239
55.0934 93.1432
57.1191 110.2744
63.4902 108.2131
63.8476 88.0283
69.2635 92.5483
69.9918 91.2635
69.773 79.9399
69.6319 72.7457
69.596 70.9167
69.5216 67.1596
67.4126 57.7596
65.9764 51.3762
63.4608 40.1708
63.1988 39.0031
61.4145 39.8712
64.6276 74.3627
79.1757 63.6464
81.2923 35.741
89.7933 52.3403
88.5512 43.5707
87.891 38.912
86.8937 31.8699
85.4304 21.5324
85.3642 21.0667
83.9662 11.1965
83.2771 6.3364
85.4563 10.1181
91.0771 21.4154
92.1382 25.9758
93.2712 30.8486
94.1333 34.9883
94.3249 35.9078
95.1552 39.8943
95.6564 42.2993
95.8344 43.1529
97.1424 56.8947
97.3013 58.5612
98.1004 66.948
97.5661 71.0254
96.9201 75.9597
94.0983 81.9744
91.9387 107.9152
86.1649 112.7285
86.5066 107.7994
82.2196 86.8889
80.4266 78.1442
80.3427 77.7342
74.0252 46.9398
73.8268 45.9708
72.7357 40.6474
70.2991 28.7647
64.5703 11.097
61.4734 10.6595
61.578 29.0388
56.2376 33.5193
52.0378 20.2788
39.2006 16.9714
37.1032 35.32
33.8239 42.8127
32.2461 40.492
29.2838 27.9213
28.1125 22.9472
27.1218 18.7375
25.2491 10.7794
15.378 30.4326
10.0765 47.075
10.5732 55.6773
10.9132 61.5572
11.6413 74.1658
12.6596 91.9047
7.5378 102.3321
3.2651 76.5557
21.7221 70.5142
28.485 87.7077
29.7176 82.4756
29.3005 55.6994
50 50
