OFV: 265.3297835322054
Runtime: 3.9054324979997546
Gap: 3.500637953959445e-08
repPt: {0: (50, 50), 3: (9.370719163340803, 37.70174799973001), 4: (12.334554821855745, 57.84382385977342), 11: (44.98490719969756, 99.60674195678958), 12: (51.22567697853141, 107.61295489925666), 6: (67.17350044948034, 91.62032049370049), 5: (70.2973032458277, 84.04013307231487), 10: (70.50245781913208, 83.54231912184359), 9: (76.71054372838425, 68.47791384633763), 8: (89.1759959039356, 64.67063446307104), 7: (87.98442643341028, 39.64245791503235), 1: (64.56836747825886, 27.14605118381357), 2: (58.386847291902455, 37.45375110902087)}
solType: IP_Optimal
lowerBound: 265.3297742439703
upperBound: 265.3297835322054
Path: 
50 50
9.3707 37.7017
12.3346 57.8438
44.9849 99.6067
51.2257 107.613
67.1735 91.6203
70.2973 84.0401
70.5025 83.5423
76.7105 68.4779
89.176 64.6706
87.9844 39.6425
64.5684 27.1461
58.3868 37.4538
50 50
