OFV: 300.0094959492029
Runtime: 0.1076139360666275
Gap: None
repPt: {0: (50, 50), 14: (24.202724588045232, 38.78891225415868), 13: (16.939794726524855, 31.71926542057431), 5: (14.560088074174827, 29.40438292071646), 6: (23.4440405984572, 54.89972478561286), 3: (57.131270703388694, 75.39185326337665), 4: (66.09836341085023, 98.56224400193857), 2: (89.95819768430772, 75.40905189487954), 1: (88.29865856734756, 52.66674189978872), 16: (87.88787135656486, 47.0330991359658), 15: (86.3996474087958, 26.61866173810787), 11: (49.75048019026833, 8.67872877597638), 12: (50.70024180760651, 19.945244463014912), 9: (50.94333489207218, 22.83918619043396), 10: (52.09896068484511, 36.57250805618103), 7: (52.31978531893457, 39.20299769098115), 8: (53.18557839575694, 49.48825390698184)}
lowerBound: 300.0094742657525
upperBound: 300.0094959492029
solType: IP_Optimal
Path: 
50 50
24.2027 38.7889
16.9398 31.7193
14.5601 29.4044
23.444 54.8997
57.1313 75.3919
66.0984 98.5622
89.9582 75.4091
88.2987 52.6667
87.8879 47.0331
86.3996 26.6187
49.7505 8.6787
50.7002 19.9452
50.9433 22.8392
52.099 36.5725
52.3198 39.203
53.1856 49.4883
50 50
