OFV: 253.3850998076125
Runtime: 0.019210244994610548
Gap: None
repPt: {0: (50, 50), 10: (68.95352511574872, 60.06025301682129), 9: (65.73855844948983, 42.879344671585926), 2: (64.96371732258014, 38.73726012759916), 1: (60.82523010932265, 16.623606126374312), 11: (21.780091594811548, 10.519216167977108), 12: (26.8317135488794, 40.374328688130625), 7: (28.20323620004805, 45.2926836889074), 8: (36.24155277888745, 74.12961050442713), 6: (43.905572478200966, 101.63453013666931), 5: (45.82560216460383, 75.65210451997815), 4: (46.1246640416355, 71.56846406853013), 3: (47.73640580723912, 49.714637893109284)}
lowerBound: 253.38505446814008
upperBound: 253.3850998076125
solType: IP_Optimal
Path: 
50 50
68.9535 60.0603
65.7386 42.8793
64.9637 38.7373
60.8252 16.6236
21.7801 10.5192
26.8317 40.3743
28.2032 45.2927
36.2416 74.1296
43.9056 101.6345
45.8256 75.6521
46.1247 71.5685
47.7364 49.7146
50 50
