OFV: 331.423646258823
Runtime: 3606.422701508971
Gap: 0.19115468404551103
repPt: {0: (50, 50), 9: (61.74825229264845, 93.52131792293643), 10: (65.87335769445335, 108.81678267520205), 18: (90.80968791261307, 74.54036333618193), 12: (92.10815284376893, 52.48844179142969), 17: (92.4944421715468, 45.89270546922252), 20: (92.87704114596617, 39.35657280620102), 11: (93.30572974976208, 32.03377862146826), 8: (93.50891572212765, 28.55319716402674), 19: (91.48592209960827, 15.941279836625815), 7: (90.64483678343416, 10.699226071390118), 13: (36.70808942244212, 12.437726690144004), 14: (31.067481401981308, 35.4521522975263), 15: (20.042504559597923, 36.738565498322906), 1: (20.10977368451651, 48.55197875496171), 16: (20.179477733541606, 60.888815244920586), 2: (20.18810291798291, 62.463253194077865), 6: (29.46516830603268, 66.19357252369406), 4: (33.56685615554409, 61.48640266471171), 5: (33.723316599771614, 52.06534820426689), 3: (40.91937528718185, 42.45188795233585)}
solType: IP_TimeLimit
lowerBound: 268.0704638730065
upperBound: 331.423646258823
Path: 
50 50
61.7483 93.5213
65.8734 108.8168
90.8097 74.5404
92.1082 52.4884
92.4944 45.8927
92.877 39.3566
93.3057 32.0338
93.5089 28.5532
91.4859 15.9413
90.6448 10.6992
36.7081 12.4377
31.0675 35.4522
20.0425 36.7386
20.1098 48.552
20.1795 60.8888
20.1881 62.4633
29.4652 66.1936
33.5669 61.4864
33.7233 52.0653
40.9194 42.4519
50 50
