OFV: 493.0571763698506
Runtime: 55.51413514802698
Gap: None
Path: 
50 50
70.2791 43.9557
78.0666 28.0882
83.9666 16.0653
88.1784 19.7694
92.1079 37.2848
93.3272 42.7168
93.0429 49.1681
92.5064 61.3624
91.9277 74.5215
91.4486 85.4061
91.0347 94.8034
90.2583 99.761
87.4153 117.8979
86.5792 123.2385
60.0489 106.8107
59.5843 101.8726
58.8016 93.5609
58.261 87.8266
66.0964 93.158
65.1857 89.5038
64.1096 85.186
62.9471 80.5205
59.0319 64.804
53.3251 64.2579
43.4187 71.375
33.0358 101.6661
29.5871 102.7193
19.9495 95.1458
6.9609 88.0716
9.8516 110.0304
11.8542 103.9302
11.1144 93.1056
10.1781 79.4265
9.42 68.3272
8.335 55.2009
6.3594 31.3153
16.8079 44.5981
20.672 49.5139
26.8743 57.4035
28.9044 59.9863
50 50
