OFV: 558.3770616022534
Runtime: 296.0969684399897
Gap: None
Path: 
50 50
32.2552 58.408
29.4223 68.5838
26.1608 80.3023
23.1039 86.4949
9.6501 98.781
8.9506 90.5185
7.6826 75.4929
9.0033 69.7265
10.649 62.5379
12.1744 55.8764
13.8542 48.5386
19.121 31.8449
27.2136 14.6115
31.3698 17.8795
31.3902 18.081
31.4112 18.2886
33.9121 29.6535
35.9821 39.0576
35.9822 39.0577
35.9822 39.0578
50.7874 31.1346
56.4125 23.3212
62.6543 14.649
62.6543 14.649
63.613 23.4619
64.6171 32.7201
65.0561 36.7833
65.4325 40.2696
66.1511 46.903
66.8177 53.0615
67.4609 59.0031
68.0979 64.8884
68.6683 70.1622
69.2906 75.9137
69.9025 81.5708
70.6588 88.5529
71.803 85.4628
74.4788 78.2282
75.1645 71.294
76.1423 61.4265
78.0448 42.2777
78.097 41.9375
78.9199 36.6028
79.4998 32.8412
80.1143 28.8556
81.3329 20.9711
82.6024 12.7591
82.7883 11.551
82.9548 10.4693
84.4178 14.5862
87.1829 22.37
88.1661 26.5761
89.3661 31.7156
89.9457 34.4972
90.3194 36.2865
90.7692 38.4438
91.1101 40.0757
91.4176 41.5468
91.6579 42.6953
91.8808 43.7601
92.8524 53.9118
93.0166 55.6262
93.366 59.2743
94.1002 66.9521
93.6183 71.3067
93.2961 74.2117
91.408 76.7077
89.3804 79.3872
88.996 87.4362
88.6229 105.6567
86.1053 107.021
83.2321 108.5779
60.1203 107.5414
59.9272 106.4389
56.9081 89.2941
56.256 85.5792
54.9223 77.9946
53.6986 71.0317
52.1421 62.1886
50.6739 53.8392
50 50
