OFV: 284.7505086972656
Runtime: 0.019719387055374682
Gap: None
repPt: {0: (50, 50), 3: (7.956735769207668, 36.277496095261725), 4: (10.455967277742317, 58.54011561310148), 11: (46.33108613168291, 98.06045839101394), 12: (51.69616699382881, 109.68096887268786), 6: (68.73580415220731, 92.88913282710209), 5: (71.77320432519372, 83.27803863790496), 10: (72.06713660845868, 83.50988440929835), 9: (75.35729288096549, 67.00520825849462), 8: (91.10720839150146, 65.44198027204226), 7: (89.67835432168185, 38.57911717824504), 1: (64.54146788079957, 25.048542026111384), 2: (59.96843392209976, 38.70250137380709)}
lowerBound: 284.75045806732123
upperBound: 284.7505086972656
solType: IP_Optimal
Path: 
50 50
7.9567 36.2775
10.456 58.5401
46.3311 98.0605
51.6962 109.681
68.7358 92.8891
71.7732 83.278
72.0671 83.5099
75.3573 67.0052
91.1072 65.442
89.6784 38.5791
64.5415 25.0485
59.9684 38.7025
50 50
