OFV: 348.1474943540228
Runtime: 3601.9341238919296
Gap: 0.08578813422379376
repPt: {0: (50, 50), 3: (49.03078033312469, 46.99713776987677), 4: (44.77747693074376, 57.650315705228024), 17: (43.94520036220545, 59.734519214043125), 18: (42.01150314271712, 75.90355223172637), 19: (39.7657653096889, 64.4098533962732), 20: (48.13048366823421, 86.74711420797982), 10: (75.8611962231073, 72.92009086993748), 9: (82.55909979026193, 42.85295081718745), 13: (90.82227455375909, 31.45931845165475), 14: (94.7762352211644, 57.378042336008434), 6: (84.98802151605655, 54.12286527727626), 5: (73.94207212621149, 28.190205227426738), 7: (73.94896473527618, 28.582863507012462), 8: (74.27683250836125, 47.943356722899594), 16: (69.69409958826951, 45.53849512509291), 15: (59.145536994498194, 30.61478828417245), 12: (40.298898421330044, 18.528204544863122), 11: (32.03212641707972, 6.198256003705867), 1: (24.032296870550255, 19.620036433883314), 2: (27.15412277475056, 34.41732563769849)}
solType: IP_TimeLimit
lowerBound: 318.2805703787024
upperBound: 348.1474943540228
Path: 
50 50
49.0308 46.9971
44.7775 57.6503
43.9452 59.7345
42.0115 75.9036
39.7658 64.4099
48.1305 86.7471
75.8612 72.9201
82.5591 42.853
90.8223 31.4593
94.7762 57.378
84.988 54.1229
73.9421 28.1902
73.949 28.5829
74.2768 47.9434
69.6941 45.5385
59.1455 30.6148
40.2989 18.5282
32.0321 6.1983
24.0323 19.62
27.1541 34.4173
50 50
