OFV: 344.5738329720774
Runtime: 0.10783138801343739
Gap: None
repPt: {0: (50, 50), 15: (40.256009772642, 56.31080453388272), 16: (35.99579060802739, 64.00316050745298), 5: (5.979565811767904, 70.8443082354597), 6: (9.135105550441509, 87.81037871443974), 13: (17.040889375629476, 79.59983280310058), 14: (23.879391775974334, 86.46079601647615), 18: (45.97629289551505, 99.67098580686788), 17: (50.55465471336541, 87.87067740366292), 4: (61.80706893139232, 70.40602417725052), 3: (68.78603158124976, 50.408039590722424), 2: (83.29484247476313, 28.21782157433441), 1: (82.85356539421078, 5.515228718962895), 11: (69.26057190738643, 14.317490712446627), 12: (66.17154678228695, 26.383954919503978), 8: (48.86550992011604, 34.1932753816237), 7: (43.50614394426425, 13.312260622394565), 19: (42.63808748239421, 13.471149008702596), 20: (38.289192090476284, 22.566021334593206), 9: (29.70431635877418, 21.144561147884744), 10: (35.049087681008245, 37.20982806745432)}
lowerBound: 344.57378898921013
upperBound: 344.5738329720774
solType: IP_Optimal
Path: 
50 50
40.256 56.3108
35.9958 64.0032
5.9796 70.8443
9.1351 87.8104
17.0409 79.5998
23.8794 86.4608
45.9763 99.671
50.5547 87.8707
61.8071 70.406
68.786 50.408
83.2948 28.2178
82.8536 5.5152
69.2606 14.3175
66.1715 26.384
48.8655 34.1933
43.5061 13.3123
42.6381 13.4711
38.2892 22.566
29.7043 21.1446
35.0491 37.2098
50 50
