OFV: 892.3649911939466
Runtime: 80.3014644740615
Gap: None
Path: 
50 50
49.3658 51.5517
52.1461 83.8531
61.6457 73.1763
60.3422 60.2411
58.732 44.2566
58.1405 38.4046
57.3892 30.9709
57.329 30.3798
56.7869 25.0217
56.6017 22.7975
56.4911 21.4728
56.0297 15.8753
55.5504 10.0754
55.4157 8.461
66.6672 13.6925
69.0944 14.8195
74.7004 36.5777
75.0245 37.8399
64.9834 21.5976
69.4899 45.587
69.6254 46.3084
72.148 59.7336
77.5339 49.5139
81.0871 18.4776
87.4817 14.9948
89.6549 28.2662
90.9418 36.125
95.6627 64.9542
90.4012 62.0974
90.1508 70.9682
89.7047 86.6318
89.4132 90.0395
89.1768 92.8045
88.625 99.2338
87.9698 106.8616
87.3686 113.8621
83.194 125.5
71.173 92.4016
71.2716 92.2615
69.0317 114.2288
59.3428 122.7871
56.2941 100.6887
50.3324 105.4908
44.4297 91.5036
40.1104 76.4529
37.8284 68.491
35.9825 62.0485
33.6088 53.7646
32.2635 54.8675
33.2408 66.315
33.3321 67.3781
36.2559 101.7524
29.8829 91.4796
27.331 79.4827
22.8978 58.6599
21.6728 54.7484
13.9124 45.624
13.6387 62.7195
13.4732 73.0936
13.3999 77.7724
13.6228 84.5751
13.9071 93.286
14.153 100.8027
14.3874 107.956
10.3131 104.0024
6.5085 100.31
5.1579 84.9944
4.6977 79.7831
4.9046 60.1953
5.1629 36.2782
11.7828 36.5745
11.239 23.1751
20.5968 28.6978
22.6394 14.023
27.2181 8.6128
30.3658 9.8845
31.1111 14.2104
33.6307 28.7954
36.6196 46.0982
37.0522 48.6118
50 50
