OFV: 302.7209243310355
Runtime: 19.396990226989146
Gap: 2.085533209531926e-08
repPt: {0: (50, 50), 16: (50.15701080710272, 45.81775721657947), 15: (51.1508251915425, 19.34560909946108), 13: (71.95577945812991, 27.3733615391863), 14: (75.02715079614161, 54.984068161177696), 5: (65.49594037936981, 87.27785154900513), 6: (59.38270868338239, 117.89192658546392), 12: (30.794094035251028, 131.42094093242827), 11: (24.358582077607856, 101.67793879218489), 10: (23.62953783175719, 98.30929412290926), 9: (22.09063929015532, 76.6381405814698), 2: (22.036904152681437, 74.98866687072304), 1: (21.507369253566033, 58.720488321526155), 8: (21.507369243485073, 58.72048550229595), 7: (21.475056211338867, 43.2596325987107), 4: (24.880065479750733, 39.830980418916255), 3: (29.3067527019921, 35.373654033883554)}
solType: IP_Optimal
lowerBound: 302.7209180176901
upperBound: 302.7209243310355
Path: 
50 50
50.157 45.8178
51.1508 19.3456
71.9558 27.3734
75.0272 54.9841
65.4959 87.2779
59.3827 117.8919
30.7941 131.4209
24.3586 101.6779
23.6295 98.3093
22.0906 76.6381
22.0369 74.9887
21.5074 58.7205
21.5074 58.7205
21.4751 43.2596
24.8801 39.831
29.3068 35.3737
50 50
