OFV: 257.0285878238125
Runtime: 0.03559290606062859
Gap: None
repPt: {0: (50, 50), 7: (35.43842462817636, 33.38069906515176), 8: (32.92185447087947, 44.72757515793005), 1: (31.888388192312817, 49.403026641232024), 2: (33.84064066663188, 68.3888346477071), 13: (36.407322868886624, 68.14677522741127), 14: (46.05587570735296, 93.34998218612277), 11: (34.63176116580942, 82.19148116935841), 12: (39.985919393339564, 95.01098527272828), 3: (39.985931524464064, 95.01098489969921), 4: (54.5313985345182, 115.043357597613), 10: (90.9665391058341, 112.16632655670888), 9: (89.04801071687066, 89.16402849694529), 6: (84.99875710546941, 83.68204276109664), 5: (77.67238647716906, 73.76524706185117)}
lowerBound: 257.02855732186623
upperBound: 257.0285878238125
solType: IP_Optimal
Path: 
50 50
35.4384 33.3807
32.9219 44.7276
31.8884 49.403
33.8406 68.3888
36.4073 68.1468
46.0559 93.35
34.6318 82.1915
39.9859 95.011
39.9859 95.011
54.5314 115.0434
90.9665 112.1663
89.048 89.164
84.9988 83.682
77.6724 73.7652
50 50
