OFV: 372.4203736970401
Runtime: 64.80131688199981
Gap: 1.4032716205699324e-07
repPt: {0: (50, 50), 6: (50.03215359694047, 47.32925193240209), 5: (50.42795032421397, 14.725002988487386), 15: (77.0354070419435, 32.546637310672246), 16: (82.56705245691508, 48.70279442028352), 11: (84.49038282143084, 44.11654732860331), 12: (84.91519325951514, 56.57974195240454), 9: (86.20694978451026, 94.21286206895356), 10: (86.80618565453423, 111.69536790893073), 4: (16.744792991313943, 88.40350716079699), 3: (12.96800711348884, 61.06836301077994), 2: (27.035598802855418, 60.20921197297229), 1: (25.23633914554391, 35.64548361012986), 13: (27.232092205315844, 44.469927760846), 14: (33.45748630234409, 71.99593337122322), 8: (34.67983380483984, 77.40063695489089), 7: (38.851090435978485, 61.36333247031142)}
solType: IP_Optimal
lowerBound: 372.42032143634594
upperBound: 372.4203736970401
Path: 
50 50
50.0322 47.3293
50.428 14.725
77.0354 32.5466
82.5671 48.7028
84.4904 44.1165
84.9152 56.5797
86.2069 94.2129
86.8062 111.6954
16.7448 88.4035
12.968 61.0684
27.0356 60.2092
25.2363 35.6455
27.2321 44.4699
33.4575 71.9959
34.6798 77.4006
38.8511 61.3633
50 50
