OFV: 387.4675703909921
Runtime: 0.017358870012685657
Gap: None
repPt: {0: (50, 50), 10: (90.9443756916046, 39.87665785144958), 9: (89.1151832330302, 22.457206215818342), 3: (14.4502637050803, 17.190072653086624), 4: (14.551979166319, 39.313859992895225), 5: (14.776856150298217, 87.96497401256723), 6: (14.923943106491942, 120.265601424506), 8: (17.717672120427434, 114.06802352772432), 7: (20.951491169323887, 90.83562692277535), 14: (38.30712977344748, 94.09466929151733), 13: (40.61663791568791, 71.9874309413252), 1: (50.86289406310155, 73.7023167606784), 2: (54.740930853768845, 89.3042201915253), 12: (54.918013648466285, 88.0251117673503), 11: (56.389035081101, 77.40437603414917), 16: (61.258899567586845, 79.43138244677233), 15: (57.09352912928721, 50.93606645274246)}
lowerBound: 387.4675544969975
upperBound: 387.4675703909921
solType: IP_Optimal
Path: 
50 50
90.9444 39.8767
89.1152 22.4572
14.4503 17.1901
14.552 39.3139
14.7769 87.965
14.9239 120.2656
17.7177 114.068
20.9515 90.8356
38.3071 94.0947
40.6166 71.9874
50.8629 73.7023
54.7409 89.3042
54.918 88.0251
56.389 77.4044
61.2589 79.4314
57.0935 50.9361
50 50
