OFV: 311.17046145733656
Runtime: 0.08226914203260094
Gap: None
repPt: {0: (50, 50), 11: (65.94760461970095, 29.268116680382313), 12: (72.9267125324039, 54.785740154058416), 5: (81.40349628711066, 85.77555706315265), 6: (87.70094106173707, 114.3953042199904), 2: (87.72471865484617, 114.5034255176872), 1: (82.56588810272454, 95.6329074849752), 8: (77.11585608946922, 93.14700459709258), 7: (71.84003099806888, 89.34697440010525), 15: (52.72299361690706, 96.93079943197887), 16: (52.029664568024266, 117.16757984903883), 18: (50.964786669039256, 113.86761082895966), 17: (43.39774720109954, 90.4210356346713), 4: (41.563345741665245, 84.73640497966099), 3: (34.99676177668255, 64.3899403433857), 14: (34.99675866366846, 64.38993347077005), 13: (28.99783996365324, 47.760930215719014), 9: (18.28353055302245, 49.67410312628954), 10: (18.337832587736713, 57.30607577105724)}
lowerBound: 311.1704083185426
upperBound: 311.17046145733656
solType: IP_Optimal
Path: 
50 50
65.9476 29.2681
72.9267 54.7857
81.4035 85.7756
87.7009 114.3953
87.7247 114.5034
82.5659 95.6329
77.1159 93.147
71.84 89.347
52.723 96.9308
52.0297 117.1676
50.9648 113.8676
43.3977 90.421
41.5633 84.7364
34.9968 64.3899
34.9968 64.3899
28.9978 47.7609
18.2835 49.6741
18.3378 57.3061
50 50
