OFV: 1221.6412448584726
Runtime: 4.116032393998466
Gap: None
repPt: {0: (50, 50), 36: (49.459185204890865, 50.62566515804149), 35: (44.91260353995634, 16.430001474873645), 11: (47.34152633788978, 16.772527428837904), 12: (51.856513405742966, 31.944869835968763), 31: (51.919633828646916, 32.15748466448669), 32: (57.06688017905052, 49.45404567879954), 62: (66.83847176249925, 37.099080388721674), 61: (65.71671337162628, 18.24274985500984), 18: (62.580224242269466, 24.724192626262475), 17: (58.64458844095065, 4.947411574961096), 1: (63.79704765423477, 15.769326024825542), 2: (70.53211341402746, 38.7882705548181), 77: (71.24429548243742, 41.22533768864665), 78: (75.30549709406874, 55.10704645135791), 16: (76.84804994966285, 51.6652188295064), 15: (75.03819625453791, 23.149524133600387), 19: (76.74784418630351, 25.80216601723045), 20: (84.10555800524936, 43.204178577255824), 66: (84.44179158103665, 43.24477995259599), 65: (88.39030725893787, 8.713376458219766), 55: (93.92334206143198, 4.7001442254495505), 56: (98.02006956060079, 23.968470658863087), 30: (100.02550555341055, 33.40169733254063), 29: (94.64697841610861, 16.798733802332443), 41: (94.21257999869485, 15.455885949243982), 42: (95.07406983805052, 43.780874727366246), 71: (87.49425225058599, 34.163618848995426), 72: (85.65467567706752, 63.629855603603474), 4: (84.00138991684764, 68.61517770746354), 3: (82.22413733445637, 53.75385850281102), 49: (82.77331458979727, 56.0726464425331), 50: (87.44728388753498, 75.82191810519734), 37: (90.59269574653601, 89.11243185385791), 38: (97.14717627582752, 116.81067228887571), 79: (98.18312706959172, 100.39440552971416), 80: (103.45395705335129, 128.53021859767517), 8: (74.27874424274395, 129.68420428866486), 7: (64.77007986044586, 94.21229776638137), 13: (55.466742157102466, 86.40393672722128), 14: (53.907464274339326, 97.03048939616869), 21: (51.52910564777135, 98.44492335189683), 22: (52.16349293998319, 120.09712937408896), 76: (30.045904794638435, 117.70355238263681), 75: (28.29763135379917, 97.06256143212276), 44: (29.510505765021406, 99.16788044762511), 43: (24.90578123129688, 68.53046445657925), 10: (20.1002295098731, 72.97165402972355), 9: (15.993379393221067, 44.88510235752133), 64: (8.010942359230246, 38.42250888436607), 63: (3.9799235989151747, 9.686911913460184), 23: (4.379138440865994, 18.04682277797891), 24: (7.607202213919419, 34.974129567677274), 40: (11.664668933055985, 31.567943201710687), 39: (11.060993861738282, 8.847080909491961), 45: (11.088298062571319, 8.922059714775948), 46: (17.498464686922304, 26.497954732647734), 26: (19.259425680507643, 27.788324084953995), 25: (16.096393550235, 13.541636759033205), 69: (16.011084167128754, 13.156144951471479), 70: (18.7217445860414, 34.843255084377475), 34: (19.481201294164656, 34.67038253584401), 33: (13.378409394711873, 4.256852821758695), 47: (11.098213337622443, 4.602379756668891), 48: (15.320969551525799, 36.56424993648457), 27: (15.320973577767372, 36.56426089690636), 28: (17.96787006747881, 68.5542363322117), 57: (21.175578864505226, 62.13429689117298), 58: (22.066643174220665, 82.29078482513027), 67: (12.455425518922414, 81.97515077301418), 68: (9.127969959008668, 109.95576508644632), 74: (8.536827583727606, 110.36682281435496), 73: (5.7779801822319214, 86.15212865594424), 59: (15.861176175104472, 85.7446864228313), 60: (20.182815609510705, 100.03770381247813), 54: (24.458618930787058, 98.62438418413278), 53: (26.558832248532966, 77.49965509045289), 52: (33.65649464817064, 79.69024101585266), 51: (37.00884090995553, 49.71552960105442), 5: (40.86686655614188, 48.53555089726899), 6: (45.686509112298, 65.50003033416186)}
lowerBound: 1221.6411333732772
upperBound: 1221.6412448584726
solType: IP_Optimal
Path: 
50 50
49.4592 50.6257
44.9126 16.43
47.3415 16.7725
51.8565 31.9449
51.9196 32.1575
57.0669 49.454
66.8385 37.0991
65.7167 18.2427
62.5802 24.7242
58.6446 4.9474
63.797 15.7693
70.5321 38.7883
71.2443 41.2253
75.3055 55.107
76.848 51.6652
75.0382 23.1495
76.7478 25.8022
84.1056 43.2042
84.4418 43.2448
88.3903 8.7134
93.9233 4.7001
98.0201 23.9685
100.0255 33.4017
94.647 16.7987
94.2126 15.4559
95.0741 43.7809
87.4943 34.1636
85.6547 63.6299
84.0014 68.6152
82.2241 53.7539
82.7733 56.0726
87.4473 75.8219
90.5927 89.1124
97.1472 116.8107
98.1831 100.3944
103.454 128.5302
74.2787 129.6842
64.7701 94.2123
55.4667 86.4039
53.9075 97.0305
51.5291 98.4449
52.1635 120.0971
30.0459 117.7036
28.2976 97.0626
29.5105 99.1679
24.9058 68.5305
20.1002 72.9717
15.9934 44.8851
8.0109 38.4225
3.9799 9.6869
4.3791 18.0468
7.6072 34.9741
11.6647 31.5679
11.061 8.8471
11.0883 8.9221
17.4985 26.498
19.2594 27.7883
16.0964 13.5416
16.0111 13.1561
18.7217 34.8433
19.4812 34.6704
13.3784 4.2569
11.0982 4.6024
15.321 36.5642
15.321 36.5643
17.9679 68.5542
21.1756 62.1343
22.0666 82.2908
12.4554 81.9752
9.128 109.9558
8.5368 110.3668
5.778 86.1521
15.8612 85.7447
20.1828 100.0377
24.4586 98.6244
26.5588 77.4997
33.6565 79.6902
37.0088 49.7155
40.8669 48.5356
45.6865 65.5
50 50
