OFV: 398.3305454773697
Runtime: 1.528634624031838
Gap: -1.7035961861337188e-08
repPt: {0: (50, 50), 10: (56.340973274688125, 59.873279701724094), 9: (59.06609591683399, 38.64434158507434), 7: (91.68800618422809, 25.83011535375546), 8: (93.90473708573747, 61.71072893490689), 1: (83.55868030464504, 71.66625694429104), 2: (79.5807323981945, 84.8131422359253), 5: (34.471554237030304, 74.96119071583558), 6: (37.206100441226255, 109.49278799272962), 12: (19.76155988546772, 117.68010494004248), 11: (18.008538188976555, 102.35911971379758), 14: (20.996753726528027, 107.8095322724413), 13: (19.49868540185283, 71.1172128949929), 4: (19.03606968896693, 39.341009838650386), 3: (18.64294616421284, 12.412875453870619)}
solType: IP_Optimal
lowerBound: 398.3305522633137
upperBound: 398.3305454773697
Path: 
50 50
56.341 59.8733
59.0661 38.6443
91.688 25.8301
93.9047 61.7107
83.5587 71.6663
79.5807 84.8131
34.4716 74.9612
37.2061 109.4928
19.7616 117.6801
18.0085 102.3591
20.9968 107.8095
19.4987 71.1172
19.0361 39.341
18.6429 12.4129
50 50
