OFV: 449.0229624263039
Runtime: 0.09720393805764616
Gap: None
repPt: {0: (50, 50), 7: (88.79189207939135, 60.43445051390449), 8: (95.01813604080735, 82.49031130987788), 9: (97.62058821837809, 91.70065687990358), 10: (101.85583439264859, 106.69376259218973), 4: (94.03966262527534, 72.70135989281926), 3: (87.81734253818158, 37.92639417806362), 18: (70.46421786985123, 23.888968642221247), 17: (65.17112758230394, 8.081919316522791), 14: (55.809338944573874, 23.607312718299852), 13: (47.666239534505635, 4.5161131649001724), 11: (8.389087650764385, 5.139091614049756), 12: (10.559222771377367, 19.560667406293106), 19: (12.210154833113055, 30.525381668463826), 20: (15.236908487562467, 50.62205372213434), 6: (15.168573983686592, 49.89304899705071), 5: (13.94700984612424, 36.86651000518984), 1: (21.21965208799605, 71.74271320672179), 2: (25.90900037280941, 94.21250706780388), 16: (46.13503877036286, 80.14405275228344), 15: (48.79745809262121, 59.37771628018915)}
lowerBound: 449.0229336858015
upperBound: 449.0229624263039
solType: IP_Optimal
Path: 
50 50
88.7919 60.4345
95.0181 82.4903
97.6206 91.7007
101.8558 106.6938
94.0397 72.7014
87.8173 37.9264
70.4642 23.889
65.1711 8.0819
55.8093 23.6073
47.6662 4.5161
8.3891 5.1391
10.5592 19.5607
12.2102 30.5254
15.2369 50.6221
15.1686 49.893
13.947 36.8665
21.2197 71.7427
25.909 94.2125
46.135 80.1441
48.7975 59.3777
50 50
