OFV: 242.9989067220724
Runtime: 0.025077767088077962
Gap: None
repPt: {0: (50, 50), 9: (54.15064988637268, 58.35163884723767), 10: (68.07471083229605, 86.39810629896141), 4: (69.5949281868851, 87.43004537856169), 3: (67.36598017625947, 79.66283046760243), 6: (26.244382167440573, 69.88564439823297), 5: (12.101214124571527, 52.22513108744243), 7: (12.10121133453389, 52.22513019877109), 8: (11.837871737223244, 62.50105602438422), 2: (14.549231832025178, 59.916589187566196), 1: (9.003510609223436, 28.48186914422757), 12: (8.95402177707801, 28.201530131541965), 11: (5.435153095998848, 8.254409299538771)}
lowerBound: 242.99887951182282
upperBound: 242.9989067220724
solType: IP_Optimal
Path: 
50 50
54.1506 58.3516
68.0747 86.3981
69.5949 87.43
67.366 79.6628
26.2444 69.8856
12.1012 52.2251
12.1012 52.2251
11.8379 62.5011
14.5492 59.9166
9.0035 28.4819
8.954 28.2015
5.4352 8.2544
50 50
