OFV: 309.7965357040836
Runtime: 0.7184116620046552
Gap: -1.7106798572117245e-08
repPt: {0: (50, 50), 9: (3.518398123223962, 56.77521319071279), 10: (5.824621654383964, 71.04603601438876), 5: (10.362842042527781, 66.51501928421854), 6: (11.508276226085995, 80.82555542774074), 1: (12.679871583948815, 95.35538967280525), 2: (17.61582380087386, 128.2446747228572), 8: (57.44975082875005, 54.46401337462234), 7: (62.6186567695735, 17.768438860370587), 3: (67.42305286832193, 12.43647643915664), 4: (69.6014472688904, 43.33950533066805)}
solType: IP_Optimal
lowerBound: 309.79654100371056
upperBound: 309.7965357040836
Path: 
50 50
3.5184 56.7752
5.8246 71.046
10.3628 66.515
11.5083 80.8256
12.6799 95.3554
17.6158 128.2447
57.4498 54.464
62.6187 17.7684
67.4231 12.4365
69.6014 43.3395
50 50
