OFV: 348.53216965345035
Runtime: 3608.7953693789896
Gap: 0.09899523618464245
repPt: {0: (50, 50), 9: (90.48706090627613, 32.634147183504496), 10: (91.37963238162168, 51.52393636629045), 5: (91.4784546556984, 53.62470864996273), 6: (92.14838085446577, 67.82204704041331), 3: (78.22035747171654, 61.6303370591674), 4: (79.51050007201314, 79.67404372430885), 11: (80.03398663510924, 86.97655620563235), 12: (81.15333423334884, 102.6186634896931), 14: (37.549849307027046, 81.85878983646461), 13: (27.864220857642657, 56.271037000920636), 8: (26.447770445243762, 52.528601837592234), 7: (15.899324172742828, 24.399278519925886), 15: (15.612879976439785, 25.10094942228888), 16: (16.360882857212133, 35.60591649423618), 2: (30.5149624023521, 27.309702058838877), 1: (32.452962858481, 8.702040103391735), 19: (33.86347852860301, 10.85158346082047), 20: (37.2079843588482, 25.32472609172641), 17: (37.91368941405489, 30.939030953350606), 18: (40.85901169429445, 54.358577475878235)}
solType: IP_TimeLimit
lowerBound: 314.02914520066116
upperBound: 348.53216965345035
Path: 
50 50
90.4871 32.6341
91.3796 51.5239
91.4785 53.6247
92.1484 67.822
78.2204 61.6303
79.5105 79.674
80.034 86.9766
81.1533 102.6187
37.5498 81.8588
27.8642 56.271
26.4478 52.5286
15.8993 24.3993
15.6129 25.1009
16.3609 35.6059
30.515 27.3097
32.453 8.702
33.8635 10.8516
37.208 25.3247
37.9137 30.939
40.859 54.3586
50 50
