OFV: 330.3251306603864
Runtime: 3604.5333217579973
Gap: 0.0913884258628093
repPt: {0: (50, 50), 16: (44.28472583767787, 33.57736817216562), 15: (40.3748999281027, 9.684468377735278), 5: (71.70292716385363, 9.125943429263927), 6: (77.5546139608983, 16.53984633535726), 7: (95.42247143467578, 11.46234877146975), 8: (94.36987133845939, 29.66832464980708), 1: (94.17645060245144, 33.02033072822356), 2: (93.3756708196809, 46.897233086352074), 17: (35.52875616477157, 93.48206363792863), 18: (32.8641689563928, 116.40121988082025), 12: (18.70537161556084, 102.54146542851052), 11: (11.940247329903583, 83.26115544712881), 4: (29.650939779826977, 79.07965625697683), 3: (31.53050147400273, 74.47986933823282), 10: (32.26907362068815, 75.7132761329333), 9: (35.363413041114235, 68.71644659771631), 14: (35.5462781537881, 68.33123178294211), 13: (38.65819044251029, 61.78035601734558)}
solType: IP_TimeLimit
lowerBound: 300.13723694640686
upperBound: 330.3251306603864
Path: 
50 50
44.2847 33.5774
40.3749 9.6845
71.7029 9.1259
77.5546 16.5398
95.4225 11.4623
94.3699 29.6683
94.1765 33.0203
93.3757 46.8972
35.5288 93.4821
32.8642 116.4012
18.7054 102.5415
11.9402 83.2612
29.6509 79.0797
31.5305 74.4799
32.2691 75.7133
35.3634 68.7164
35.5463 68.3312
38.6582 61.7804
50 50
