OFV: 409.8555900082257
Runtime: 15.99995901901275
Gap: 4.065776145907726e-09
repPt: {0: (50, 50), 10: (101.24108077483324, 106.92542222250293), 9: (98.36088250130382, 93.24127096250925), 8: (96.07007385877763, 82.35346583162242), 4: (94.04515534690456, 72.72935232420612), 7: (91.38249262139729, 57.845633477749914), 3: (87.81718988532903, 37.92614331520307), 18: (70.46402949684794, 23.888690507218175), 17: (65.17090856404718, 8.081899674104644), 14: (55.80935035349247, 23.60730919601231), 13: (47.663858076143775, 4.514569505332848), 11: (8.431177949159366, 5.08828818866279), 12: (11.0741483248119, 18.54776078110824), 19: (13.57010814613234, 31.263611172083124), 5: (14.224235768729093, 34.59519962213512), 20: (17.674533471933177, 52.18370913137201), 6: (17.878136380133586, 53.22064172681418), 1: (21.4898187459449, 71.61798675367038), 2: (25.925625396412432, 94.21917533908535), 16: (46.13393211033297, 80.1458700186287), 15: (48.785087149512165, 59.50051062625993)}
solType: IP_Optimal
lowerBound: 409.8555883418446
upperBound: 409.8555900082257
Path: 
50 50
101.2411 106.9254
98.3609 93.2413
96.0701 82.3535
94.0452 72.7294
91.3825 57.8456
87.8172 37.9261
70.464 23.8887
65.1709 8.0819
55.8094 23.6073
47.6639 4.5146
8.4312 5.0883
11.0741 18.5478
13.5701 31.2636
14.2242 34.5952
17.6745 52.1837
17.8781 53.2206
21.4898 71.618
25.9256 94.2192
46.1339 80.1459
48.7851 59.5005
50 50
