OFV: 466.56102195424995
Runtime: 30.162168741997448
Gap: -5.6405043102562645e-08
repPt: {0: (50, 50), 8: (62.45811758005121, 44.025006073184855), 7: (66.97109392169136, 24.365748479867015), 9: (83.98634138169052, 4.955701785478006), 10: (88.92934493867455, 17.455505980206134), 1: (92.60806637641628, 22.52420125298423), 2: (100.20304062537716, 48.33710743230814), 19: (72.29521692433222, 51.44475857364722), 20: (71.57901886980181, 70.45890485491712), 15: (70.96771353345167, 86.75523856453039), 16: (69.94945065665188, 113.8387527206743), 12: (40.72173053849639, 107.77908600173156), 11: (35.21041940213403, 81.191899581698), 18: (29.553839744761007, 53.8965566379786), 17: (25.228546073633556, 33.01435227680749), 4: (6.465781975213643, 39.704967677562195), 3: (5.249873704100854, 15.531512797187032), 13: (35.51999870642713, 6.513230736633176), 14: (45.32620966483646, 29.778995624933337), 5: (62.31493579047225, 29.349340480816046), 6: (65.110595382847, 57.72090344441357)}
solType: IP_Optimal
lowerBound: 466.5610482706445
upperBound: 466.56102195424995
Path: 
50 50
62.4581 44.025
66.9711 24.3657
83.9863 4.9557
88.9293 17.4555
92.6081 22.5242
100.203 48.3371
72.2952 51.4448
71.579 70.4589
70.9677 86.7552
69.9495 113.8388
40.7217 107.7791
35.2104 81.1919
29.5538 53.8966
25.2285 33.0144
6.4658 39.705
5.2499 15.5315
35.52 6.5132
45.3262 29.779
62.3149 29.3493
65.1106 57.7209
50 50
