OFV: 417.6095202194491
Runtime: 0.05642876494675875
Gap: None
repPt: {0: (50, 50), 4: (40.946594378272025, 61.121931557680014), 3: (38.3636183635978, 37.9464216342988), 14: (37.332556179396704, 38.18310508245902), 13: (31.768138372193974, 9.952476647334416), 15: (17.70944608100095, 32.83151480171371), 16: (19.547126590881806, 64.31070994176135), 2: (16.463276855192973, 64.22218328861825), 1: (15.3582365660879, 50.78257983608536), 5: (25.282099703685876, 52.186467990617345), 6: (33.57897536410326, 71.31042721341443), 9: (59.37074780103548, 97.01333803037618), 10: (65.0877823729568, 112.73992151823899), 18: (94.55323702296072, 75.95346367374736), 17: (93.66800753510819, 49.23451796451315), 12: (93.59078989064112, 46.934168572813135), 11: (93.09490098010816, 31.890194367954262), 8: (97.6559799682503, 27.245252807853337), 7: (95.19587117376022, 8.298467482137287), 19: (94.72622745806981, 15.369155535178447), 20: (93.2629185266034, 37.519029784325625)}
lowerBound: 417.60946953585295
upperBound: 417.6095202194491
solType: IP_Optimal
Path: 
50 50
40.9466 61.1219
38.3636 37.9464
37.3326 38.1831
31.7681 9.9525
17.7094 32.8315
19.5471 64.3107
16.4633 64.2222
15.3582 50.7826
25.2821 52.1865
33.579 71.3104
59.3707 97.0133
65.0878 112.7399
94.5532 75.9535
93.668 49.2345
93.5908 46.9342
93.0949 31.8902
97.656 27.2453
95.1959 8.2985
94.7262 15.3692
93.2629 37.519
50 50
