OFV: 269.8639964807304
Runtime: 0.8840763389598578
Gap: 1.4830436462754305e-08
repPt: {0: (50, 50), 3: (46.05024443567431, 48.47566220338573), 4: (45.16432590094464, 72.01097419248279), 5: (45.039503740366996, 75.32667740601637), 6: (43.973406640405045, 103.63941731569084), 8: (35.49095883583472, 75.10264466779869), 7: (26.379763918451182, 44.4490496393054), 12: (24.828597563501894, 40.60206202849123), 11: (20.332938238794675, 9.138127610978106), 1: (62.21382304000407, 15.184211209751425), 2: (66.62301959010799, 40.72004160313095), 9: (66.79889050421953, 41.73914568713997), 10: (70.23314913565159, 61.60351788277857)}
solType: IP_Optimal
lowerBound: 269.86399247852955
upperBound: 269.8639964807304
Path: 
50 50
46.0502 48.4757
45.1643 72.011
45.0395 75.3267
43.9734 103.6394
35.491 75.1026
26.3798 44.449
24.8286 40.6021
20.3329 9.1381
62.2138 15.1842
66.623 40.72
66.7989 41.7391
70.2331 61.6035
50 50
