OFV: 1130.9272112062094
Runtime: 41.19721530703828
Gap: None
repPt: {0: (50, 50), 40: (46.03118166719281, 51.53115977135775), 39: (33.75640308686626, 19.492257622395314), 61: (26.31423792264562, 8.29605161699379), 62: (24.63864016778986, 17.60068747399033), 41: (23.865904893103444, 21.89579575755882), 42: (18.268245955259072, 52.94866248717069), 50: (8.44600827014934, 50.07850563437515), 49: (3.5327190266786164, 28.175250344974703), 69: (11.614468202710885, 32.46645817541156), 70: (19.80679205103155, 55.54445344386204), 8: (19.806797909858222, 55.54445999171242), 7: (24.01046155715005, 35.115812961339564), 75: (24.398326736641852, 34.93872731633092), 76: (28.538232373838508, 56.95954514016385), 25: (28.090385382435493, 56.27270902232921), 26: (28.88908045817176, 84.60183500487794), 1: (26.642615806705418, 81.76769238122819), 2: (23.162917884619475, 98.15770014897329), 14: (22.96307825909315, 99.10013632335355), 13: (15.979421205088908, 68.42539573880101), 17: (13.761071829970863, 67.50741872457316), 18: (8.82833643129686, 92.49800830750749), 60: (4.726429929527003, 94.88601390047363), 59: (1.2626573217691583, 81.46294437066028), 35: (1.3466009842419409, 81.8439823777081), 36: (3.252682185561839, 90.5002248320145), 9: (4.734679005696472, 83.09726128436411), 10: (7.628007718854242, 105.1866729753855), 55: (12.681118961415157, 101.35743188543607), 56: (17.51034475704997, 128.24870475346205), 78: (37.49829449807442, 102.84441658997937), 77: (41.82312215022018, 71.49370323469864), 63: (41.82312952591947, 71.49370828943273), 64: (45.91580506790957, 83.51571063785829), 66: (45.63715495228432, 83.29529699756806), 65: (43.79991739394295, 50.42819989664148), 32: (44.13646311947021, 45.41071667636449), 31: (45.64561843597649, 23.042723546405227), 29: (50.261133213641685, 24.932197880698357), 30: (55.8923777333453, 38.76565644949569), 44: (55.93561540059472, 38.06890594828104), 43: (57.83301165014139, 7.4851661625085), 11: (57.888456136768504, 6.591672370775209), 12: (61.57254175918529, 27.145926904519182), 37: (59.23603024044629, 23.50996604196576), 38: (65.28723490554724, 50.05861988925034), 33: (71.49300100404976, 44.82615308756208), 34: (80.74628315364563, 70.89435346687054), 74: (80.74628695747703, 70.89435487761858), 73: (77.06124691687211, 52.65608020537701), 72: (77.43888768213137, 58.406822649509), 71: (76.56794696144819, 36.08129804086025), 68: (75.73404821523341, 39.95417618412133), 67: (77.33099477200525, 20.727811816140363), 19: (78.84744249855464, 14.787554832598294), 20: (80.72188227317017, 31.907740939211685), 58: (80.71568845797277, 29.0046359902394), 57: (80.67203391146674, 7.20358398250088), 27: (88.62018402113871, 13.553890925535093), 28: (97.72135640211822, 31.540905509338977), 54: (97.70000868509668, 28.73940564545093), 53: (97.5801173624833, 13.013350160288017), 5: (97.56628372702201, 11.198211676023824), 6: (95.732065363659, 41.17127385892489), 51: (84.99023972715344, 36.83070202746566), 52: (88.93187864806474, 63.68401355642392), 79: (90.52010146994581, 74.50474718572849), 80: (95.66887282490191, 109.5837288677473), 16: (84.70760791210165, 115.03818129523385), 15: (75.55255968737872, 91.39509214658243), 3: (75.20534953562915, 90.49788447303631), 4: (75.92754962567643, 110.70266140079072), 48: (69.16497467368292, 113.9080418311259), 47: (68.2823660275804, 96.53213753446627), 46: (71.32791399367389, 99.99644114270477), 45: (67.88139230676427, 80.78983784756942), 24: (65.73679665234538, 87.60013540119573), 23: (60.628593410102795, 70.50283272168885), 22: (59.12989982465884, 65.48409383327983), 21: (53.88095681441202, 47.91706327137157)}
lowerBound: 1130.927026790997
upperBound: 1130.9272112062094
solType: IP_Optimal
Path: 
50 50
46.0312 51.5312
33.7564 19.4923
26.3142 8.2961
24.6386 17.6007
23.8659 21.8958
18.2682 52.9487
8.446 50.0785
3.5327 28.1753
11.6145 32.4665
19.8068 55.5445
19.8068 55.5445
24.0105 35.1158
24.3983 34.9387
28.5382 56.9595
28.0904 56.2727
28.8891 84.6018
26.6426 81.7677
23.1629 98.1577
22.9631 99.1001
15.9794 68.4254
13.7611 67.5074
8.8283 92.498
4.7264 94.886
1.2627 81.4629
1.3466 81.844
3.2527 90.5002
4.7347 83.0973
7.628 105.1867
12.6811 101.3574
17.5103 128.2487
37.4983 102.8444
41.8231 71.4937
41.8231 71.4937
45.9158 83.5157
45.6372 83.2953
43.7999 50.4282
44.1365 45.4107
45.6456 23.0427
50.2611 24.9322
55.8924 38.7657
55.9356 38.0689
57.833 7.4852
57.8885 6.5917
61.5725 27.1459
59.236 23.51
65.2872 50.0586
71.493 44.8262
80.7463 70.8944
80.7463 70.8944
77.0612 52.6561
77.4389 58.4068
76.5679 36.0813
75.734 39.9542
77.331 20.7278
78.8474 14.7876
80.7219 31.9077
80.7157 29.0046
80.672 7.2036
88.6202 13.5539
97.7214 31.5409
97.7 28.7394
97.5801 13.0134
97.5663 11.1982
95.7321 41.1713
84.9902 36.8307
88.9319 63.684
90.5201 74.5047
95.6689 109.5837
84.7076 115.0382
75.5526 91.3951
75.2053 90.4979
75.9275 110.7027
69.165 113.908
68.2824 96.5321
71.3279 99.9964
67.8814 80.7898
65.7368 87.6001
60.6286 70.5028
59.1299 65.4841
53.881 47.9171
50 50
