OFV: 481.29535361940464
Runtime: 0.012250165920704603
Gap: None
repPt: {0: (50, 50), 3: (38.182488105258315, 54.42311494654007), 4: (35.690039022321805, 81.01310310158233), 8: (8.944398194087318, 107.32685187479214), 7: (8.707611419476494, 85.39183095887239), 12: (26.154667151253353, 71.59039875134056), 11: (24.216285038716027, 44.25703076817718), 16: (10.71651196166245, 42.47881269508029), 15: (7.562211249477674, 28.87054959315734), 13: (32.46516211965915, 13.877068730458468), 14: (36.486065754502846, 29.420872197950878), 5: (41.17578878490064, 32.86725654968272), 6: (51.17776102809769, 62.70421922594224), 9: (51.75833987399768, 64.4379416883834), 10: (61.20146688558063, 92.60589099183399), 2: (77.35430853382339, 111.0529597818116), 1: (79.64107167881507, 81.66347753061848), 18: (103.05203441216256, 45.64367753710641), 17: (96.10439440332667, 11.829976427697288)}
lowerBound: 481.2952854601377
upperBound: 481.29535361940464
solType: IP_Optimal
Path: 
50 50
38.1825 54.4231
35.69 81.0131
8.9444 107.3269
8.7076 85.3918
26.1547 71.5904
24.2163 44.257
10.7165 42.4788
7.5622 28.8705
32.4652 13.8771
36.4861 29.4209
41.1758 32.8673
51.1778 62.7042
51.7583 64.4379
61.2015 92.6059
77.3543 111.053
79.6411 81.6635
103.052 45.6437
96.1044 11.83
50 50
