OFV: 389.6325993784604
Runtime: 327.44047367200255
Gap: -1.542760186290833e-09
repPt: {0: (50, 50), 15: (75.17251597964504, 28.82771623645874), 16: (79.25323692278272, 48.129037033639165), 1: (70.57877882958607, 51.08690131200971), 2: (73.166037856308, 67.692141633499), 11: (93.33256693545893, 82.3342422209094), 12: (95.2569014192429, 108.23751502362133), 4: (64.34366729149848, 85.98564361027172), 3: (50.07985234626832, 60.02824213549306), 9: (47.982378442606944, 60.43687023973265), 10: (41.99073383679054, 73.3398823126259), 6: (20.75411267786052, 116.34297045550367), 5: (16.86468653384511, 96.78290907470169), 8: (16.78405813732529, 96.37738173661859), 7: (12.370808401854449, 74.18344471141401), 14: (34.74052365951516, 75.49000979628418), 13: (34.38328740320352, 52.758596574929996), 18: (34.35035831228181, 50.67391904189803), 17: (34.10022875037172, 34.78247629380014)}
solType: IP_Optimal
lowerBound: 389.63259997957005
upperBound: 389.6325993784604
Path: 
50 50
75.1725 28.8277
79.2532 48.129
70.5788 51.0869
73.166 67.6921
93.3326 82.3342
95.2569 108.2375
64.3437 85.9856
50.0799 60.0282
47.9824 60.4369
41.9907 73.3399
20.7541 116.343
16.8647 96.7829
16.7841 96.3774
12.3708 74.1834
34.7405 75.49
34.3833 52.7586
34.3504 50.6739
34.1002 34.7825
50 50
