OFV: 309.29295128408484
Runtime: 0.6902631889679469
Gap: -9.107268113148181e-09
repPt: {0: (50, 50), 5: (96.61932768041876, 8.89096295319072), 6: (97.17973559636302, 25.95178722093414), 1: (97.31391340440146, 30.025932750609346), 2: (97.7638739746893, 43.716669372232346), 9: (75.48069312938017, 48.45281443853599), 10: (75.41213814063767, 66.45528556801675), 3: (75.39187137001132, 72.43439164173924), 4: (75.29949897013302, 97.93751510659237), 8: (10.646653192618201, 104.33541724725802), 7: (7.367613011133377, 84.19259736079093)}
solType: IP_Optimal
lowerBound: 309.29295410089867
upperBound: 309.29295128408484
Path: 
50 50
96.6193 8.891
97.1797 25.9518
97.3139 30.0259
97.7639 43.7167
75.4807 48.4528
75.4121 66.4553
75.3919 72.4344
75.2995 97.9375
10.6467 104.3354
7.3676 84.1926
50 50
