OFV: 305.3138368313771
Runtime: 3.9691360979923047
Gap: -3.474013147149906e-08
repPt: {0: (50, 50), 1: (33.3163042773154, 80.51102609463567), 2: (37.50079276808531, 111.47761560269095), 10: (65.77305702726626, 108.66684568232134), 9: (65.57476950957692, 91.8714834477905), 6: (53.526155238770905, 102.52892602185374), 5: (53.22162928528737, 78.35759087839212), 8: (60.655310221887895, 82.2321825013269), 7: (63.63555094735604, 63.707791316016504), 4: (96.04432643416713, 32.25611481691515), 3: (92.35302001309186, 11.039222306164545), 11: (83.42001093217316, 12.284916439752559), 12: (79.58558512627799, 21.05894175190677)}
solType: IP_Optimal
lowerBound: 305.31384743801993
upperBound: 305.3138368313771
Path: 
50 50
33.3163 80.511
37.5008 111.4776
65.7731 108.6668
65.5748 91.8715
53.5262 102.5289
53.2216 78.3576
60.6553 82.2322
63.6356 63.7078
96.0443 32.2561
92.353 11.0392
83.42 12.2849
79.5856 21.0589
50 50
