OFV: 694.8578066901006
Runtime: 2012.7279155270662
Gap: None
repPt: {0: (50, 50), 29: (51.13253571630802, 55.18237825447864), 30: (51.75696641936654, 58.04104879741556), 11: (52.23664354704204, 56.999713276975605), 12: (56.27563394360172, 66.20417341028421), 15: (56.36522433656652, 66.4083631184071), 16: (62.2655291321162, 79.85442754395052), 41: (72.61544748265459, 88.24194776399598), 42: (81.83851278602314, 117.38325826338637), 34: (67.68538072861475, 117.47730160546598), 33: (57.42868911791606, 92.32696034299958), 31: (52.41945695567835, 90.46615279069002), 32: (51.63456082303657, 103.39769954835354), 10: (51.407742748444534, 102.85381043152945), 9: (48.88788295312068, 96.81494834979333), 5: (48.653463627250105, 99.63195311619526), 6: (46.63542620586465, 123.8665199114915), 20: (27.597374214147464, 124.7984276665629), 19: (28.26992852995128, 100.70241460224288), 35: (28.269940406576875, 100.70240288467336), 36: (27.045990093460375, 107.61899931637768), 2: (20.426837088676642, 112.53092480187624), 1: (14.185211793708746, 93.38544414865567), 28: (12.913534315777218, 89.48158988540727), 27: (9.26791048780351, 78.29526146696078), 48: (8.92318313890995, 77.23661525755975), 47: (6.503247145579932, 59.49581499150662), 55: (6.503247124598029, 59.49581005808212), 56: (11.360616278666958, 73.74179173528199), 59: (17.59777944255658, 69.34456353844055), 60: (25.081173904189072, 92.2269918286904), 26: (28.27519319563318, 91.53328085737127), 25: (26.535525217097362, 70.33099363820983), 8: (22.9192870149321, 73.23778628742724), 7: (22.105902367212124, 49.070170948884744), 40: (26.2585478818676, 52.03956468251788), 39: (28.350532615716162, 43.39355719035291), 49: (28.350539417936286, 43.393561125617104), 50: (32.46969129036233, 62.93891643704011), 18: (27.44811389772429, 57.20510493019043), 17: (15.553712040819345, 35.181592457379345), 46: (13.304178296117325, 34.905099076068495), 45: (10.210058654627899, 13.053444772463427), 51: (22.41355201037095, 16.980554959828705), 52: (31.196300417950685, 23.884442431051554), 4: (41.03437412538723, 21.828134621272973), 3: (47.304607817399365, 8.159515165937224), 43: (47.3046114283526, 8.159510969020738), 44: (49.7070316806644, 17.825775788119735), 24: (49.70702901102842, 17.825774084256892), 23: (50.58060780420495, 12.590317221781923), 53: (57.81528520015203, 8.750339934418786), 54: (64.03939527534588, 21.69770522138674), 14: (64.61740227076682, 22.900618679126907), 13: (66.12841164692148, 9.052983042037456), 21: (85.48386209366723, 12.987860158842906), 22: (90.64670387299931, 22.935534923779578), 37: (90.89757785866941, 23.419291321083108), 38: (93.16009762893128, 44.542080271340836), 58: (82.15534621301562, 43.770114984048575), 57: (70.88004313358863, 26.380662207632714)}
lowerBound: 694.8577528096142
upperBound: 694.8578066901006
solType: IP_Optimal
Path: 
50 50
51.1325 55.1824
51.757 58.041
52.2366 56.9997
56.2756 66.2042
56.3652 66.4084
62.2655 79.8544
72.6154 88.2419
81.8385 117.3833
67.6854 117.4773
57.4287 92.327
52.4195 90.4662
51.6346 103.3977
51.4077 102.8538
48.8879 96.8149
48.6535 99.632
46.6354 123.8665
27.5974 124.7984
28.2699 100.7024
28.2699 100.7024
27.046 107.619
20.4268 112.5309
14.1852 93.3854
12.9135 89.4816
9.2679 78.2953
8.9232 77.2366
6.5032 59.4958
6.5032 59.4958
11.3606 73.7418
17.5978 69.3446
25.0812 92.227
28.2752 91.5333
26.5355 70.331
22.9193 73.2378
22.1059 49.0702
26.2585 52.0396
28.3505 43.3936
28.3505 43.3936
32.4697 62.9389
27.4481 57.2051
15.5537 35.1816
13.3042 34.9051
10.2101 13.0534
22.4136 16.9806
31.1963 23.8844
41.0344 21.8281
47.3046 8.1595
47.3046 8.1595
49.707 17.8258
49.707 17.8258
50.5806 12.5903
57.8153 8.7503
64.0394 21.6977
64.6174 22.9006
66.1284 9.053
85.4839 12.9879
90.6467 22.9355
90.8976 23.4193
93.1601 44.5421
82.1553 43.7701
70.88 26.3807
50 50
