OFV: 1402.4552700928018
Runtime: 7.122022442985326
Gap: None
repPt: {0: (50, 50), 26: (53.30149219614205, 50.9271329918021), 25: (54.81447471418545, 34.661823806534244), 92: (64.36002487578935, 37.211660751233794), 91: (62.515548105753, 18.276245779932868), 89: (62.2931305068128, 15.985644738741644), 90: (65.2591961608663, 45.92566843298261), 24: (65.49590288199659, 45.6336795262188), 23: (67.14483507713612, 9.565709943794491), 45: (74.84852350267666, 11.135637509836787), 46: (82.3929224595498, 24.19125298443524), 35: (83.1274846174656, 25.46296057540819), 36: (90.40248861370686, 41.77245396511603), 14: (99.92985331268116, 36.93240478642244), 13: (96.87396696406749, 17.294951668293354), 19: (96.39754261053312, 29.778598607758056), 20: (100.46275061704198, 63.70297218291417), 28: (101.35658087720998, 65.38730084541626), 27: (97.48376701330172, 48.26073799530474), 41: (97.5726241537837, 49.13318543556442), 42: (100.62921059652643, 79.06270843052692), 67: (100.63030562147569, 79.07346421211015), 68: (101.93245937521776, 91.82259947451897), 54: (101.15459740787601, 86.46973991461837), 53: (94.27638600195719, 58.15487098715789), 71: (93.22597660001487, 57.080679178945125), 72: (93.17940417210602, 67.7357380250732), 21: (85.59529674186022, 74.18918140130356), 22: (89.20607790518535, 103.53338268749727), 18: (89.37046400911068, 104.86679621639153), 17: (80.03666668246571, 74.71890351135625), 61: (73.77697898889161, 76.3302925685168), 62: (73.89414320562015, 93.59561854987045), 1: (84.86602481211237, 90.4159739834441), 2: (87.3591918390459, 108.50968038002324), 10: (87.35912076599756, 108.50669151332407), 9: (86.76565518817006, 83.64627681484355), 86: (86.70255199733798, 81.0234737908508), 85: (85.71129435064488, 64.10594791977508), 52: (85.71128715447897, 64.10594395351615), 51: (80.74337842883396, 42.976779978790795), 32: (80.7003924817835, 42.96081562233557), 31: (73.63527242277462, 18.868255029132758), 57: (73.63905459448895, 19.504015005835566), 58: (73.72746704124543, 35.152846400542515), 5: (73.72914914166735, 35.42983420579881), 6: (73.84244082606266, 55.518531675314975), 84: (69.50147853853633, 59.60952602070116), 83: (67.26676228973473, 24.35975274610663), 98: (68.67901420272106, 23.136577548479405), 97: (68.92647857684781, 2.868065706506356), 29: (58.67728860215585, 3.456175920398179), 30: (54.73350248396826, 24.125303307272265), 39: (48.318809214424085, 30.826798233674893), 40: (50.49397833188394, 64.38330377462385), 43: (46.90349012052399, 63.43294140920956), 44: (49.59163409549363, 81.15140536184686), 95: (52.98293923347818, 81.90557849595479), 96: (53.70000671498692, 112.09746436588688), 74: (53.227530688485615, 130.7232120310677), 73: (44.40552325008874, 99.37395159573579), 7: (43.41886874152366, 101.02663480267367), 8: (40.862189734527625, 116.82414197052772), 56: (27.596168286301197, 107.09490234510031), 55: (22.805601152103108, 94.09291038064785), 80: (17.66643073409303, 98.25992752976259), 79: (10.418160406842123, 67.68143640558245), 34: (10.393838244599227, 67.57871992777943), 33: (4.8455655542359874, 44.17123066206811), 4: (7.335247660197695, 46.35935695258169), 3: (9.659021041743278, 34.60884469678223), 81: (13.421792933575215, 26.194702362752643), 82: (20.8725547237973, 50.13599093052131), 88: (22.398568736818554, 55.03863290055975), 87: (17.362384042121228, 39.25143508853474), 77: (13.596463794315447, 44.01494600875699), 78: (10.434702569506687, 57.02297799327471), 49: (7.592578075927365, 60.296133062109625), 50: (6.588602899072799, 91.11500219201442), 65: (6.542377870414945, 92.52459345640824), 66: (6.111596599650313, 105.7252491199099), 59: (3.1064692442198947, 95.7380597434047), 60: (6.366711089530709, 123.99962862633238), 64: (10.428538204138954, 118.45152295883518), 63: (15.719170439337002, 84.3628554985723), 48: (21.11552762286122, 79.76074346879365), 47: (22.2578016504029, 60.97543203057912), 70: (26.414683868826938, 60.1564645152197), 69: (27.065466252048235, 40.24040048517035), 16: (27.265662559533318, 40.483948498473644), 15: (26.758397982014515, 7.879532261205412), 99: (26.758382873807264, 7.8795439463991075), 100: (29.49173805720334, 42.12568641624012), 76: (29.61235287811319, 41.786677124716874), 75: (32.40543773153191, 28.484410794806344), 38: (34.51831263447207, 33.33248759558596), 37: (29.337169941833597, 5.7515162973614915), 11: (29.664791763801126, 7.609868899765886), 12: (32.31322316805411, 22.576282802453758), 93: (39.45111662581226, 16.477394136545712), 94: (48.219436052724085, 45.87492422494743)}
lowerBound: 1402.4551024282018
upperBound: 1402.4552700928018
solType: IP_Optimal
Path: 
50 50
53.3015 50.9271
54.8145 34.6618
64.36 37.2117
62.5155 18.2762
62.2931 15.9856
65.2592 45.9257
65.4959 45.6337
67.1448 9.5657
74.8485 11.1356
82.3929 24.1913
83.1275 25.463
90.4025 41.7725
99.9299 36.9324
96.874 17.295
96.3975 29.7786
100.4628 63.703
101.3566 65.3873
97.4838 48.2607
97.5726 49.1332
100.6292 79.0627
100.6303 79.0735
101.9325 91.8226
101.1546 86.4697
94.2764 58.1549
93.226 57.0807
93.1794 67.7357
85.5953 74.1892
89.2061 103.5334
89.3705 104.8668
80.0367 74.7189
73.777 76.3303
73.8941 93.5956
84.866 90.416
87.3592 108.5097
87.3591 108.5067
86.7657 83.6463
86.7026 81.0235
85.7113 64.1059
85.7113 64.1059
80.7434 42.9768
80.7004 42.9608
73.6353 18.8683
73.6391 19.504
73.7275 35.1528
73.7291 35.4298
73.8424 55.5185
69.5015 59.6095
67.2668 24.3598
68.679 23.1366
68.9265 2.8681
58.6773 3.4562
54.7335 24.1253
48.3188 30.8268
50.494 64.3833
46.9035 63.4329
49.5916 81.1514
52.9829 81.9056
53.7 112.0975
53.2275 130.7232
44.4055 99.374
43.4189 101.0266
40.8622 116.8241
27.5962 107.0949
22.8056 94.0929
17.6664 98.2599
10.4182 67.6814
10.3938 67.5787
4.8456 44.1712
7.3352 46.3594
9.659 34.6088
13.4218 26.1947
20.8726 50.136
22.3986 55.0386
17.3624 39.2514
13.5965 44.0149
10.4347 57.023
7.5926 60.2961
6.5886 91.115
6.5424 92.5246
6.1116 105.7252
3.1065 95.7381
6.3667 123.9996
10.4285 118.4515
15.7192 84.3629
21.1155 79.7607
22.2578 60.9754
26.4147 60.1565
27.0655 40.2404
27.2657 40.4839
26.7584 7.8795
26.7584 7.8795
29.4917 42.1257
29.6124 41.7867
32.4054 28.4844
34.5183 33.3325
29.3372 5.7515
29.6648 7.6099
32.3132 22.5763
39.4511 16.4774
48.2194 45.8749
50 50
