OFV: 273.6461004793156
Runtime: 481.13051772202016
Gap: -7.282319917463856e-08
repPt: {0: (50, 50), 16: (55.61524282701361, 43.23034620030253), 15: (58.60750945730047, 23.739330510790854), 7: (58.60751721202571, 23.73932895347024), 8: (68.02746198534973, 40.03458786132382), 12: (83.67090584376533, 50.675800351822794), 11: (81.707093544523, 43.10179644173391), 17: (81.04915230830593, 40.56983850349973), 18: (79.59912198302354, 61.82618762870133), 9: (77.2522247962722, 70.34152438925395), 10: (72.83343405599666, 86.37361001819565), 6: (49.22307891889678, 91.06933695038305), 5: (42.95472181734141, 85.19543022167373), 1: (9.70890858035423, 87.5187893780104), 2: (11.981599623638182, 100.64635575527082), 14: (12.372812695675385, 100.52891974982089), 13: (18.05489673523636, 79.1994379736866), 4: (34.16085714981667, 78.08232670535423), 3: (41.55672261511979, 64.96751582052526)}
solType: IP_Optimal
lowerBound: 273.64612040710006
upperBound: 273.6461004793156
Path: 
50 50
55.6152 43.2303
58.6075 23.7393
58.6075 23.7393
68.0275 40.0346
83.6709 50.6758
81.7071 43.1018
81.0492 40.5698
79.5991 61.8262
77.2522 70.3415
72.8334 86.3736
49.2231 91.0693
42.9547 85.1954
9.7089 87.5188
11.9816 100.6464
12.3728 100.5289
18.0549 79.1994
34.1609 78.0823
41.5567 64.9675
50 50
