OFV: 1012.6993839913267
Runtime: 417.1189483269118
Gap: None
repPt: {0: (50, 50), 31: (50.31210569025253, 51.14638371000407), 32: (55.38382092279077, 69.76840775315632), 11: (51.79651286537241, 61.10101570679053), 12: (55.66878142818173, 83.16236526085947), 9: (57.293494645812565, 81.97602767641392), 10: (70.19064680523255, 105.95035417677686), 16: (88.43332114467526, 111.73061438633479), 15: (86.93403557990071, 97.8919086683522), 23: (87.0094925522718, 98.1281309830978), 24: (93.73211110464483, 119.18831438623613), 76: (98.04955796706238, 121.46330682237615), 75: (92.58469174952648, 90.76308992631678), 44: (90.17116964388423, 86.36425569023373), 43: (78.48161856784822, 65.04892701822328), 36: (74.99326815418401, 63.42269967671656), 35: (68.59152817246691, 50.49924689710587), 19: (67.52912263145448, 48.35341921592081), 20: (71.55820368743711, 61.8897719743307), 29: (71.58070062770315, 61.88048103400995), 30: (78.02520976252404, 85.88550464619564), 18: (79.83473840439915, 84.85423236630682), 17: (82.5571036888771, 74.51139006007013), 70: (83.52635952557691, 70.82713034828028), 69: (86.5723035576237, 59.255337188628765), 78: (89.29178286409515, 57.14041917224376), 77: (91.38833152770735, 28.576847761105206), 39: (95.76611042377824, 28.61339195583201), 40: (99.76391408781102, 51.568234298271435), 54: (100.68032666710569, 56.82707936650115), 53: (99.9317481343764, 35.89239162242873), 68: (102.11445818978677, 41.3580534410365), 67: (97.39583118151766, 23.99878212979105), 2: (95.94229498130404, 25.31253875348268), 1: (93.46016832129047, 15.574704657275458), 4: (95.83532050853943, 16.728978982706394), 3: (93.1275563657978, 6.2258780178812705), 41: (75.66496137936682, 9.60118480646814), 42: (72.45760511774402, 37.11173720172995), 64: (71.35897595873621, 32.86783741802965), 63: (66.64759681838444, 14.68102488790527), 37: (31.199395951583853, 13.023486298600472), 38: (27.39682322134597, 33.15968600857195), 14: (20.012617011280923, 31.709493923906297), 13: (15.564992657730762, 22.986660241063415), 46: (14.64666526603488, 25.70608808182083), 45: (11.231042583068646, 10.890787948266585), 27: (11.363183899135851, 11.144366268154466), 28: (15.468254340553461, 19.018675308158574), 51: (18.334315458183372, 9.99725410926871), 52: (25.637197342602892, 39.66618628837485), 48: (25.930893850062876, 40.85950652969474), 47: (24.967545635357652, 26.590420656573883), 79: (24.967560331951926, 26.590419250692193), 80: (25.308483415563188, 51.90886053635368), 59: (24.685680219828953, 56.678143816036076), 60: (24.333479797491968, 73.15955508113277), 49: (24.327594415777703, 73.43897435031339), 50: (24.15833347070623, 81.37535642244507), 55: (24.156216469050342, 81.47595790976482), 56: (23.44029577939903, 114.91780212789878), 8: (23.440308108353257, 114.91781435100427), 7: (16.86983139751969, 90.09951233381021), 57: (16.86979237203743, 90.09965790980108), 58: (13.038615779149628, 110.51927553479607), 62: (13.035634604817387, 110.22313907242821), 61: (12.767827203819083, 82.7551999783903), 25: (13.852285163791866, 86.86617004564701), 26: (20.418702279143112, 111.77828136448126), 72: (20.298569007301115, 110.53696316141668), 71: (18.35986645605424, 90.55597960741952), 21: (18.82804825634685, 91.05586985335474), 22: (30.206184504407158, 116.90000382481094), 74: (38.52020958428692, 98.13248387339102), 73: (43.08595980334346, 72.83406305136921), 33: (44.96890845754604, 72.95076565228784), 34: (52.34876859836383, 91.43047849970944), 66: (52.75856195539062, 88.87381888286001), 65: (55.453890212478946, 72.0524125670613), 6: (55.94888652967731, 72.5420139105772), 5: (49.687894116016, 46.23753206186525)}
lowerBound: 1012.6992422315724
upperBound: 1012.6993839913267
solType: IP_Optimal
Path: 
50 50
50.3121 51.1464
55.3838 69.7684
51.7965 61.101
55.6688 83.1624
57.2935 81.976
70.1906 105.9504
88.4333 111.7306
86.934 97.8919
87.0095 98.1281
93.7321 119.1883
98.0496 121.4633
92.5847 90.7631
90.1712 86.3643
78.4816 65.0489
74.9933 63.4227
68.5915 50.4992
67.5291 48.3534
71.5582 61.8898
71.5807 61.8805
78.0252 85.8855
79.8347 84.8542
82.5571 74.5114
83.5264 70.8271
86.5723 59.2553
89.2918 57.1404
91.3883 28.5768
95.7661 28.6134
99.7639 51.5682
100.6803 56.8271
99.9317 35.8924
102.1145 41.3581
97.3958 23.9988
95.9423 25.3125
93.4602 15.5747
95.8353 16.729
93.1276 6.2259
75.665 9.6012
72.4576 37.1117
71.359 32.8678
66.6476 14.681
31.1994 13.0235
27.3968 33.1597
20.0126 31.7095
15.565 22.9867
14.6467 25.7061
11.231 10.8908
11.3632 11.1444
15.4683 19.0187
18.3343 9.9973
25.6372 39.6662
25.9309 40.8595
24.9675 26.5904
24.9676 26.5904
25.3085 51.9089
24.6857 56.6781
24.3335 73.1596
24.3276 73.439
24.1583 81.3754
24.1562 81.476
23.4403 114.9178
23.4403 114.9178
16.8698 90.0995
16.8698 90.0997
13.0386 110.5193
13.0356 110.2231
12.7678 82.7552
13.8523 86.8662
20.4187 111.7783
20.2986 110.537
18.3599 90.556
18.828 91.0559
30.2062 116.9
38.5202 98.1325
43.086 72.8341
44.9689 72.9508
52.3488 91.4305
52.7586 88.8738
55.4539 72.0524
55.9489 72.542
49.6879 46.2375
50 50
