OFV: 272.08079539369146
Runtime: 1.8423632929916494
Gap: 4.305121935112344e-08
repPt: {0: (50, 50), 9: (6.885475270499379, 58.94059653486898), 10: (8.476540945852813, 68.18508000531116), 5: (8.73945359657495, 69.7151602921092), 6: (11.230353818861817, 84.20309822912702), 1: (13.915867786377598, 99.82055160619845), 2: (18.11967087688924, 124.2746640172476), 8: (53.87007714075651, 52.633088025568775), 7: (66.18719813403219, 18.858187379615316), 3: (67.05819053712615, 16.47019431843271), 4: (66.15604742249096, 41.30277795281738)}
solType: IP_Optimal
lowerBound: 272.08078368028146
upperBound: 272.08079539369146
Path: 
50 50
6.8855 58.9406
8.4765 68.1851
8.7395 69.7152
11.2304 84.2031
13.9159 99.8206
18.1197 124.2747
53.8701 52.6331
66.1872 18.8582
67.0582 16.4702
66.156 41.3028
50 50
