OFV: 261.19196781474795
Runtime: 12.035609010024928
Gap: 1.5754266361467187e-07
repPt: {0: (50, 50), 1: (38.83641418261454, 82.49487866460552), 9: (38.997576283124324, 96.35107012252642), 2: (39.41272890149624, 104.99796563834127), 10: (39.59452615115403, 108.77266786875073), 4: (45.639037936020536, 107.62305220028905), 3: (45.491829752065506, 82.37579746424935), 6: (77.34054394513183, 99.23041594369096), 5: (75.84276219652939, 81.7071762338795), 12: (75.05850976961403, 72.5381124641636), 8: (73.52789264194752, 54.62661137380774), 11: (72.09068925285145, 43.291474812226475), 14: (70.97009741290363, 34.474749614199986), 7: (68.91226576905882, 18.353598314121086), 13: (66.37281455784931, 10.094838453450807)}
solType: IP_Optimal
lowerBound: 261.19192666586963
upperBound: 261.19196781474795
Path: 
50 50
38.8364 82.4949
38.9976 96.3511
39.4127 104.998
39.5945 108.7727
45.639 107.6231
45.4918 82.3758
77.3405 99.2304
75.8428 81.7072
75.0585 72.5381
73.5279 54.6266
72.0907 43.2915
70.9701 34.4747
68.9123 18.3536
66.3728 10.0948
50 50
