OFV: 203.0786822952032
Runtime: 1.667640352039598
Gap: -1.3553173302482557e-07
repPt: {0: (50, 50), 9: (44.52334757370139, 53.86869483610432), 10: (39.03466452567231, 70.43145058788043), 3: (30.656857942700448, 70.0426329207351), 4: (31.860074792813016, 94.50483728605684), 8: (72.39678006169187, 88.77396059142706), 7: (71.02208332814553, 74.77841665576904), 6: (68.3253646426452, 47.28230814363256), 5: (66.18331804818739, 25.45251929218868), 1: (44.49228405593945, 35.14733469530901), 2: (46.13361611934202, 48.68685255542313)}
solType: IP_Optimal
lowerBound: 203.07870981880896
upperBound: 203.0786822952032
Path: 
50 50
44.5233 53.8687
39.0347 70.4315
30.6569 70.0426
31.8601 94.5048
72.3968 88.774
71.0221 74.7784
68.3254 47.2823
66.1833 25.4525
44.4923 35.1473
46.1336 48.6869
50 50
