OFV: 232.21721569634943
Runtime: 0.31595155499962857
Gap: 1.3911513583485499e-08
repPt: {0: (50, 50), 6: (49.999732421946035, 49.99765461716387), 5: (48.56370663978061, 37.413873675460366), 4: (48.34005323342534, 35.449710231723664), 3: (46.44964047932, 18.847374948690323), 1: (53.046641136971445, 6.179116831040694), 2: (59.36982940381799, 31.584736853655656), 9: (90.72467798212077, 21.78863338667488), 10: (92.78461375007565, 46.52458749810844), 8: (45.10755148253705, 79.81193086552344), 7: (38.431585541760924, 47.711005267115354)}
solType: IP_Optimal
lowerBound: 232.21721246585648
upperBound: 232.21721569634943
Path: 
50 50
49.9997 49.9977
48.5637 37.4139
48.3401 35.4497
46.4496 18.8474
53.0466 6.1791
59.3698 31.5847
90.7247 21.7886
92.7846 46.5246
45.1076 79.8119
38.4316 47.711
50 50
