OFV: 373.63319668659346
Runtime: 42.09453572897473
Gap: -1.3737424246024933e-07
repPt: {0: (50, 50), 1: (54.3060541344331, 26.959914422923752), 11: (54.8316197408298, 27.471054752690737), 2: (57.32445816354488, 43.94410317649284), 5: (59.145035599857174, 55.98487756815481), 12: (60.23818886769274, 63.22173322705255), 19: (60.80586884005943, 66.98139175851668), 6: (62.84815065895169, 80.47557360299362), 20: (64.52621299900204, 91.56068899942987), 3: (85.84814239065085, 81.76744693582287), 15: (85.99693192580196, 84.58092892366004), 4: (87.00393188651597, 103.33923098896773), 16: (87.51396765071004, 116.01860083102441), 18: (55.53131908068633, 101.81188279313491), 17: (48.94733205040673, 70.62861062041358), 10: (46.164664351590794, 64.40908528244962), 8: (43.65573024924709, 50.78693859311444), 9: (40.08600439367196, 29.01895751592531), 7: (38.00774246860545, 16.335352871780618), 13: (6.002431084507224, 5.333899912049773), 14: (12.685679705853508, 34.956881222990695)}
solType: IP_Optimal
lowerBound: 373.6332480141708
upperBound: 373.63319668659346
Path: 
50 50
54.3061 26.9599
54.8316 27.4711
57.3245 43.9441
59.145 55.9849
60.2382 63.2217
60.8059 66.9814
62.8482 80.4756
64.5262 91.5607
85.8481 81.7674
85.9969 84.5809
87.0039 103.3392
87.514 116.0186
55.5313 101.8119
48.9473 70.6286
46.1647 64.4091
43.6557 50.7869
40.086 29.019
38.0077 16.3354
6.0024 5.3339
12.6857 34.9569
50 50
