OFV: 1020.7787788727893
Runtime: 79.86500450200401
Gap: None
repPt: {0: (50, 50), 4: (57.4607375157175, 52.45057922812842), 3: (62.82978165111728, 42.62166244692156), 1: (63.336705909994855, 41.69306280975599), 2: (66.75056841848988, 49.89217092717965), 71: (78.04252662758445, 50.31190778938741), 72: (80.0444385045823, 75.03108577496828), 80: (75.71839786993127, 77.67093933970071), 79: (73.4441016108047, 62.397574277713794), 45: (73.44410550349133, 62.39756909966819), 46: (74.94304799220627, 86.51161538837265), 73: (74.97394349869634, 87.00681144745117), 74: (76.07080864512861, 104.67287238069329), 69: (73.81136534190452, 101.38440222600778), 70: (77.00043790410169, 111.20058396093066), 44: (83.3612261529893, 115.53454260771768), 43: (85.27420313225467, 101.1984252340066), 7: (85.27420903482133, 101.19841741284974), 8: (88.21118102371805, 110.93383467412697), 60: (89.24858572052398, 110.12296005470327), 59: (90.44603630202774, 79.18618779607003), 22: (102.04451451717948, 81.18863284226273), 21: (98.60906421105187, 67.15609636916345), 55: (97.89769510962273, 67.96499355697448), 56: (95.53559853794721, 95.10442816269834), 54: (95.16569112633857, 97.51118876113846), 53: (88.40154232244971, 74.50495139860149), 32: (88.24840512220806, 73.98355966996196), 31: (88.19981242330405, 46.04181459563767), 20: (88.22630607699939, 44.59828299180294), 19: (88.36575411825092, 37.134418493002926), 28: (88.55933547433473, 26.695185947430193), 27: (88.93743108846996, 6.408299371128495), 67: (88.93744271172699, 6.408302376901512), 68: (90.36973598622708, 16.900237297057323), 15: (55.64310574971447, 31.09904890037364), 16: (55.46130553085001, 63.94215300522442), 61: (55.458813466121384, 64.37068956155355), 62: (55.39654143121002, 75.57972642385712), 9: (52.353433477336715, 74.8801877923642), 10: (52.58150990276482, 86.10359117198672), 64: (52.58151589760141, 86.10359151356708), 63: (45.33839021753039, 68.07146243316652), 34: (44.91759960617261, 67.65726954604432), 33: (42.167439384360286, 38.33369001081919), 49: (42.03929458617347, 36.97083105218071), 50: (44.164283734227304, 54.205480324793754), 66: (37.24960055553844, 51.7785889339469), 65: (29.32870166506996, 28.627296361155956), 5: (29.328709791348363, 28.627307543708934), 6: (32.275132857953395, 61.779690799675876), 29: (29.348192831339816, 62.02282949227305), 30: (27.689700657776967, 83.88604357357947), 76: (27.56097977394768, 85.58896741865169), 75: (22.886892533141996, 75.9962856596196), 12: (17.985306850904685, 80.2028415674574), 11: (18.92584938742836, 58.32633987194477), 40: (20.56193657903978, 57.09350198216514), 39: (22.713817793289124, 49.215784478663416), 52: (22.713823033208737, 49.21578876791363), 51: (21.600431479321227, 17.480340140371823), 37: (10.40257067248002, 7.981452902925328), 38: (9.498944666331175, 28.868902030964605), 13: (9.299145759003444, 33.50757878902618), 14: (11.852661963531705, 65.38104924815985), 47: (12.202212728083293, 69.73788150786059), 48: (14.418918418360022, 97.41770880615076), 17: (6.817303775158948, 92.58696349725095), 18: (14.82646367349215, 119.32824131027078), 26: (26.995248893594407, 116.00634528114159), 25: (26.564755596767927, 95.21013951576154), 41: (29.93608281898858, 100.93775540524211), 42: (33.9436566892702, 107.74425357849356), 77: (46.32612781376611, 102.34510718005647), 78: (49.69779435867357, 129.3360901781476), 24: (45.2936800245079, 123.07681462763416), 23: (42.510250368206634, 92.36575381531408), 36: (42.51024926279038, 92.36574215442884), 35: (41.636524931196455, 78.60166525096676), 58: (41.63652802912882, 78.6016586285585), 57: (43.12935800049182, 50.73915113135)}
lowerBound: 1020.7786525356557
upperBound: 1020.7787788727893
solType: IP_Optimal
Path: 
50 50
57.4607 52.4506
62.8298 42.6217
63.3367 41.6931
66.7506 49.8922
78.0425 50.3119
80.0444 75.0311
75.7184 77.6709
73.4441 62.3976
73.4441 62.3976
74.943 86.5116
74.9739 87.0068
76.0708 104.6729
73.8114 101.3844
77.0004 111.2006
83.3612 115.5345
85.2742 101.1984
85.2742 101.1984
88.2112 110.9338
89.2486 110.123
90.446 79.1862
102.0445 81.1886
98.6091 67.1561
97.8977 67.965
95.5356 95.1044
95.1657 97.5112
88.4015 74.505
88.2484 73.9836
88.1998 46.0418
88.2263 44.5983
88.3658 37.1344
88.5593 26.6952
88.9374 6.4083
88.9374 6.4083
90.3697 16.9002
55.6431 31.099
55.4613 63.9422
55.4588 64.3707
55.3965 75.5797
52.3534 74.8802
52.5815 86.1036
52.5815 86.1036
45.3384 68.0715
44.9176 67.6573
42.1674 38.3337
42.0393 36.9708
44.1643 54.2055
37.2496 51.7786
29.3287 28.6273
29.3287 28.6273
32.2751 61.7797
29.3482 62.0228
27.6897 83.886
27.561 85.589
22.8869 75.9963
17.9853 80.2028
18.9258 58.3263
20.5619 57.0935
22.7138 49.2158
22.7138 49.2158
21.6004 17.4803
10.4026 7.9815
9.4989 28.8689
9.2991 33.5076
11.8527 65.381
12.2022 69.7379
14.4189 97.4177
6.8173 92.587
14.8265 119.3282
26.9952 116.0063
26.5648 95.2101
29.9361 100.9378
33.9437 107.7443
46.3261 102.3451
49.6978 129.3361
45.2937 123.0768
42.5103 92.3658
42.5102 92.3657
41.6365 78.6017
41.6365 78.6017
43.1294 50.7392
50 50
