OFV: 325.7426903645681
Runtime: 0.33648064103908837
Gap: 4.808011122311963e-08
repPt: {0: (50, 50), 5: (97.48624852565383, 7.085599169345267), 6: (98.9042199266305, 25.9553649486344), 1: (99.08696124651681, 32.21310704844233), 2: (99.45167684150624, 44.81378658594101), 9: (73.87455427202329, 47.25612182165016), 10: (75.02769459483224, 68.31233791757482), 3: (75.25320549113434, 72.42001857546502), 4: (76.72363965028586, 99.34598003094318), 8: (9.414762367566922, 105.91114194871294), 7: (5.49065352951717, 83.5010286877329)}
solType: IP_Optimal
lowerBound: 325.7426747028233
upperBound: 325.7426903645681
Path: 
50 50
97.4862 7.0856
98.9042 25.9554
99.087 32.2131
99.4517 44.8138
73.8746 47.2561
75.0277 68.3123
75.2532 72.42
76.7236 99.346
9.4148 105.9111
5.4907 83.501
50 50
