OFV: 667.1178257717556
Runtime: 243.23672679509036
Gap: None
Path: 
50 50
49.2642 48.3011
46.2676 41.3839
44.0403 36.2447
41.53 30.4499
37.9208 22.1201
34.8981 20.7675
32.7465 9.2495
28.8639 11.8995
13.9378 23.0097
10.0294 36.1528
8.9837 39.6707
8.678 43.6838
8.3912 47.4515
7.9443 65.7438
7.8779 68.442
7.7519 73.5645
7.4723 84.9778
8.8458 91.6673
13.385 113.7648
13.385 113.7648
30.6418 125.1458
36.457 104.1334
48.4942 99.6604
57.0731 86.1252
57.0731 86.1252
59.5364 93.0388
64.3663 106.5899
74.3847 114.3334
84.6354 122.2562
84.511 117.3411
84.4505 114.9519
84.2459 106.8318
84.1639 103.5846
83.9752 96.0982
83.8669 91.8074
83.7391 86.7418
83.7203 86.0043
83.7203 86.0043
93.3223 89.7956
95.0651 90.4842
92.0166 73.5225
91.6982 71.1125
90.507 62.0978
90.3476 60.8925
89.9957 58.2299
89.3336 53.2164
88.489 46.8086
88.6189 40.0623
92.7683 25.9245
93.4264 23.6832
93.3446 24.6995
92.5622 34.3962
91.8016 43.822
91.2267 50.9361
66.2401 80.5771
66.8009 67.3145
65.5864 51.1638
65.5461 50.3541
65.0328 40.0876
63.2364 42.0545
58.5909 47.1416
53.8716 54.068
51.8001 65.2048
44.1405 66.1608
44.1404 66.1608
44.7623 79.4508
41.7233 80.2431
38.9266 80.9723
35.0083 81.9943
29.1121 75.4513
26.1368 72.149
24.9248 55.9114
24.7936 54.1564
24.6198 51.8326
24.4664 49.7801
23.497 36.7966
23.6362 28.3191
23.6702 26.2646
27.2399 34.4706
35.6497 53.7993
50 50
