OFV: 629.618529353048
Runtime: 18.77552929893136
Gap: None
Path: 
50 50
53.52 65.294
56.3355 77.5284
59.5136 91.335
61.8392 101.4299
92.6926 100.6684
91.5622 81.2358
90.6487 65.5413
90.1247 56.5539
97.8336 68.6278
97.5829 54.4779
97.2144 33.7258
96.9374 18.1276
72.9983 25.4609
74.6863 42.2529
74.9358 44.7364
75.4791 50.1464
77.2218 62.8938
79.6346 80.5459
73.3735 93.862
68.9968 124.2024
41.1722 120.3394
32.6996 90.1933
29.4784 97.6455
29.4176 98.0182
27.2243 111.2269
26.1821 117.503
25.1774 120.701
17.6301 91.4878
10.1571 107.6522
9.1813 91.2344
20.6351 51.8423
21.1912 28.1601
21.3559 21.0753
22.0086 22.0254
30.1381 47.2006
30.1381 47.2006
43.8817 22.7549
44.2255 24.8224
46.444 38.1321
47.8149 46.3626
50 50
