OFV: 594.6021593013186
Runtime: 94.16929004201666
Gap: None
Path: 
50 50
61.8258 48.3892
68.9595 19.6335
73.5757 13.9803
74.8775 12.3846
78.9737 13.572
81.1138 21.906
82.621 27.7768
84.5294 35.2077
89.9737 56.3314
91.1243 60.8131
93.2333 77.3813
93.4031 79.8558
93.7383 84.7418
95.0218 103.6631
68.3166 81.3172
68.6467 85.3964
69.3081 93.6083
69.9346 101.3915
70.5483 109.0155
71.1959 117.0508
61.4402 118.1655
55.1053 118.8907
53.5531 113.3736
52.823 108.0564
51.599 99.1825
52.1978 93.353
52.7797 87.7006
53.3012 82.6503
53.71 78.7004
54.1183 74.756
54.6106 69.9852
53.795 66.2219
52.4814 60.163
52.4273 59.9134
50.875 52.7428
50.875 52.7427
45.1194 41.4173
38.6093 28.6123
35.0261 25.2736
27.6254 7.983
18.9896 16.8726
17.3191 28.9495
15.0499 45.3489
5.7155 33.6415
9.7702 59.2885
10.0275 61.3187
10.7476 67.0075
13.3539 87.7126
6.5716 85.1856
11.3702 112.7952
23.3719 119.1889
24.7524 111.8466
26.0067 105.1763
26.6294 101.8586
26.6129 94.6341
26.6064 91.8198
26.5746 71.9238
36.1056 72.2237
38.0917 69.0437
43.657 60.138
50 50
