OFV: 1375.9337403827124
Runtime: 2.8054356779903173
Gap: None
repPt: {0: (50, 50), 78: (50.04019765508668, 46.13187076737473), 77: (50.315018297915955, 19.676194374626256), 1: (51.28432566772185, 18.856841003137376), 2: (57.12510854765775, 41.945616065323485), 60: (62.00512249503769, 41.46776366941879), 59: (60.55825330398258, 21.807151571363747), 16: (62.07872116027908, 23.817423179210664), 15: (60.24506026965842, 8.429828877000876), 55: (62.60602777774248, 15.69047522873416), 56: (68.85050678588365, 43.90827330564713), 36: (71.8534849028421, 44.660802382872696), 35: (73.20272821314632, 28.368013565260355), 70: (73.2031251468517, 28.363320574527133), 69: (73.18972877419671, 5.993994487677259), 79: (73.38954995901025, 7.569942846589549), 80: (77.50039906729698, 40.0485600267004), 58: (76.81288617881684, 47.40212463390618), 57: (76.25841370016585, 16.56732320108586), 63: (76.25842068985705, 16.567322970850356), 64: (84.66388832569892, 47.11888796882799), 97: (84.90359773543138, 41.67272751323674), 98: (87.99938389151006, 51.214975831671666), 37: (88.78953999550909, 49.81466062896159), 38: (89.98917958223038, 83.04293359724917), 32: (90.2026807061311, 88.91476948335756), 31: (87.80039915492463, 74.2266121577193), 61: (84.30441583001482, 72.99668177119781), 62: (86.28663829172574, 107.08991477878183), 90: (98.06300127942482, 98.57165232789333), 89: (95.3837563519222, 72.10738702308088), 10: (99.171917914754, 74.90998178912322), 9: (99.38619792851024, 62.01029424393292), 68: (100.32188037315603, 62.74862028632157), 67: (96.63970512492114, 45.05357238634279), 86: (92.99059682364891, 45.15555702106762), 85: (90.82557162925252, 21.66966139288225), 39: (91.8412117449845, 26.87376763814905), 40: (96.8013185512505, 52.28877925363877), 8: (96.46388014899198, 54.800680189348796), 7: (94.83968530706504, 36.98070694503236), 48: (95.29541103840567, 40.31550271541554), 47: (94.12639810791296, 22.837619569734635), 66: (94.12639424011479, 22.837624269683392), 65: (89.47611111625945, 7.8948263513482475), 45: (89.03131369795648, 10.288378131342736), 46: (84.9770806724801, 32.03097147215471), 11: (80.5689836342316, 34.40414782630396), 12: (76.57592725967078, 64.6159716947786), 25: (75.50509405823843, 64.1961709957581), 26: (77.72688861338861, 87.7441083184095), 51: (77.75416955195016, 88.03259905539433), 52: (80.11622609541284, 113.07305012730225), 72: (67.56284608912476, 129.4986096704671), 71: (63.31047421012584, 98.99260766003027), 18: (63.32385847910664, 105.8051754367547), 17: (59.76578895062724, 75.10876849112799), 21: (59.76576298372546, 75.1087951289939), 22: (58.93377017866659, 92.93897977663603), 92: (55.48320353363922, 96.65723367588407), 91: (50.40311213439428, 83.03230664899131), 20: (49.09457837330413, 79.51173361728743), 19: (43.897558119583614, 50.190093528952744), 94: (41.723387521544105, 51.81827383151415), 93: (37.467491284544565, 25.516722519615406), 30: (33.50189111963316, 28.909157452877537), 29: (26.55408199941037, 8.083287790660927), 49: (25.733223634487267, 7.948660007607169), 50: (22.637124481391286, 25.348469689294156), 53: (13.657312407359404, 24.85592670120885), 54: (11.296809704288071, 37.76678961153107), 23: (8.44262562628947, 37.97406114496082), 24: (10.296513221723638, 50.35685555222176), 41: (10.296561935510107, 50.3571616450963), 42: (13.609745657310453, 71.56716778403465), 6: (23.556287289346017, 73.0038127683844), 5: (21.197654450084208, 40.14211174297924), 83: (21.10753252473703, 38.884195291986664), 84: (23.6080487868438, 57.514240225498106), 33: (22.939007078111988, 46.599746397257135), 34: (22.17367917669712, 68.31604544124286), 95: (21.42837696064774, 67.21023487079609), 96: (19.824669088972197, 82.71647290109502), 73: (18.799851239833433, 89.32941716166579), 74: (21.282485025499437, 107.6768804011659), 82: (25.626929412423255, 109.5098524523664), 81: (25.48296154130933, 96.96222038442713), 14: (32.69038895561118, 102.15179368184103), 13: (31.584080193961167, 67.08206586968818), 75: (34.938427151931634, 65.86154059897079), 76: (38.16729761329909, 91.1674775891968), 99: (37.6275544491619, 89.41044060642109), 100: (41.14216369675888, 107.50978984953029), 88: (45.54787238544458, 95.56622675138362), 87: (45.68104995084683, 65.01257803789403), 44: (44.30366711812577, 67.66136323944355), 43: (42.01041942388177, 36.96464305618642), 27: (44.51435360511261, 38.1189808351274), 28: (49.445966834610005, 67.92749932119504), 4: (56.13525902540419, 63.121901728935306), 3: (56.23672312542156, 47.92710829251126)}
lowerBound: 1375.9335954110106
upperBound: 1375.9337403827124
solType: IP_Optimal
Path: 
50 50
50.0402 46.1319
50.315 19.6762
51.2843 18.8568
57.1251 41.9456
62.0051 41.4678
60.5583 21.8072
62.0787 23.8174
60.2451 8.4298
62.606 15.6905
68.8505 43.9083
71.8535 44.6608
73.2027 28.368
73.2031 28.3633
73.1897 5.994
73.3895 7.5699
77.5004 40.0486
76.8129 47.4021
76.2584 16.5673
76.2584 16.5673
84.6639 47.1189
84.9036 41.6727
87.9994 51.215
88.7895 49.8147
89.9892 83.0429
90.2027 88.9148
87.8004 74.2266
84.3044 72.9967
86.2866 107.0899
98.063 98.5717
95.3838 72.1074
99.1719 74.91
99.3862 62.0103
100.3219 62.7486
96.6397 45.0536
92.9906 45.1556
90.8256 21.6697
91.8412 26.8738
96.8013 52.2888
96.4639 54.8007
94.8397 36.9807
95.2954 40.3155
94.1264 22.8376
94.1264 22.8376
89.4761 7.8948
89.0313 10.2884
84.9771 32.031
80.569 34.4041
76.5759 64.616
75.5051 64.1962
77.7269 87.7441
77.7542 88.0326
80.1162 113.0731
67.5628 129.4986
63.3105 98.9926
63.3239 105.8052
59.7658 75.1088
59.7658 75.1088
58.9338 92.939
55.4832 96.6572
50.4031 83.0323
49.0946 79.5117
43.8976 50.1901
41.7234 51.8183
37.4675 25.5167
33.5019 28.9092
26.5541 8.0833
25.7332 7.9487
22.6371 25.3485
13.6573 24.8559
11.2968 37.7668
8.4426 37.9741
10.2965 50.3569
10.2966 50.3572
13.6097 71.5672
23.5563 73.0038
21.1977 40.1421
21.1075 38.8842
23.608 57.5142
22.939 46.5997
22.1737 68.316
21.4284 67.2102
19.8247 82.7165
18.7999 89.3294
21.2825 107.6769
25.6269 109.5099
25.483 96.9622
32.6904 102.1518
31.5841 67.0821
34.9384 65.8615
38.1673 91.1675
37.6276 89.4104
41.1422 107.5098
45.5479 95.5662
45.681 65.0126
44.3037 67.6614
42.0104 36.9646
44.5144 38.119
49.446 67.9275
56.1353 63.1219
56.2367 47.9271
50 50
