OFV: 324.51122401150377
Runtime: 0.12743282201699913
Gap: None
repPt: {0: (50, 50), 10: (87.53986902265518, 37.77131028570301), 9: (86.31070845218224, 25.309473840678063), 3: (17.12130822062189, 20.16809913661572), 4: (16.775411854190217, 41.61392506778017), 5: (16.048983032842216, 86.54284636975096), 6: (15.568202091230074, 116.31583966951672), 8: (17.85114580818974, 110.02687604291222), 7: (23.80298774948055, 93.6737561356335), 14: (35.62562447585192, 91.11669584094446), 13: (42.04318348659899, 75.80336689808458), 1: (48.950445200465154, 77.27936128698244), 2: (54.25777869183601, 85.32952284335282), 12: (54.64522365933996, 84.40973382805254), 11: (55.963295326852176, 81.28208168789654), 16: (56.17467543035637, 80.78025512745086), 15: (53.1347504167652, 52.294674161215895)}
lowerBound: 324.511184850277
upperBound: 324.51122401150377
solType: IP_Optimal
Path: 
50 50
87.5399 37.7713
86.3107 25.3095
17.1213 20.1681
16.7754 41.6139
16.049 86.5428
15.5682 116.3158
17.8511 110.0269
23.803 93.6738
35.6256 91.1167
42.0432 75.8034
48.9504 77.2794
54.2578 85.3295
54.6452 84.4097
55.9633 81.2821
56.1747 80.7803
53.1348 52.2947
50 50
