OFV: 975.2763109977826
Runtime: 3602.536138243042
Gap: None
repPt: {0: (50, 50), 47: (52.94787671536738, 44.07819173415051), 48: (59.89517568672766, 66.25310570985218), 97: (63.67106866622685, 63.507832453127214), 98: (68.92291858132032, 73.80386890097613), 77: (68.87152404127055, 69.60127027587858), 78: (72.71259418363172, 81.03452986627873), 75: (73.22022575052449, 82.54610994531612), 76: (80.63284851411967, 104.60925716639164), 18: (87.14161272154514, 104.25890744906988), 17: (88.40028203586674, 79.18209981915105), 32: (89.90318227063786, 86.85768641155545), 31: (88.39104826537726, 63.175095287700344), 88: (99.56159023850009, 74.29380731968789), 87: (97.2961731693, 53.83056120280606), 96: (97.06820619464368, 51.771853099495885), 95: (94.16489350808237, 25.54973928648209), 54: (94.12999214981248, 25.234580230712375), 53: (92.20949939138433, 7.888011895271492), 83: (92.25877450900578, 15.097952220481321), 84: (92.40364315847181, 35.38857880094936), 44: (92.42906829447979, 39.14258206620993), 43: (90.7891640177477, 31.5886677988442), 64: (90.71313920188399, 31.239204370158756), 63: (89.74945680998846, 26.799825285244324), 93: (89.67447225972245, 27.170419112821982), 94: (85.51201212400666, 47.728039014946525), 35: (74.52813966205782, 47.95820480252465), 36: (70.50539887881666, 53.82651709430047), 60: (70.5053900656384, 53.826519901981484), 59: (70.57319201139816, 46.455733185681076), 52: (70.57983828500868, 45.67749213910024), 51: (70.6883605066271, 33.65827247225517), 6: (70.69313164203875, 33.09784475918216), 5: (70.81154282677491, 20.07043070587226), 42: (71.1721261710087, 20.33933604876346), 41: (70.19686542367474, 16.12114415841807), 11: (67.42076157676554, 16.1754564149425), 12: (66.48162427850288, 29.34938503421767), 55: (65.11459181980157, 28.193374285826028), 56: (62.63921368189652, 52.170699356260386), 39: (62.639209373364686, 52.17069998284688), 40: (57.03364151139137, 75.55038873012919), 38: (57.03300537008014, 75.55037464862592), 37: (50.8048445412475, 56.981707474892076), 46: (50.59431025088417, 56.35371611462408), 45: (43.589958216187135, 35.46795131217919), 92: (42.13534341299261, 35.85836553967307), 91: (36.247389449745704, 12.780840469346677), 70: (41.04508846152478, 16.224303096349708), 69: (39.8756300873665, 11.696492110649075), 13: (39.87562453844189, 11.696490447736348), 14: (36.728065980609074, 27.68214815416799), 26: (36.013027785574955, 29.282264364861096), 25: (32.83476515774641, 26.6434996911495), 80: (20.42501032688599, 23.535285350494107), 79: (16.56191664587081, 12.409323546001584), 21: (18.410054634048244, 13.384373242357732), 22: (27.95151893481909, 40.1510167993365), 19: (26.76095188126724, 39.671556132819425), 20: (27.1250641154255, 63.70397794260589), 29: (27.125065603787604, 63.70398086157521), 30: (29.94983857152558, 80.5537411130541), 90: (29.949849190585248, 80.55374182496556), 89: (31.899673322549734, 69.3586379544442), 68: (32.178771415067736, 69.79038190673961), 67: (32.69032874468936, 67.79397663850881), 27: (32.727941748361786, 67.90196790547714), 28: (35.00021857590675, 74.42653477759939), 34: (35.46664279171228, 74.43391636644775), 33: (35.34305412022755, 60.9864254819405), 72: (35.33991860104057, 60.64652039187944), 71: (35.192165357983505, 44.60586742719831), 1: (35.1921724310794, 44.60586522780486), 2: (36.04828230191847, 51.83004494774635), 73: (36.088264834692566, 52.16823333578691), 74: (38.511770438275974, 72.63146664547057), 16: (38.58472116787187, 73.24808083871187), 15: (33.356721863638256, 66.76727856833789), 99: (33.35670677641672, 66.76726632094787), 100: (26.8968932882463, 79.64111174896993), 62: (25.183313961330672, 81.40074148412165), 61: (14.13528015340217, 57.47718363631476), 23: (9.691071983522905, 64.05749233466823), 24: (8.309795210353572, 78.86388852048432), 9: (15.11564347798293, 74.72241066565358), 10: (20.18652133774126, 98.98185578258051), 3: (16.259948183820637, 94.16697404818791), 4: (24.49695255170598, 112.8020350906777), 86: (51.75358284197849, 122.91849573079172), 85: (52.16387646122348, 99.53415392791639), 8: (52.16387887565053, 99.53415450126103), 7: (56.439738857703304, 76.0597215021074), 81: (56.72775146805099, 75.869859950841), 82: (59.35840333979276, 88.50012359267254), 58: (59.44210305414363, 88.07134650415027), 57: (62.96260712992554, 70.0454934360856), 66: (63.457911542520975, 70.748298219503), 65: (57.22479996607069, 46.71554799148704), 49: (56.5719170100706, 47.317896043904284), 50: (52.964301076833515, 50.64498634616588)}
lowerBound: 952.0507237243795
upperBound: 975.2763109977826
solType: IP_TimeLimit
Path: 
50 50
52.9479 44.0782
59.8952 66.2531
63.6711 63.5078
68.9229 73.8039
68.8715 69.6013
72.7126 81.0345
73.2202 82.5461
80.6328 104.6093
87.1416 104.2589
88.4003 79.1821
89.9032 86.8577
88.391 63.1751
99.5616 74.2938
97.2962 53.8306
97.0682 51.7719
94.1649 25.5497
94.13 25.2346
92.2095 7.888
92.2588 15.098
92.4036 35.3886
92.4291 39.1426
90.7892 31.5887
90.7131 31.2392
89.7495 26.7998
89.6745 27.1704
85.512 47.728
74.5281 47.9582
70.5054 53.8265
70.5054 53.8265
70.5732 46.4557
70.5798 45.6775
70.6884 33.6583
70.6931 33.0978
70.8115 20.0704
71.1721 20.3393
70.1969 16.1211
67.4208 16.1755
66.4816 29.3494
65.1146 28.1934
62.6392 52.1707
62.6392 52.1707
57.0336 75.5504
57.033 75.5504
50.8048 56.9817
50.5943 56.3537
43.59 35.468
42.1353 35.8584
36.2474 12.7808
41.0451 16.2243
39.8756 11.6965
39.8756 11.6965
36.7281 27.6821
36.013 29.2823
32.8348 26.6435
20.425 23.5353
16.5619 12.4093
18.4101 13.3844
27.9515 40.151
26.761 39.6716
27.1251 63.704
27.1251 63.704
29.9498 80.5537
29.9498 80.5537
31.8997 69.3586
32.1788 69.7904
32.6903 67.794
32.7279 67.902
35.0002 74.4265
35.4666 74.4339
35.3431 60.9864
35.3399 60.6465
35.1922 44.6059
35.1922 44.6059
36.0483 51.83
36.0883 52.1682
38.5118 72.6315
38.5847 73.2481
33.3567 66.7673
33.3567 66.7673
26.8969 79.6411
25.1833 81.4007
14.1353 57.4772
9.6911 64.0575
8.3098 78.8639
15.1156 74.7224
20.1865 98.9819
16.2599 94.167
24.497 112.802
51.7536 122.9185
52.1639 99.5342
52.1639 99.5342
56.4397 76.0597
56.7278 75.8699
59.3584 88.5001
59.4421 88.0713
62.9626 70.0455
63.4579 70.7483
57.2248 46.7155
56.5719 47.3179
52.9643 50.645
50 50
