OFV: 220.69631228551145
Runtime: 3.737753266992513
Gap: 8.076127982299129e-08
repPt: {0: (50, 50), 1: (46.40585701329458, 69.75711106419489), 3: (44.89763599973528, 78.05377012488199), 4: (46.6772592649589, 93.0069052226301), 2: (47.23480461829532, 97.69152746544846), 8: (89.39646063587108, 110.54086419283689), 7: (85.07875419803047, 100.13497445998578), 9: (43.53091835344883, 22.09083625528399), 5: (44.17543751409333, 24.994265102587004), 10: (46.11675307990821, 33.32893080074722), 6: (48.365811594547594, 42.98403720652861)}
solType: IP_Optimal
lowerBound: 220.69629446179482
upperBound: 220.69631228551145
Path: 
50 50
46.4059 69.7571
44.8976 78.0538
46.6773 93.0069
47.2348 97.6915
89.3965 110.5409
85.0788 100.135
43.5309 22.0908
44.1754 24.9943
46.1168 33.3289
48.3658 42.984
50 50
