OFV: 389.63260473113866
Runtime: 0.04094749200157821
Gap: None
repPt: {0: (50, 50), 17: (34.100637653027086, 34.782297189151286), 18: (34.34559307616172, 50.47722154860279), 13: (34.3926559435165, 53.378646334581425), 14: (34.740334151402394, 75.49019221896131), 7: (12.370539921493059, 74.18375222884237), 8: (16.672509661037868, 95.81576005582528), 5: (16.845832015781127, 96.69195799602842), 6: (20.75425040522436, 116.34298916611394), 10: (41.991339857803496, 73.33858578706132), 9: (47.982692136705346, 60.43662408546905), 3: (50.079137964811146, 60.02790726800964), 4: (64.34373405891895, 85.98571949043382), 12: (95.25647675827003, 108.23775354122151), 11: (93.33272275378752, 82.33452037467644), 2: (73.16585488513932, 67.69184316059538), 1: (70.57874854707256, 51.08695010986382), 16: (79.25342693627073, 48.12870426665216), 15: (75.172846966517, 28.827829629505178)}
lowerBound: 389.6325927750806
upperBound: 389.63260473113866
solType: IP_Optimal
Path: 
50 50
34.1006 34.7823
34.3456 50.4772
34.3927 53.3786
34.7403 75.4902
12.3705 74.1838
16.6725 95.8158
16.8458 96.692
20.7543 116.343
41.9913 73.3386
47.9827 60.4366
50.0791 60.0279
64.3437 85.9857
95.2565 108.2378
93.3327 82.3345
73.1659 67.6918
70.5787 51.087
79.2534 48.1287
75.1728 28.8278
50 50
