OFV: 287.03261328329666
Runtime: 0.013231217977590859
Gap: None
repPt: {0: (50, 50), 6: (31.75974175855139, 40.42678893299701), 5: (21.509777482404697, 12.183963333169807), 3: (17.270139307656983, 42.0217464698058), 4: (14.757726418788726, 62.940069509258805), 7: (3.5884514843488846, 81.91045158302272), 8: (3.179453413962242, 109.2141533657428), 12: (7.21416557400544, 107.5205302529931), 11: (7.483309633863863, 89.51242679537026), 10: (45.11530320902633, 100.44267864296539), 9: (41.3293359621698, 85.51761116862437), 2: (34.8581125671664, 88.6250177951671), 1: (29.586524609538003, 60.23513376585524)}
lowerBound: 287.0325925278238
upperBound: 287.03261328329666
solType: IP_Optimal
Path: 
50 50
31.7597 40.4268
21.5098 12.184
17.2701 42.0217
14.7577 62.9401
3.5885 81.9105
3.1795 109.2142
7.2142 107.5205
7.4833 89.5124
45.1153 100.4427
41.3293 85.5176
34.8581 88.625
29.5865 60.2351
50 50
