OFV: 450.9382647130546
Runtime: 0.018759683007374406
Gap: None
repPt: {0: (50, 50), 3: (13.041428002819274, 24.731021828093045), 4: (13.845794342622815, 50.70531588897456), 9: (14.09517465669412, 58.73006703861425), 10: (16.765846730424016, 91.04646325374591), 13: (12.152662190361607, 92.17604284265686), 14: (17.308336931040767, 114.75111655598798), 6: (56.222517283910356, 99.7082366013265), 5: (56.16924617018599, 85.49842775049939), 15: (56.11706514977185, 71.8551040909583), 16: (63.96213373609311, 93.83940327083351), 20: (72.56611730406938, 103.04905942539592), 19: (73.918980396699, 91.66319288619046), 1: (77.02565772733418, 89.20103283560059), 2: (82.40649421629251, 120.90869408985637), 12: (86.23713353992865, 122.80302768026183), 11: (84.13839225847046, 89.59739493981968), 18: (95.64862047909408, 89.01725274434274), 17: (93.13130725169121, 55.984537951466926), 8: (92.19060709457271, 43.657286082669394), 7: (90.8936160792056, 26.64991914795462)}
lowerBound: 450.91385517509383
upperBound: 450.9382647130546
solType: IP_Optimal
Path: 
50 50
13.0414 24.731
13.8458 50.7053
14.0952 58.7301
16.7658 91.0465
12.1527 92.176
17.3083 114.7511
56.2225 99.7082
56.1692 85.4984
56.1171 71.8551
63.9621 93.8394
72.5661 103.0491
73.919 91.6632
77.0257 89.201
82.4065 120.9087
86.2371 122.803
84.1384 89.5974
95.6486 89.0173
93.1313 55.9845
92.1906 43.6573
90.8936 26.6499
50 50
