OFV: 314.00834095667466
Runtime: 0.5185276490001343
Gap: -2.324290330189928e-08
repPt: {0: (50, 50), 3: (6.631842154563913, 34.775787150709185), 4: (8.608214920012589, 59.30943125460037), 11: (47.90736592680662, 96.8093791640959), 12: (51.64653145603762, 111.7219138053138), 6: (70.27992205961974, 94.234622525636), 5: (70.97406308049497, 81.42329343708519), 10: (73.11404370465922, 85.27947328195704), 9: (74.01160686463919, 65.52563554096736), 8: (92.78618913081871, 66.57119350245851), 7: (91.36890956086272, 37.510463334983974), 1: (64.06088111002435, 23.073577801052302), 2: (61.66198536037345, 39.77140213456144)}
solType: IP_Optimal
lowerBound: 314.00834825514016
upperBound: 314.00834095667466
Path: 
50 50
6.6318 34.7758
8.6082 59.3094
47.9074 96.8094
51.6465 111.7219
70.2799 94.2346
70.9741 81.4233
73.114 85.2795
74.0116 65.5256
92.7862 66.5712
91.3689 37.5105
64.0609 23.0736
61.662 39.7714
50 50
