OFV: 305.67752914725645
Runtime: 0.33091977101867087
Gap: 1.5696062395651777e-09
repPt: {0: (50, 50), 1: (83.93233957737121, 11.37178798753729), 2: (87.34034226645494, 36.63926286148515), 5: (88.44394840706165, 44.82279445829844), 7: (96.54946262508433, 76.14251041161596), 6: (96.87484852836228, 79.0565021809527), 8: (99.59762406888711, 103.42979405380555), 9: (95.33294148419782, 101.2356554704173), 10: (92.73243884556955, 127.2809394672418), 4: (31.99487318059307, 85.83398424818455), 3: (25.614644751771184, 55.2360204379435)}
solType: IP_Optimal
lowerBound: 305.6775286674631
upperBound: 305.67752914725645
Path: 
50 50
83.9323 11.3718
87.3403 36.6393
88.4439 44.8228
96.5495 76.1425
96.8748 79.0565
99.5976 103.4298
95.3329 101.2357
92.7324 127.2809
31.9949 85.834
25.6146 55.236
50 50
