OFV: 535.4334271348116
Runtime: 118.95690756302793
Gap: None
Path: 
50 50
77.2141 45.5895
81.7752 36.1286
88.0199 23.173
87.3673 15.9965
86.9199 11.1081
86.9198 11.1081
89.5686 16.1908
91.6468 20.176
94.8677 41.3751
95.6255 46.3806
82.1261 69.4506
83.6848 88.3304
85.2766 89.9918
85.706 91.7007
86.2791 93.9789
87.0259 96.945
88.4983 102.769
89.3057 111.9464
89.8703 118.3325
80.8437 125.4693
80.6052 124.5247
74.8152 101.7053
43.5326 121.5497
43.0397 121.0402
33.246 97.8918
27.7635 99.7723
11.4482 105.3526
11.109 100.9515
10.6923 95.573
10.2161 68.2284
9.8165 45.1807
8.6377 35.3486
7.716 27.6852
6.5518 18.0034
6.273 15.6998
18.0901 18.9357
18.2604 18.9826
19.2599 13.443
20.8736 10.7116
21.7893 9.1608
30.4651 15.5631
42.4789 33.058
50.2146 28.4005
51.5112 27.6173
52.9809 29.9119
53.8823 31.3192
55.5416 33.9097
56.7575 35.8082
57.1083 36.3558
57.9708 43.6587
58.6468 49.3893
58.7825 50.5528
59.1525 53.7008
59.3837 55.6753
60.1498 62.1617
60.4513 64.732
60.7982 67.6883
61.1519 70.7033
61.8411 76.5513
60.9697 74.5925
50 50
