OFV: 329.8008707069725
Runtime: 0.019494203035719693
Gap: None
repPt: {0: (50, 50), 11: (85.10100969368632, 98.00975226763103), 12: (89.31296286731438, 113.06589678581771), 6: (53.98278050079934, 127.03768558943165), 5: (47.55544162693259, 100.3296656188421), 4: (39.06870734318666, 104.73700830866778), 3: (35.86094028121776, 94.04451860439623), 2: (13.309705510754116, 95.00730990458437), 1: (6.821109041500746, 67.66315696173227), 8: (15.783717410253777, 63.12649742282157), 7: (10.469823802927106, 39.962520166523305), 10: (9.531229463991654, 35.86133678764258), 9: (6.5859408210351225, 21.618594605075664), 13: (39.5358856612172, 19.496141700030687), 14: (46.02512209405223, 38.41300457687527)}
lowerBound: 329.8008557486756
upperBound: 329.8008707069725
solType: IP_Optimal
Path: 
50 50
85.101 98.0098
89.313 113.0659
53.9828 127.0377
47.5554 100.3297
39.0687 104.737
35.8609 94.0445
13.3097 95.0073
6.8211 67.6632
15.7837 63.1265
10.4698 39.9625
9.5312 35.8613
6.5859 21.6186
39.5359 19.4961
46.0251 38.413
50 50
