OFV: 424.8035584316017
Runtime: 19.093445991980843
Gap: 1.504535205300128e-07
repPt: {0: (50, 50), 9: (47.795783774109005, 57.28337178267028), 10: (43.69231718151013, 74.44316861282567), 6: (20.543837996013636, 118.33301389369197), 5: (16.11581621371287, 95.10714152751476), 8: (14.13571539494086, 95.82287575798333), 7: (10.72008684981964, 73.02255229622403), 14: (36.19810496744361, 76.86562988219958), 13: (35.161641974230655, 51.009968577600475), 18: (35.15242690172058, 50.78253181979427), 17: (34.39881226272003, 32.127552612389756), 15: (75.13841478750999, 26.597825654484534), 16: (81.12025098509493, 48.91155677074659), 1: (68.67755193549962, 50.32954684312024), 2: (71.35925808957093, 68.5818479727031), 11: (95.15193463042534, 81.4834646051321), 12: (96.243168596262, 109.9774743253993), 4: (62.9797644853566, 87.47333208802235), 3: (51.98118742534331, 55.72087394934926)}
solType: IP_Optimal
lowerBound: 424.8034945184108
upperBound: 424.8035584316017
Path: 
50 50
47.7958 57.2834
43.6923 74.4432
20.5438 118.333
16.1158 95.1071
14.1357 95.8229
10.7201 73.0226
36.1981 76.8656
35.1616 51.01
35.1524 50.7825
34.3988 32.1276
75.1384 26.5978
81.1203 48.9116
68.6776 50.3295
71.3593 68.5818
95.1519 81.4835
96.2432 109.9775
62.9798 87.4733
51.9812 55.7209
50 50
