OFV: 416.53746049646674
Runtime: 3600.8695120220073
Gap: 0.11830644243331907
repPt: {0: (50, 50), 1: (83.15280893731747, 11.529492299173517), 2: (84.60089577989574, 36.56828643024713), 13: (85.76176501981746, 56.67467089284229), 14: (86.80288551899815, 74.69933855210458), 19: (84.51593095931472, 94.40602404749345), 20: (81.42359566680834, 121.03674718893858), 4: (7.447018344264334, 113.2494702626871), 12: (6.635671204684757, 100.90216434919802), 3: (5.717686913558782, 86.93269050957889), 11: (10.12824585111883, 86.34132698948247), 6: (26.305625971762055, 84.16272941661285), 5: (25.318738371670726, 74.42487872891539), 18: (17.512892506342233, 71.34223264933655), 17: (12.537669694071262, 49.402416836947054), 16: (10.913817392629644, 42.244190528212535), 15: (6.737355761860258, 23.831803578293247), 10: (6.658615390209528, 23.48614021868887), 9: (5.129672911471059, 16.750351645011335), 7: (14.612934923967181, 20.199181250014366), 8: (24.848893799278464, 41.26665990494107)}
solType: IP_TimeLimit
lowerBound: 367.2583954049206
upperBound: 416.53746049646674
Path: 
50 50
83.1528 11.5295
84.6009 36.5683
85.7618 56.6747
86.8029 74.6993
84.5159 94.406
81.4236 121.0367
7.447 113.2495
6.6357 100.9022
5.7177 86.9327
10.1282 86.3413
26.3056 84.1627
25.3187 74.4249
17.5129 71.3422
12.5377 49.4024
10.9138 42.2442
6.7374 23.8318
6.6586 23.4861
5.1297 16.7504
14.6129 20.1992
24.8489 41.2667
50 50
