OFV: 263.1132798037648
Runtime: 2.5634047339990502
Gap: -1.117150648403507e-08
repPt: {0: (50, 50), 3: (68.8509008369725, 26.853977382720167), 4: (69.50441360041798, 39.00938296310866), 7: (69.51909036558979, 39.49912670158482), 8: (70.18935536617643, 61.824094256760254), 9: (74.08453395780245, 61.62894016721685), 10: (76.76286195852795, 83.22998260671092), 1: (72.9750626021602, 86.29721926675414), 2: (69.59655342646158, 95.66397453915519), 5: (56.22921289423492, 90.68944037885899), 6: (54.44854425953332, 120.40157261325389), 14: (31.59383648552895, 118.22325280981578), 13: (29.1821081668742, 97.97747521361583), 12: (28.98555388112603, 94.10508184671839), 11: (28.03842241875104, 75.45698375080394), 16: (27.520829557281274, 65.27647358796645), 15: (26.788313841848225, 50.87584887589349)}
solType: IP_Optimal
lowerBound: 263.1132827431365
upperBound: 263.1132798037648
Path: 
50 50
68.8509 26.854
69.5044 39.0094
69.5191 39.4991
70.1894 61.8241
74.0845 61.6289
76.7629 83.23
72.9751 86.2972
69.5966 95.664
56.2292 90.6894
54.4485 120.4016
31.5938 118.2233
29.1821 97.9775
28.9856 94.1051
28.0384 75.457
27.5208 65.2765
26.7883 50.8758
50 50
