OFV: 469.7426488600607
Runtime: 43.57770508504473
Gap: None
Path: 
50 50
72.0118 45.4722
78.4662 44.1454
77.0415 29.5399
82.1128 25.5277
87.0241 21.6424
85.9591 12.9915
55.9943 16.3181
51.3687 20.3022
48.3831 22.8746
43.4037 31.4211
16.4614 10.0455
16.937 22.9324
17.5504 39.563
17.8355 47.2746
18.3801 62.0357
18.5722 67.2175
19.0984 81.5045
19.1607 83.1782
19.5307 93.1753
19.9768 105.2152
31.7043 89.44
31.3636 93.2074
30.9984 97.2477
32.8676 111.1683
33.2545 114.0568
39.102 114.6205
45.394 115.2268
52.994 102.9816
82.1451 90.088
82.4001 92.1594
85.6039 118.3353
86.0922 122.3089
70.9968 120.8209
68.5434 110.6294
65.9149 99.7079
63.4016 89.2626
63.0443 87.8272
62.6042 86.059
57.3535 63.6785
53.8136 57.0941
50 50
