OFV: 318.6889895106829
Runtime: 3602.7348977309885
Gap: 0.10453014173861688
repPt: {0: (50, 50), 15: (53.13925656133212, 52.302516590320884), 11: (55.181452528742945, 70.79140744752885), 1: (55.6154690366246, 74.73662478838006), 16: (56.24088189748309, 80.40261235971919), 12: (53.81982256063016, 84.71312439369288), 2: (53.399496629712054, 85.46269887000827), 13: (40.7399774627752, 76.32582449311532), 14: (33.99473234360183, 93.07569230800208), 6: (16.5215856161044, 116.56186967965418), 8: (16.561352175715555, 110.20836335647714), 5: (16.67482445907985, 92.54425834857506), 7: (16.739017310427986, 82.45023777892455), 4: (16.988876290572403, 44.575668271231415), 3: (17.146483757370504, 20.145007937844216), 9: (86.30974824744814, 25.308558579115445), 10: (87.54006022694531, 37.77098737136616)}
solType: IP_TimeLimit
lowerBound: 285.37638426659464
upperBound: 318.6889895106829
Path: 
50 50
53.1393 52.3025
55.1815 70.7914
55.6155 74.7366
56.2409 80.4026
53.8198 84.7131
53.3995 85.4627
40.74 76.3258
33.9947 93.0757
16.5216 116.5619
16.5614 110.2084
16.6748 92.5443
16.739 82.4502
16.9889 44.5757
17.1465 20.145
86.3097 25.3086
87.5401 37.771
50 50
