OFV: 239.7459997691216
Runtime: 3.7312407119898126
Gap: 3.910848216462657e-08
repPt: {0: (50, 50), 1: (47.489206900088305, 69.32784187189966), 2: (47.41366780176899, 97.9183035214543), 8: (89.45528710718386, 110.47711937873385), 7: (86.21053776877527, 101.67580983313793), 4: (46.31088343940704, 90.56314725950871), 3: (44.88586591713041, 77.52519880015912), 9: (42.55945033475013, 22.34198706867408), 10: (43.92847480326231, 27.43023731863045), 5: (43.96218118305384, 27.555464381049365), 6: (48.13664592478739, 43.06883281460158)}
solType: IP_Optimal
lowerBound: 239.74599039301944
upperBound: 239.7459997691216
Path: 
50 50
47.4892 69.3278
47.4137 97.9183
89.4553 110.4771
86.2105 101.6758
46.3109 90.5631
44.8859 77.5252
42.5595 22.342
43.9285 27.4302
43.9622 27.5555
48.1366 43.0688
50 50
