OFV: 710.427626935422
Runtime: 0.26995531597640365
Gap: None
repPt: {0: (50, 50), 17: (24.011428599170394, 48.12720975591528), 18: (26.53738506866747, 63.89854922358404), 10: (25.174327328049138, 60.22180970370869), 9: (19.60083702333552, 45.198107387673225), 33: (5.012112856618823, 27.54422641055705), 34: (9.110877259977554, 56.37421475575263), 1: (13.464308422911172, 68.41782448869955), 2: (15.885422552974331, 104.08920608121291), 24: (9.821096605403886, 114.0649985769232), 23: (5.827253637682368, 83.30330929078399), 31: (12.710535953747199, 76.7651088745182), 32: (16.447477901227042, 94.37230052846473), 27: (22.65559791588104, 92.07314645867238), 28: (29.491285064236703, 106.84666835904387), 16: (35.551964680741364, 104.83272303433809), 15: (38.82040805270272, 70.02112845760409), 35: (52.031198495759185, 83.17021493238468), 36: (55.50751069851971, 104.58787883885518), 40: (54.58631122316395, 107.53967939751972), 39: (54.88946540000254, 94.45107936731557), 26: (55.40283459368753, 91.06965447621631), 25: (53.44732039996654, 59.78209111170103), 13: (61.429382292612004, 61.570848017993704), 14: (65.6698921023604, 85.8004717360757), 5: (68.72034011937093, 82.12199585258595), 6: (72.23713144052775, 96.79461016877613), 29: (83.54050223151, 99.68244194647632), 30: (89.38768906884975, 126.60210309438256), 22: (90.40612042431395, 119.30856820676854), 21: (90.0690495846903, 90.49284389945333), 12: (96.19745171988654, 93.10191414110567), 11: (92.68731941758594, 64.19484371966261), 20: (96.14649442166687, 72.1515050200894), 19: (97.09739448520703, 47.90480042596231), 38: (97.31307167165308, 42.379689849375396), 37: (91.66912538673986, 17.810795886744), 3: (84.0240149982203, 11.840487096839013), 4: (86.23316241971257, 38.98060318510209), 7: (75.17397739928379, 28.037492455132963), 8: (72.68440470003505, 47.172971020488376)}
lowerBound: 710.411411764829
upperBound: 710.427626935422
solType: IP_Optimal
Path: 
50 50
24.0114 48.1272
26.5374 63.8985
25.1743 60.2218
19.6008 45.1981
5.0121 27.5442
9.1109 56.3742
13.4643 68.4178
15.8854 104.0892
9.8211 114.065
5.8273 83.3033
12.7105 76.7651
16.4475 94.3723
22.6556 92.0731
29.4913 106.8467
35.552 104.8327
38.8204 70.0211
52.0312 83.1702
55.5075 104.5879
54.5863 107.5397
54.8895 94.4511
55.4028 91.0697
53.4473 59.7821
61.4294 61.5708
65.6699 85.8005
68.7203 82.122
72.2371 96.7946
83.5405 99.6824
89.3877 126.6021
90.4061 119.3086
90.069 90.4928
96.1975 93.1019
92.6873 64.1948
96.1465 72.1515
97.0974 47.9048
97.3131 42.3797
91.6691 17.8108
84.024 11.8405
86.2332 38.9806
75.174 28.0375
72.6844 47.173
50 50
