OFV: 644.8817590450801
Runtime: 112.41239222197328
Gap: None
Path: 
50 50
67.5179 44.2174
71.6305 34.591
78.9128 39.4327
81.3896 53.6648
82.3069 58.938
81.7938 60.7488
84.4838 75.8457
86.9436 81.4476
87.0133 81.6064
91.4422 91.6926
94.6293 90.4966
95.1164 72.6659
95.6027 54.8653
92.9526 26.6236
62.9232 23.6046
61.983 31.3057
60.8748 40.4013
60.2866 47.7784
59.7918 53.984
58.9239 64.8683
58.4452 70.8709
58.0379 75.9745
57.8149 78.7691
57.2367 86.013
56.6336 93.5696
56.0216 101.2364
55.3648 107.3977
53.7966 114.5365
48.1165 110.5127
47.7088 108.2759
45.7154 97.3427
45.0197 93.5275
42.2896 78.5568
39.0634 60.8691
33.0564 68.9539
30.2908 75.7392
30.0603 83.0174
29.622 96.8267
27.8547 99.6044
24.6797 104.5965
11.7813 117.8281
11.3837 108.7923
10.8828 97.4297
10.4811 88.31
10.3125 84.4616
10.1802 81.433
18.6234 90.9263
18.6271 69.1196
17.3041 62.853
15.1417 52.6171
12.113 38.2906
9.1358 24.2078
7.9765 18.7275
7.5054 16.502
5.0095 4.6981
4.9916 4.6137
38.7706 29.8761
39.7107 10.5352
41.78 11.2409
49.1813 44.1978
50 50
