OFV: 826.4368082755841
Runtime: 8.893502802937292
Gap: None
repPt: {0: (50, 50), 9: (50.620259255335846, 53.15394034690805), 10: (53.55306108951282, 68.04035128026453), 57: (54.132934108054236, 68.00420243213082), 58: (62.45913301503883, 82.48315424032114), 39: (65.07771120346958, 87.03805415549135), 40: (74.53868319156165, 103.49067838261246), 56: (93.13890111322377, 110.49949842579132), 55: (93.00642378635011, 92.45422529207637), 8: (92.95681618763366, 85.95931314034024), 7: (92.8092216199811, 65.81736849375758), 15: (96.81155668635209, 64.93677874404044), 16: (102.03878704871394, 81.0911926944448), 42: (102.03881921200818, 81.09119776419334), 41: (99.75017949802788, 53.661858235724125), 2: (99.0196363802731, 44.94196155688802), 1: (95.8201526517122, 10.784648138190668), 33: (65.28678492045702, 10.565005354696885), 34: (68.7081588549611, 32.54607303504567), 3: (68.86275720442718, 33.20733384170487), 4: (73.58775950024544, 53.458920340674155), 37: (73.6304470323572, 53.64143725707099), 38: (79.20549645536764, 77.53546925325065), 48: (79.1947780026654, 76.38716238814425), 47: (79.01859177767213, 58.95193118764441), 49: (73.56162646319062, 57.753029648243334), 50: (72.96860933789807, 74.15527630849063), 44: (72.96301681973608, 74.31136869109179), 43: (68.52283147891195, 48.45714495376501), 11: (64.81500656096615, 46.99865923526913), 12: (63.40766670752418, 76.12789969257055), 13: (62.163281164400566, 74.50633156220725), 14: (57.08045962392789, 93.12336755662484), 45: (57.0678930430636, 93.16944314528381), 46: (54.593561142630385, 102.2370999605859), 30: (41.749868944282795, 116.9565501351384), 29: (31.233786676480747, 93.18871360895808), 23: (20.856529289802733, 86.81246592568792), 24: (16.79586317349032, 94.80552370612338), 26: (10.902400024776306, 100.3637235975297), 25: (7.20274013482307, 77.68139654085138), 22: (7.596075358810299, 77.04964672475823), 21: (9.865099950562037, 68.01004180075138), 54: (23.37325744428092, 81.18614444049436), 53: (23.508824906094848, 58.56815721489474), 20: (17.302669392488912, 65.5467962815919), 19: (14.393300083613275, 53.70184387258601), 32: (13.267806939600533, 49.11107322051555), 31: (4.883157119390518, 14.987312256861241), 35: (4.883101202352615, 14.987317848103217), 36: (11.735442324261824, 41.605259773588536), 52: (20.213580155881466, 41.916095193362366), 51: (19.10726860514548, 25.092893183221566), 18: (19.056347542084403, 24.333021856091122), 17: (18.44056189353264, 14.961500822533472), 5: (28.591978883634866, 5.662893341797111), 6: (35.32025601771382, 15.804739912938441), 59: (51.6834578499385, 18.528035605487197), 60: (57.06658034016996, 33.86521947849769), 27: (50.87201506123444, 31.292863238375123), 28: (52.2775642012615, 61.1388939059471)}
lowerBound: 826.4366863573298
upperBound: 826.4368082755841
solType: IP_Optimal
Path: 
50 50
50.6203 53.1539
53.5531 68.0404
54.1329 68.0042
62.4591 82.4832
65.0777 87.0381
74.5387 103.4907
93.1389 110.4995
93.0064 92.4542
92.9568 85.9593
92.8092 65.8174
96.8116 64.9368
102.0388 81.0912
102.0388 81.0912
99.7502 53.6619
99.0196 44.942
95.8202 10.7846
65.2868 10.565
68.7082 32.5461
68.8628 33.2073
73.5878 53.4589
73.6304 53.6414
79.2055 77.5355
79.1948 76.3872
79.0186 58.9519
73.5616 57.753
72.9686 74.1553
72.963 74.3114
68.5228 48.4571
64.815 46.9987
63.4077 76.1279
62.1633 74.5063
57.0805 93.1234
57.0679 93.1694
54.5936 102.2371
41.7499 116.9566
31.2338 93.1887
20.8565 86.8125
16.7959 94.8055
10.9024 100.3637
7.2027 77.6814
7.5961 77.0496
9.8651 68.01
23.3733 81.1861
23.5088 58.5682
17.3027 65.5468
14.3933 53.7018
13.2678 49.1111
4.8832 14.9873
4.8831 14.9873
11.7354 41.6053
20.2136 41.9161
19.1073 25.0929
19.0563 24.333
18.4406 14.9615
28.592 5.6629
35.3203 15.8047
51.6835 18.528
57.0666 33.8652
50.872 31.2929
52.2776 61.1389
50 50
