OFV: 292.5226210565403
Runtime: 69.15087300998857
Gap: 7.248733316477812e-08
repPt: {0: (50, 50), 6: (86.98805533137445, 19.401688440424103), 5: (85.21718710644862, 11.103003110336306), 1: (55.10364106404254, 7.891667469647794), 2: (56.24282825837317, 31.75756886846393), 10: (56.24281964704203, 31.757567989519526), 9: (48.2410463072213, 16.643864105126568), 11: (24.904954660827645, 21.64819774386407), 12: (24.640918011074273, 36.27277123044388), 7: (24.11196468334562, 65.48733296268878), 8: (23.82003527651285, 81.62643182490673), 13: (23.773103023801553, 84.24439953358056), 14: (23.49446691238706, 99.4565340377143), 4: (28.768249442673962, 102.51355966190391), 3: (36.3943683396231, 75.51212110975455)}
solType: IP_Optimal
lowerBound: 292.5225998523556
upperBound: 292.5226210565403
Path: 
50 50
86.9881 19.4017
85.2172 11.103
55.1036 7.8917
56.2428 31.7576
56.2428 31.7576
48.241 16.6439
24.905 21.6482
24.6409 36.2728
24.112 65.4873
23.82 81.6264
23.7731 84.2444
23.4945 99.4565
28.7682 102.5136
36.3944 75.5121
50 50
