OFV: 337.0820381755002
Runtime: 20.428227857977618
Gap: -1.116482319691538e-07
repPt: {0: (50, 50), 10: (55.71647851120339, 55.91867177400085), 9: (61.70728991409258, 41.69153855017696), 7: (89.53443502654466, 29.200900155369382), 8: (89.9401226206071, 60.98227319266198), 1: (83.58172285525548, 71.63225222180093), 2: (77.87822879644365, 81.18547752007213), 5: (36.984028714828554, 78.0752762059096), 6: (33.93035186611077, 107.18590140790273), 12: (21.751077372643604, 114.20982909177008), 14: (21.62941598726877, 106.74946104409129), 11: (21.448962268122262, 95.76706871269602), 13: (21.02064102670778, 69.96611126466506), 4: (20.526030781979713, 40.27832940366844), 3: (20.124988761272935, 16.128745626959095)}
solType: IP_Optimal
lowerBound: 337.0820758101138
upperBound: 337.0820381755002
Path: 
50 50
55.7165 55.9187
61.7073 41.6915
89.5344 29.2009
89.9401 60.9823
83.5817 71.6323
77.8782 81.1855
36.984 78.0753
33.9304 107.1859
21.7511 114.2098
21.6294 106.7495
21.449 95.7671
21.0206 69.9661
20.526 40.2783
20.125 16.1287
50 50
