OFV: 273.25089383512295
Runtime: 85.62550252699293
Gap: -2.2837052989544065e-07
repPt: {0: (50, 50), 9: (44.20897490022302, 41.66687584638398), 1: (44.27494039695438, 51.80004551044275), 2: (47.68468412457838, 69.30481509199936), 10: (48.25039147660462, 70.08412727162211), 11: (68.17950314478377, 97.5366387339196), 12: (70.89160423247716, 107.90629385659389), 14: (33.63634617733782, 85.83031678306851), 8: (25.247538393421955, 80.86209379610133), 7: (23.99621918099569, 64.29475585596927), 13: (24.231873701046542, 62.768238476317215), 16: (5.583712055385982, 61.91911264547511), 15: (6.6822895166707, 34.47858214501073), 3: (12.925471925177744, 19.494927932221394), 5: (16.771198223320226, 26.790565741426523), 4: (22.478122220130302, 45.82454567105736), 6: (25.12075891117488, 46.22606781871423)}
solType: IP_Optimal
lowerBound: 273.25095623757437
upperBound: 273.25089383512295
Path: 
50 50
44.209 41.6669
44.2749 51.8
47.6847 69.3048
48.2504 70.0841
68.1795 97.5366
70.8916 107.9063
33.6363 85.8303
25.2475 80.8621
23.9962 64.2948
24.2319 62.7682
5.5837 61.9191
6.6823 34.4786
12.9255 19.4949
16.7712 26.7906
22.4781 45.8245
25.1208 46.2261
50 50
