OFV: 239.59208173256144
Runtime: 1.4354105170350522
Gap: 1.204687323743071e-08
repPt: {0: (50, 50), 14: (33.16349392913098, 52.34566150458021), 13: (29.117825839747127, 46.195307921248784), 6: (28.61194789267112, 49.10973933298867), 5: (27.18682862353144, 18.58348490912319), 1: (49.46820545729802, 18.974271156268053), 2: (56.15398773856362, 27.53499085723196), 11: (89.20724780894065, 11.875236410206785), 12: (89.78180317430129, 26.960996998263976), 3: (90.17993012663433, 37.43399125374792), 4: (91.32444370261551, 67.44016100695646), 8: (91.34408744540445, 67.9603002233248), 7: (87.4869851501457, 60.362882298364525), 10: (65.68893448851115, 60.38459472828181), 9: (59.097204875853905, 46.163683025754544)}
solType: IP_Optimal
lowerBound: 239.592078846226
upperBound: 239.59208173256144
Path: 
50 50
33.1635 52.3457
29.1178 46.1953
28.6119 49.1097
27.1868 18.5835
49.4682 18.9743
56.154 27.535
89.2072 11.8752
89.7818 26.961
90.1799 37.434
91.3244 67.4402
91.3441 67.9603
87.487 60.3629
65.6889 60.3846
59.0972 46.1637
50 50
