OFV: 424.80352272850183
Runtime: 0.05084601102862507
Gap: None
repPt: {0: (50, 50), 3: (51.89125934873621, 55.460597004569365), 4: (62.97973800370818, 87.47329991794116), 12: (96.2430077960563, 109.97756458309736), 11: (95.15219411885674, 81.48387715641094), 2: (71.35902284529695, 68.58151175645112), 1: (68.67764342153586, 50.329428952914434), 16: (81.12033783564854, 48.91143160936428), 15: (75.13840909910698, 26.597819179215062), 17: (34.39872749799129, 32.127651505484046), 18: (35.14037784102217, 50.568712790655056), 13: (35.17226895707698, 51.35760105649451), 14: (36.19790348387909, 76.8658113038824), 7: (10.720303500533415, 73.02233443383258), 8: (14.136039898469285, 95.82306743776434), 5: (16.115125985339084, 95.10675069014756), 6: (20.543980775930674, 118.33303643965705), 10: (43.69219757457897, 74.44348835810436), 9: (47.79552696683577, 57.28469146137174)}
lowerBound: 424.8034880048263
upperBound: 424.80352272850183
solType: IP_Optimal
Path: 
50 50
51.8913 55.4606
62.9797 87.4733
96.243 109.9776
95.1522 81.4839
71.359 68.5815
68.6776 50.3294
81.1203 48.9114
75.1384 26.5978
34.3987 32.1277
35.1404 50.5687
35.1723 51.3576
36.1979 76.8658
10.7203 73.0223
14.136 95.8231
16.1151 95.1068
20.544 118.333
43.6922 74.4435
47.7955 57.2847
50 50
