OFV: 836.9558230973316
Runtime: 0.9268968439428136
Gap: None
repPt: {0: (50, 50), 50: (46.79927314325528, 52.97176126323319), 49: (41.46529357518663, 35.49176756979059), 39: (41.46530269403149, 35.491768748113664), 40: (48.066597730170386, 63.37328169732473), 41: (42.742769703557386, 61.46756254281055), 42: (45.321274095852594, 93.05536976288953), 57: (45.364697082143735, 93.58737380950696), 58: (46.898396805516455, 112.37572651211782), 36: (46.82358417374806, 112.28635635366554), 35: (38.41708292624088, 102.28118434432385), 27: (13.920043552086135, 96.98488857353665), 28: (12.22450156188319, 124.78621359213939), 10: (15.044871844136887, 116.00512372038786), 9: (19.33092093836846, 91.27662146367487), 4: (34.03730448994028, 92.71122473500523), 3: (34.634834003630786, 81.15004841749204), 44: (34.634835941584846, 81.15004223785479), 43: (27.80268347849515, 53.691302717956326), 1: (26.096611460573428, 54.44469441830305), 2: (19.92269413530663, 63.459163970028214), 22: (16.97286933908495, 64.54992168165408), 21: (8.347461137197135, 41.69387254398599), 54: (5.786580116259339, 51.26225844869587), 53: (7.18964325204235, 25.94469558616695), 33: (13.995001879904626, 8.19999750187893), 34: (20.41088149576408, 25.01794239573812), 11: (24.37188488136569, 35.416550438353866), 12: (28.88377749361152, 47.252038628801564), 20: (40.849514873461786, 44.093361024300414), 19: (44.295606132922146, 18.258860674363035), 45: (59.63058683514007, 7.1051236595825245), 46: (66.17331064355874, 17.736051299580073), 15: (75.43122599024701, 21.185778821437985), 16: (78.87843297000838, 36.601343959800225), 18: (78.9369848041887, 36.86215000075966), 17: (74.41317384478529, 21.716748179777184), 7: (65.22283796954801, 23.06930541890908), 8: (69.03418124548352, 47.81038418376426), 31: (69.03418448579964, 47.81039735353843), 32: (72.52655229370389, 61.14544678627252), 51: (74.596850501194, 60.70630274553614), 52: (79.15455424979595, 81.21247349529055), 26: (81.58550136959019, 77.9747980911224), 25: (86.11939117567118, 47.15896582151301), 23: (94.66100263159846, 50.00905448208448), 24: (98.69948305113523, 57.69200662917655), 37: (97.60197442310155, 56.26907463061218), 38: (96.32795085637274, 83.34712592391136), 59: (95.93407681540945, 91.81259963688157), 60: (95.06990076606026, 110.23466504577571), 14: (94.85451991717848, 114.89020698878376), 13: (87.83987328092726, 99.45586192738132), 6: (78.58297537403203, 102.26008833131935), 5: (71.82131556257312, 74.23975914679382), 56: (68.55253359091006, 74.26159634424778), 55: (61.82104044623295, 60.13212860595196), 29: (61.67299125448, 61.42151798329295), 30: (58.62711812307754, 87.9074520051133), 48: (55.86757674616887, 75.78439288107049), 47: (50.4463686049465, 51.96415252089536)}
lowerBound: 836.9557698806846
upperBound: 836.9558230973316
solType: IP_Optimal
Path: 
50 50
46.7993 52.9718
41.4653 35.4918
41.4653 35.4918
48.0666 63.3733
42.7428 61.4676
45.3213 93.0554
45.3647 93.5874
46.8984 112.3757
46.8236 112.2864
38.4171 102.2812
13.92 96.9849
12.2245 124.7862
15.0449 116.0051
19.3309 91.2766
34.0373 92.7112
34.6348 81.15
34.6348 81.15
27.8027 53.6913
26.0966 54.4447
19.9227 63.4592
16.9729 64.5499
8.3475 41.6939
5.7866 51.2623
7.1896 25.9447
13.995 8.2
20.4109 25.0179
24.3719 35.4166
28.8838 47.252
40.8495 44.0934
44.2956 18.2589
59.6306 7.1051
66.1733 17.7361
75.4312 21.1858
78.8784 36.6013
78.937 36.8622
74.4132 21.7167
65.2228 23.0693
69.0342 47.8104
69.0342 47.8104
72.5266 61.1454
74.5969 60.7063
79.1546 81.2125
81.5855 77.9748
86.1194 47.159
94.661 50.0091
98.6995 57.692
97.602 56.2691
96.328 83.3471
95.9341 91.8126
95.0699 110.2347
94.8545 114.8902
87.8399 99.4559
78.583 102.2601
71.8213 74.2398
68.5525 74.2616
61.821 60.1321
61.673 61.4215
58.6271 87.9075
55.8676 75.7844
50.4464 51.9642
50 50
