OFV: 308.8030888779578
Runtime: 386.2791578040051
Gap: 1.3076067058383778e-08
repPt: {0: (50, 50), 16: (67.2221293596854, 32.000939674394864), 15: (64.11157993147266, 12.00598133093843), 1: (32.627735907573026, 9.162221242793953), 2: (32.66656569296007, 26.92137224916628), 17: (32.68015136578331, 32.962465923995246), 11: (32.69920038656171, 41.77774832905613), 18: (32.81410824476385, 68.15582939463714), 12: (32.17613711955429, 72.98194521121397), 13: (30.73198349032713, 83.91498782210097), 7: (29.952370914292384, 89.81492417901421), 14: (28.1363646587749, 107.57398130154017), 8: (27.831446317046964, 110.55121743152523), 6: (63.9088430023628, 102.22106683680984), 4: (69.14408073902702, 99.55938044258836), 5: (67.16905868408102, 88.0268922036799), 3: (72.23126297705262, 82.98253194524284), 10: (86.00657293100946, 87.00656604130681), 9: (83.76618678456195, 74.91347142490186)}
solType: IP_Optimal
lowerBound: 308.8030848400279
upperBound: 308.8030888779578
Path: 
50 50
67.2221 32.0009
64.1116 12.006
32.6277 9.1622
32.6666 26.9214
32.6802 32.9625
32.6992 41.7777
32.8141 68.1558
32.1761 72.9819
30.732 83.915
29.9524 89.8149
28.1364 107.574
27.8314 110.5512
63.9088 102.2211
69.1441 99.5594
67.1691 88.0269
72.2313 82.9825
86.0066 87.0066
83.7662 74.9135
50 50
