OFV: 214.8690802775201
Runtime: 3.049788771000749
Gap: 6.012585734260728e-08
repPt: {0: (50, 50), 7: (85.09912129068312, 29.885862425725602), 8: (86.30198697836589, 54.659184777483375), 1: (83.21162503148896, 83.97616303222212), 3: (82.48668299253126, 90.86445581071061), 2: (81.87074577724724, 105.63756418281352), 4: (81.11197159413436, 123.87948953034889), 6: (77.56160863011871, 115.44694623737841), 5: (70.71632778250296, 99.19095182358011), 10: (56.832825174360494, 66.2287400981605), 9: (50.02592749569152, 50.06164462862242)}
solType: IP_Optimal
lowerBound: 214.86906735833244
upperBound: 214.8690802775201
Path: 
50 50
85.0991 29.8859
86.302 54.6592
83.2116 83.9762
82.4867 90.8645
81.8707 105.6376
81.112 123.8795
77.5616 115.4469
70.7163 99.191
56.8328 66.2287
50.0259 50.0616
50 50
