OFV: 374.0121015765283
Runtime: 0.086313562002033
Gap: None
repPt: {0: (50, 50), 7: (88.79552542504311, 30.059592142734246), 8: (89.43771060347255, 43.76406735832688), 17: (90.0892746926211, 57.598099472322495), 18: (91.51876241151128, 88.12253491145594), 11: (88.07751894400087, 90.89215100463888), 12: (85.71033550962888, 118.651288165071), 2: (85.71033519084736, 118.65128781231503), 1: (76.79367041433866, 93.27702621086861), 19: (74.85829830041311, 95.51154485320339), 20: (71.70261491082957, 99.13469098416057), 6: (63.43741415516307, 96.24666066636966), 5: (60.86275052810912, 90.47922209602916), 16: (60.32834816483858, 89.28258575569087), 15: (54.285156646334556, 75.77540438533785), 14: (18.342731656662686, 110.84004103083228), 13: (16.589527223753144, 90.21724863704736), 10: (16.54216647442004, 88.2942142716083), 9: (15.816733872792232, 58.723113310958524), 4: (15.55967002823271, 48.326846199846095), 3: (15.069109213607309, 28.179907973014835)}
lowerBound: 374.01208079485264
upperBound: 374.0121015765283
solType: IP_Optimal
Path: 
50 50
88.7955 30.0596
89.4377 43.7641
90.0893 57.5981
91.5188 88.1225
88.0775 90.8922
85.7103 118.6513
85.7103 118.6513
76.7937 93.277
74.8583 95.5115
71.7026 99.1347
63.4374 96.2467
60.8628 90.4792
60.3283 89.2826
54.2852 75.7754
18.3427 110.84
16.5895 90.2172
16.5422 88.2942
15.8167 58.7231
15.5597 48.3268
15.0691 28.1799
50 50
