OFV: 232.07552385787784
Runtime: 1150.1756260619732
Gap: -1.4114249456703186e-07
repPt: {0: (50, 50), 10: (49.92316995831956, 49.483144803443984), 14: (48.058311318013665, 37.0601760487209), 9: (46.120244288161096, 24.15046381352326), 13: (44.0114037350013, 10.098359646198452), 1: (40.445675803275726, 16.780773131813234), 2: (36.926744789022194, 31.528311776588133), 11: (32.17957768374158, 51.43437444119045), 12: (33.89465877913977, 72.25509184098547), 15: (35.13686412435082, 74.47230849058913), 5: (37.91352607170759, 79.43299557127068), 16: (41.51398594712123, 85.86757930324295), 6: (43.173614003079926, 88.83069408373488), 8: (82.96708158595884, 77.5299641045985), 7: (80.5302190696572, 57.821799419305044), 4: (66.57062949833748, 71.84254067985262), 3: (56.62638315326648, 56.086016504786784)}
solType: IP_Optimal
lowerBound: 232.0755566135962
upperBound: 232.07552385787784
Path: 
50 50
49.9232 49.4831
48.0583 37.0602
46.1202 24.1505
44.0114 10.0984
40.4457 16.7808
36.9267 31.5283
32.1796 51.4344
33.8947 72.2551
35.1369 74.4723
37.9135 79.433
41.514 85.8676
43.1736 88.8307
82.9671 77.53
80.5302 57.8218
66.5706 71.8425
56.6264 56.086
50 50
