OFV: 497.67149613805464
Runtime: 34.8957558600232
Gap: None
Path: 
50 50
65.8419 52.1085
66.3882 60.9004
67.7081 82.0162
67.8023 83.5501
67.7393 109.6315
67.4113 108.2121
62.5828 87.308
61.4752 82.5134
60.1681 76.8542
55.2173 55.4167
53.4712 47.8569
53.1377 46.413
51.3871 26.5772
50.5767 17.4175
63.4423 10.8092
65.9293 32.3422
60.7193 33.883
47.1321 8.7288
44.5537 8.5987
40.333 17.3707
34.9158 17.3881
31.3505 29.8147
14.2985 15.3376
10.3476 33.3221
9.9374 38.8385
8.7922 54.1603
17.3756 40.8932
14.8141 60.5381
13.5552 64.6345
12.5927 67.7703
14.815 79.3002
17.435 92.8908
17.8148 100.7785
22.822 98.2445
27.61 107.934
27.6546 107.9399
40.3521 109.5985
40.6492 98.6437
41.0165 85.1259
41.5405 66.253
50 50
