OFV: 881.2642110302063
Runtime: 0.6541137060848996
Gap: None
repPt: {0: (50, 50), 60: (59.311058263277324, 50.746787883050516), 59: (58.094041059784566, 26.306967478133405), 41: (78.82777296236699, 15.813914220027566), 42: (80.75282333794028, 40.91778549502244), 33: (71.93123520669064, 38.81135892111273), 34: (77.29856661545217, 60.38937573717201), 4: (82.79817653815248, 67.47221822778138), 3: (82.12505324107475, 34.95442280698691), 7: (83.89501947471715, 35.6342220015983), 8: (87.75201800438698, 48.771711673698235), 51: (92.54809133297005, 43.3449727396995), 52: (94.99322531239372, 74.70641177954676), 53: (83.70680991358851, 82.45915915186588), 54: (87.11970836757318, 95.97178940478153), 47: (90.53923596087446, 98.68576142538907), 48: (92.5279737106261, 131.54094498791028), 2: (71.69961039007829, 133.362038889196), 1: (60.01608545171004, 102.2119802827551), 39: (39.585096004082004, 100.94930963955115), 40: (38.54417699675298, 117.48706644083899), 32: (37.20160840880589, 122.14223242897363), 31: (38.870203337149995, 91.99066589647964), 24: (39.001023048147545, 89.6220190553358), 23: (38.91782542212325, 63.44385249703666), 46: (38.91782002512278, 63.44385092378337), 45: (32.1993437018806, 38.517347834359136), 10: (32.452594864887196, 39.722170168862576), 9: (27.17006868310232, 25.95098707438792), 36: (16.407002961540737, 25.684111465403646), 35: (11.455859651888526, 3.3016252343721693), 49: (19.855255702494798, 9.288796507299057), 50: (24.519090577791665, 37.413180638787374), 56: (24.482524344069127, 35.84307514454083), 55: (24.214903447898095, 24.209360254535436), 11: (25.675961749085758, 24.518598949460035), 12: (31.023295465151154, 50.002288822959535), 25: (30.287656745851276, 47.76009981220663), 26: (30.571422758789854, 77.69165653336881), 18: (29.670038443646227, 77.77781835775795), 17: (25.02370842216413, 56.39351115187918), 16: (21.174998530214907, 53.84439878375204), 15: (15.07424986136348, 40.684100948281646), 14: (15.074241578005942, 40.684091160186775), 13: (5.141957026751493, 18.375017622897154), 21: (5.141841871077351, 18.375040439795615), 22: (6.940446307545345, 49.80522229641693), 5: (10.693009706389464, 60.34674215914916), 6: (15.76712192781546, 74.59973726227007), 58: (19.44406507860195, 71.42927027037358), 57: (22.34041997484525, 59.743550349626474), 28: (31.401968700311265, 60.56217272215567), 27: (31.69176837295258, 47.87430959080491), 37: (31.870573175680516, 48.485771162981884), 38: (38.40120305394183, 70.79481774537835), 29: (42.874575877085, 77.11932830979197), 30: (52.23705180777412, 93.26658356848502), 44: (59.65910088134903, 92.92378271079836), 43: (55.93248204865527, 71.64218354356561), 20: (55.706072004213375, 70.34829930319343), 19: (52.99507120612025, 54.86412818886088)}
lowerBound: 881.2640450645342
upperBound: 881.2642110302063
solType: IP_Optimal
Path: 
50 50
59.3111 50.7468
58.094 26.307
78.8278 15.8139
80.7528 40.9178
71.9312 38.8114
77.2986 60.3894
82.7982 67.4722
82.1251 34.9544
83.895 35.6342
87.752 48.7717
92.5481 43.345
94.9932 74.7064
83.7068 82.4592
87.1197 95.9718
90.5392 98.6858
92.528 131.5409
71.6996 133.362
60.0161 102.212
39.5851 100.9493
38.5442 117.4871
37.2016 122.1422
38.8702 91.9907
39.001 89.622
38.9178 63.4439
38.9178 63.4439
32.1993 38.5173
32.4526 39.7222
27.1701 25.951
16.407 25.6841
11.4559 3.3016
19.8553 9.2888
24.5191 37.4132
24.4825 35.8431
24.2149 24.2094
25.676 24.5186
31.0233 50.0023
30.2877 47.7601
30.5714 77.6917
29.67 77.7778
25.0237 56.3935
21.175 53.8444
15.0742 40.6841
15.0742 40.6841
5.142 18.375
5.1418 18.375
6.9404 49.8052
10.693 60.3467
15.7671 74.5997
19.4441 71.4293
22.3404 59.7436
31.402 60.5622
31.6918 47.8743
31.8706 48.4858
38.4012 70.7948
42.8746 77.1193
52.2371 93.2666
59.6591 92.9238
55.9325 71.6422
55.7061 70.3483
52.9951 54.8641
50 50
