OFV: 239.29832734342372
Runtime: 5.294546760007506
Gap: 2.706774834905135e-07
repPt: {0: (50, 50), 1: (33.431759618803156, 61.41716444862967), 2: (39.80694409607265, 88.45518394614662), 9: (39.848886991808186, 88.63306729490724), 10: (42.03176599331636, 97.87883932450285), 11: (9.12669764066175, 93.20391218742314), 12: (3.9860832653213887, 105.15634508742875), 8: (3.98608193223939, 105.15634677003686), 7: (7.577064704674205, 82.40611294422952), 4: (11.982427436129544, 62.524363833712904), 3: (16.543795922163916, 41.941044106471594), 5: (22.265554382350963, 16.11842428053969), 6: (34.809948682253435, 37.83881105341512)}
solType: IP_Optimal
lowerBound: 239.29826257075467
upperBound: 239.29832734342372
Path: 
50 50
33.4318 61.4172
39.8069 88.4552
39.8489 88.6331
42.0318 97.8788
9.1267 93.2039
3.9861 105.1563
3.9861 105.1563
7.5771 82.4061
11.9824 62.5244
16.5438 41.941
22.2656 16.1184
34.8099 37.8388
50 50
