OFV: 767.2515077577975
Runtime: 42.72812739096116
Gap: None
Path: 
50 50
59.2572 50.8003
56.7734 27.5163
67.3201 38.3882
77.1629 60.1406
82.9214 67.4315
84.1001 51.6716
83.7505 45.3473
83.1112 33.8589
82.8671 31.7985
81.0161 16.1133
90.5911 41.2337
94.9618 74.7744
83.7057 82.462
87.1195 95.9714
90.5392 98.6858
92.5267 131.5424
71.7273 133.3797
61.0219 102.6974
38.0766 122.4345
38.5056 117.8169
39.0352 99.6524
39.2978 90.7108
39.3535 89.4729
40.4487 64.8703
36.4667 69.1996
35.8373 66.4647
34.8441 62.1483
32.7613 53.0947
31.298 46.7356
31.0305 45.5736
30.5075 43.3014
28.8721 36.1859
26.3013 24.999
26.301 24.9987
4.6925 18.8277
6.9353 49.7803
10.4045 59.4826
15.813 74.6123
19.2253 71.8594
17.6345 57.7537
17.1318 55.1532
14.9637 43.9172
13.8109 37.9496
11.9688 28.4078
9.4985 15.605
11.051 3.5267
19.906 9.3673
22.3796 22.1718
25.1664 36.6006
25.8616 40.2048
26.8303 45.2256
27.8664 56.1881
29.9262 77.9877
33.4315 78.0101
43.8673 78.0789
52.2621 93.2804
59.6575 92.9258
56.248 73.441
55.408 68.6481
52.9952 54.8644
50 50
