OFV: 721.9434367517786
Runtime: 3600.275398311089
Gap: None
repPt: {0: (50, 50), 53: (30.78585490535155, 58.248033573631915), 54: (26.883763144255706, 80.29290029952591), 23: (26.472873070559746, 82.61566317241062), 24: (26.46148583193963, 93.68325636276111), 29: (30.038575897926656, 94.83804322372393), 30: (36.8434881327957, 116.26764622046966), 26: (15.094910002456995, 101.17329424791927), 25: (9.250715250492268, 75.87080912536727), 22: (9.242036540960862, 75.04113262141209), 21: (9.188227485993966, 69.89953564659983), 20: (9.1868243577707, 69.7654026730801), 19: (9.012689764491935, 53.12128691306248), 32: (8.63347848896073, 49.68504039735936), 31: (5.0659611712945285, 17.40064246129947), 35: (5.065956518883446, 17.40064161747511), 36: (12.807941668579476, 39.90596505965215), 52: (19.08846606881894, 40.22298850538947), 51: (19.687136146438192, 26.548633541770574), 18: (19.81902355018637, 23.529950379163424), 17: (20.146170936008865, 16.053999737805732), 5: (29.23717329170321, 7.699901295474382), 6: (36.31669816803855, 14.068208135167003), 59: (49.90535644039958, 19.60444040768588), 60: (55.098447922986715, 33.0476708163801), 27: (52.478033690244864, 32.58026154280923), 28: (52.320300944514436, 59.12404493957499), 9: (52.271904029405334, 58.84507044475416), 10: (55.63493248976355, 67.52605385692725), 57: (56.389273256073636, 69.47304395711768), 58: (59.500133057926, 77.50286153065947), 13: (59.96108979745924, 76.48949210827912), 14: (60.929919658067995, 90.11575686564788), 45: (61.068609975087256, 92.06595071755396), 46: (61.49476394801327, 98.05965193252734), 39: (68.27553269304826, 91.47209011577938), 40: (75.71505405291762, 101.86793798730025), 56: (91.83345851106951, 108.97506159846874), 55: (89.82807492562293, 92.28073722343055), 8: (89.22903275971825, 87.29422808054323), 7: (87.08686743209233, 69.46110570034166), 48: (85.58938949532751, 71.45760441882692), 47: (86.39243626949941, 61.866538461386774), 15: (94.52797697587022, 65.72130806114758), 16: (101.98673344568446, 78.95909453466828), 42: (101.98673953246005, 78.95910562478028), 41: (99.04205252149107, 52.76147073900233), 2: (98.18098670753898, 45.106290070814616), 1: (94.49207286095432, 12.280291695786746), 33: (66.84290367770647, 11.822541353127757), 34: (70.59648076575345, 32.165752321020875), 3: (70.88881647919294, 33.74868503692128), 4: (74.11310139859637, 51.22869977529957), 43: (74.15988624871207, 51.48190348521263), 44: (78.5255531062453, 75.13933514783085), 38: (78.61093608814879, 75.60173014346836), 37: (75.62560176096059, 56.9763935283919), 49: (75.17161321949683, 58.33190912334069), 50: (70.03754378958205, 73.66558823458315), 12: (67.80144241373867, 74.5296285885548), 11: (58.49197726590646, 48.79851414520831)}
lowerBound: 715.909518838682
upperBound: 721.9434367517786
solType: IP_TimeLimit
Path: 
50 50
30.7859 58.248
26.8838 80.2929
26.4729 82.6157
26.4615 93.6833
30.0386 94.838
36.8435 116.2676
15.0949 101.1733
9.2507 75.8708
9.242 75.0411
9.1882 69.8995
9.1868 69.7654
9.0127 53.1213
8.6335 49.685
5.066 17.4006
5.066 17.4006
12.8079 39.906
19.0885 40.223
19.6871 26.5486
19.819 23.53
20.1462 16.054
29.2372 7.6999
36.3167 14.0682
49.9054 19.6044
55.0984 33.0477
52.478 32.5803
52.3203 59.124
52.2719 58.8451
55.6349 67.5261
56.3893 69.473
59.5001 77.5029
59.9611 76.4895
60.9299 90.1158
61.0686 92.066
61.4948 98.0597
68.2755 91.4721
75.7151 101.8679
91.8335 108.9751
89.8281 92.2807
89.229 87.2942
87.0869 69.4611
85.5894 71.4576
86.3924 61.8665
94.528 65.7213
101.9867 78.9591
101.9867 78.9591
99.0421 52.7615
98.181 45.1063
94.4921 12.2803
66.8429 11.8225
70.5965 32.1658
70.8888 33.7487
74.1131 51.2287
74.1599 51.4819
78.5256 75.1393
78.6109 75.6017
75.6256 56.9764
75.1716 58.3319
70.0375 73.6656
67.8014 74.5296
58.492 48.7985
50 50
