OFV: 310.93741024421837
Runtime: 11.91031761499471
Gap: -2.710717096196346e-07
repPt: {0: (50, 50), 3: (38.4403655093542, 63.920823207366794), 4: (35.81882554584891, 81.83927586746512), 1: (6.6018397967309514, 84.99754916496532), 2: (10.05252398012173, 104.16511300556434), 14: (15.144108352493207, 103.42238330958838), 13: (15.517193141680803, 76.10746301572244), 5: (43.387340446156145, 80.91122239490016), 6: (48.73870400646537, 95.1674825827195), 10: (75.41921796865697, 89.43985340328727), 9: (78.58032640418321, 69.12685160423338), 18: (83.7295993743427, 61.84896017739613), 12: (84.70328302473837, 56.25967488646936), 11: (83.49044178295668, 40.68775253845937), 17: (78.39650138868775, 35.83292661374724), 7: (58.840790665223174, 19.263353189805393), 15: (57.59293593113715, 18.205803154175825), 8: (60.070610560173556, 43.8027181657726), 16: (60.070575960385156, 43.802755343669475)}
solType: IP_Optimal
lowerBound: 310.93749453055375
upperBound: 310.93741024421837
Path: 
50 50
38.4404 63.9208
35.8188 81.8393
6.6018 84.9975
10.0525 104.1651
15.1441 103.4224
15.5172 76.1075
43.3873 80.9112
48.7387 95.1675
75.4192 89.4399
78.5803 69.1269
83.7296 61.849
84.7033 56.2597
83.4904 40.6878
78.3965 35.8329
58.8408 19.2634
57.5929 18.2058
60.0706 43.8027
60.0706 43.8028
50 50
