OFV: 267.82405725365015
Runtime: 2.514023196999915
Gap: -1.9150699972629247e-07
repPt: {0: (50, 50), 1: (56.44077198065404, 64.94301278015475), 2: (64.92040997488026, 84.61435103899151), 7: (91.13651682261664, 66.26520279167646), 5: (93.53492043172376, 80.65617915678608), 6: (95.8091747711377, 96.76295096160592), 8: (93.61795118900152, 96.82134417034185), 10: (25.597706317673623, 98.60803243283277), 4: (24.243955156989998, 97.28241851346502), 9: (19.7397781737256, 73.66700963856522), 3: (17.630845383651355, 62.60391138862978), 12: (13.641670139191458, 60.15693080363861), 11: (10.326194838437637, 45.31099424249483)}
solType: IP_Optimal
lowerBound: 267.8241085438318
upperBound: 267.82405725365015
Path: 
50 50
56.4408 64.943
64.9204 84.6144
91.1365 66.2652
93.5349 80.6562
95.8092 96.763
93.618 96.8213
25.5977 98.608
24.244 97.2824
19.7398 73.667
17.6308 62.6039
13.6417 60.1569
10.3262 45.311
50 50
