OFV: 364.4140651799256
Runtime: 3602.76983312401
Gap: 0.16346559850747483
repPt: {0: (50, 50), 15: (47.7713190124329, 60.2935017732605), 16: (44.31807130769469, 76.24117421555039), 1: (25.164353539139242, 76.14712346049116), 2: (29.534553991098434, 91.84402957606825), 10: (97.60455902757384, 104.69636558592738), 9: (95.47626601643724, 94.46179712191022), 8: (93.27260246674564, 83.86400430322914), 4: (91.09172723969878, 73.37544118091822), 7: (88.17023653297684, 59.32588020736822), 3: (83.98423976286756, 39.19965420183467), 18: (72.25989856046722, 22.704070699034023), 17: (64.68937554384965, 12.052910515177803), 14: (56.07973541008559, 19.616452244650453), 13: (46.32574007640725, 8.336704487539556), 11: (11.497212170508947, 7.65759661045111), 12: (13.595514441782285, 17.502510707180466), 19: (16.228492573137107, 29.852959375789766), 5: (17.367669004403606, 35.19449226270329), 6: (19.861146689920066, 46.89429657002322), 20: (20.158203732500713, 48.28748021717167)}
solType: IP_TimeLimit
lowerBound: 304.8449019107471
upperBound: 364.4140651799256
Path: 
50 50
47.7713 60.2935
44.3181 76.2412
25.1644 76.1471
29.5346 91.844
97.6046 104.6964
95.4763 94.4618
93.2726 83.864
91.0917 73.3754
88.1702 59.3259
83.9842 39.1997
72.2599 22.7041
64.6894 12.0529
56.0797 19.6165
46.3257 8.3367
11.4972 7.6576
13.5955 17.5025
16.2285 29.853
17.3677 35.1945
19.8611 46.8943
20.1582 48.2875
50 50
