OFV: 214.25083390225493
Runtime: 1.4645843319885898
Gap: 7.834553066821263e-09
repPt: {0: (50, 50), 7: (32.677255397884394, 58.35703841909146), 8: (27.928969571102215, 77.3003224865673), 1: (15.544677788236518, 80.67237989016168), 2: (15.293299269458302, 94.42509655313673), 6: (71.14562846494216, 64.01769922623879), 5: (72.18218589039623, 54.46034010639442), 10: (54.98241768813887, 62.401438701471164), 9: (48.11448405298654, 33.69473590795497), 3: (46.89973280769215, 28.618381999484576), 4: (49.64143058270944, 50.08584478532956)}
solType: IP_Optimal
lowerBound: 214.2508322236954
upperBound: 214.25083390225493
Path: 
50 50
32.6773 58.357
27.929 77.3003
15.5447 80.6724
15.2933 94.4251
71.1456 64.0177
72.1822 54.4603
54.9824 62.4014
48.1145 33.6947
46.8997 28.6184
49.6414 50.0858
50 50
