OFV: 339.9446342380288
Runtime: 51.59497147705406
Gap: -2.8753738908496947e-08
repPt: {0: (50, 50), 10: (16.999706388457557, 58.79977768864526), 9: (16.75760221572698, 48.38102411500813), 13: (30.1365790687235, 46.106161374123076), 14: (39.121086281044136, 66.34342741027643), 3: (39.27429958788628, 66.27730805334511), 4: (43.80979303953626, 84.70572087220039), 17: (45.01862570496112, 89.61948870007222), 18: (51.67539579888116, 116.66436306205338), 16: (52.287019413654775, 119.15109414185308), 15: (51.226067160102474, 95.57214542188748), 7: (71.20012705467605, 87.1697377229515), 8: (76.04422309907551, 94.83814330417425), 1: (84.72274104825854, 94.96070511806218), 2: (89.22091156880498, 116.30320601329734), 6: (89.60417448144416, 113.5042912086908), 5: (83.39010770454118, 85.46556953913728), 12: (72.5044495749878, 54.215399216330695), 11: (66.31385572025458, 27.301789252925087)}
solType: IP_Optimal
lowerBound: 339.94464401270807
upperBound: 339.9446342380288
Path: 
50 50
16.9997 58.7998
16.7576 48.381
30.1366 46.1062
39.1211 66.3434
39.2743 66.2773
43.8098 84.7057
45.0186 89.6195
51.6754 116.6644
52.287 119.1511
51.2261 95.5721
71.2001 87.1697
76.0442 94.8381
84.7227 94.9607
89.2209 116.3032
89.6042 113.5043
83.3901 85.4656
72.5044 54.2154
66.3139 27.3018
50 50
