OFV: 382.33007792580077
Runtime: 3602.3543487810093
Gap: 0.1401774574881892
repPt: {0: (50, 50), 6: (63.37744349821324, 54.09376311210449), 8: (65.63964002949763, 45.316208835798115), 5: (69.516965465376, 30.27763380895958), 7: (70.60918691790818, 26.03218853601728), 9: (83.45512414523385, 8.92157857274044), 10: (86.6682869039764, 17.869964055545847), 1: (88.68474932821462, 23.486386499146526), 2: (96.43975096607493, 46.86801842207987), 19: (75.49219207055717, 53.86366249688365), 20: (73.1926938075231, 70.82624449188862), 15: (70.97202475496951, 87.21071487029998), 16: (67.82204183110309, 110.44014972699388), 12: (43.38522477455769, 104.79102303727058), 11: (36.08760914756805, 80.57029749367022), 18: (28.26825377024192, 54.620592887667534), 17: (22.703755442874954, 36.147178328827195), 4: (9.465155057946001, 36.981153793064834), 3: (8.525949562681024, 17.82660282680152), 13: (33.79099711191395, 10.120279188244922), 14: (43.266799683290586, 33.439159363598584)}
solType: IP_TimeLimit
lowerBound: 328.73601968090077
upperBound: 382.33007792580077
Path: 
50 50
63.3774 54.0938
65.6396 45.3162
69.517 30.2776
70.6092 26.0322
83.4551 8.9216
86.6683 17.87
88.6847 23.4864
96.4398 46.868
75.4922 53.8637
73.1927 70.8262
70.972 87.2107
67.822 110.4401
43.3852 104.791
36.0876 80.5703
28.2683 54.6206
22.7038 36.1472
9.4652 36.9812
8.5259 17.8266
33.791 10.1203
43.2668 33.4392
50 50
