OFV: 319.83982686528907
Runtime: 3.916375569999218
Gap: 8.079545833897724e-09
repPt: {0: (50, 50), 4: (32.633704820033046, 40.36548787727208), 3: (28.220826624806243, 33.37698700431706), 7: (19.62209649487103, 42.50688997747312), 8: (19.186136363851304, 58.56573826257659), 1: (19.18613645087691, 58.565740571569854), 2: (19.98240479591525, 74.52848269921327), 9: (20.090825712259473, 76.6978159542701), 10: (21.641984811903313, 98.54054762334697), 11: (22.129868686699545, 100.58746179494392), 12: (29.906898118427947, 133.21339700672777), 6: (60.81924214224023, 119.31080949944679), 5: (63.55420285648987, 86.7986316769543), 14: (77.04891213779408, 54.90233935062184), 13: (73.57997975632135, 26.203779102867728), 15: (50.152912985029126, 17.6062017133973), 16: (50.01485464682879, 46.85395222524548)}
solType: IP_Optimal
lowerBound: 319.83982428112853
upperBound: 319.83982686528907
Path: 
50 50
32.6337 40.3655
28.2208 33.377
19.6221 42.5069
19.1861 58.5657
19.1861 58.5657
19.9824 74.5285
20.0908 76.6978
21.642 98.5405
22.1299 100.5875
29.9069 133.2134
60.8192 119.3108
63.5542 86.7986
77.0489 54.9023
73.58 26.2038
50.1529 17.6062
50.0149 46.854
50 50
