OFV: 250.8535983939991
Runtime: 2307.9165245780023
Gap: -1.2331397799762597e-07
repPt: {0: (50, 50), 9: (45.253112758950095, 43.4178035600443), 1: (46.21241534416405, 51.19639641162104), 2: (49.664028138335496, 68.86821342311993), 10: (50.65926214895467, 70.62249687512443), 11: (66.36591150462422, 98.37982544762231), 12: (69.46770143022304, 106.48198409028736), 8: (26.69957198104415, 79.43613330090582), 14: (26.493258501667775, 78.56092109902833), 13: (23.18248422485498, 64.58178350377811), 7: (13.094397084973053, 62.31687134919711), 16: (7.462981615631314, 61.05107037363768), 15: (8.680933572527929, 34.68561791816019), 3: (13.091365411215566, 21.489063419184266), 5: (16.889638452075445, 29.6948783108423), 6: (23.020074164425523, 42.91230023727314), 4: (23.5902496534994, 44.147857023271946)}
solType: IP_Optimal
lowerBound: 250.85362932775422
upperBound: 250.8535983939991
Path: 
50 50
45.2531 43.4178
46.2124 51.1964
49.664 68.8682
50.6593 70.6225
66.3659 98.3798
69.4677 106.482
26.6996 79.4361
26.4933 78.5609
23.1825 64.5818
13.0944 62.3169
7.463 61.0511
8.6809 34.6856
13.0914 21.4891
16.8896 29.6949
23.0201 42.9123
23.5902 44.1479
50 50
