OFV: 426.2321530075463
Runtime: 30.19952598097734
Gap: None
Path: 
50 50
36.1812 53.0331
36.1812 53.0331
34.3217 64.8769
31.6629 81.808
31.1972 84.7801
30.5965 88.6137
36.6766 114.5936
37.7249 119.067
24.4092 119.5652
16.8969 107.9332
13.0707 91.9734
12.3995 89.1735
17.6307 69.8465
17.3563 63.4215
16.9188 53.1517
16.1689 35.4946
20.3072 36.0527
22.7082 26.654
60.5783 12.8175
63.7564 32.0707
64.8358 38.6187
66.7852 50.4453
67.1766 52.8218
67.7237 56.1421
68.3813 60.1307
69.5277 67.0764
69.7407 67.0318
69.9544 66.9872
78.2716 65.2534
79.8333 71.1465
83.0039 83.118
77.561 84.916
79.5278 97.8533
80.01 100.3691
48.803 86.1748
47.9208 81.9592
46.288 74.157
46.277 74.1045
41.4052 50.8301
40.3667 45.8694
50 50
