OFV: 1312.883967014239
Runtime: 3.1502823210321367
Gap: None
repPt: {0: (50, 50), 33: (52.04712522757597, 52.17569997027383), 34: (59.01452274533406, 71.2046545141551), 50: (58.45672775834087, 68.12066969677235), 49: (54.97459254502452, 48.869684282318794), 73: (54.974595452683225, 48.86968533200442), 74: (59.735907160904986, 76.06817086399808), 79: (59.73590720207745, 76.06816187415326), 80: (65.79774072122505, 93.35795795286454), 86: (76.27448870219816, 97.91934704301575), 85: (72.1931682890762, 70.60200854350965), 41: (75.23921869530203, 73.05113792878558), 42: (86.46205654798025, 97.12021359670382), 24: (101.13953610283913, 104.67085058779968), 23: (98.11820666143717, 85.77935421158847), 55: (97.97397298320581, 84.87659271626025), 56: (99.17297095859539, 97.8086026986776), 62: (99.14779598067338, 97.36862835242523), 61: (98.14031061658592, 79.73162055711632), 6: (98.05584866789734, 78.25628842894733), 5: (96.76573924141081, 55.67932701696965), 98: (96.64212320434538, 53.51946282993164), 97: (95.19830095378573, 28.241438932857093), 4: (96.23414950089823, 28.224164839024887), 3: (95.87976773806, 14.382859584092552), 57: (95.29458100950639, 16.780234784388913), 58: (98.02675719902358, 39.58413048218909), 40: (98.87320680231315, 39.689678619042326), 39: (91.13732299727285, 6.097262714068214), 37: (90.5399559128195, 4.607312375215891), 38: (94.10787292107008, 34.88330425466339), 44: (96.09626545569552, 35.50280545351808), 43: (95.84581279124056, 23.77621447871702), 20: (88.55407879763452, 24.73390586869015), 19: (82.1004274352234, 7.117087830008961), 17: (82.59688372671637, 11.226358615277743), 18: (86.30190154657167, 41.89320269876687), 47: (84.4983290785658, 51.200113618587835), 48: (88.78487895656852, 85.3920653695001), 93: (77.13799666052871, 86.17983286899567), 94: (79.8165273456044, 104.0299828648904), 88: (79.94281053476927, 104.87286795535464), 87: (71.43200728943035, 76.65133216086932), 63: (71.31728303652316, 76.27083740171521), 64: (71.1658273052835, 87.2841542964953), 75: (60.67243402047223, 82.79057512377504), 76: (60.996986807875906, 102.30226285239051), 26: (57.89104271911046, 101.3488281456715), 25: (52.22160243939685, 84.58656020006782), 1: (51.40563221044435, 84.63351581067134), 2: (51.98247332439054, 108.69498816070907), 84: (23.3458403292953, 113.63507431855734), 83: (20.97709560801544, 81.97620545366335), 90: (22.173492447060955, 88.64656305354285), 89: (16.34980750329283, 55.8442885061979), 72: (15.824441672051504, 53.1008470232874), 71: (11.345044279746151, 29.708747393029736), 82: (9.957036817008673, 22.460423202904426), 81: (7.226103628243348, 8.19908974961424), 29: (6.679904841752288, 10.446651314870245), 30: (6.834656280644735, 33.10302357598814), 31: (6.844856084215329, 32.999493148608934), 32: (8.512387288645712, 59.30409252833707), 28: (5.470250255667473, 55.532607016213774), 27: (1.8879293070096856, 42.480099726732334), 13: (2.2923623573566885, 42.783315854654575), 14: (5.86245717005958, 76.014673357285), 51: (2.7978332349709563, 73.13908033611034), 52: (8.118883265868202, 89.97051324248119), 10: (11.62470666762402, 93.09933146385586), 9: (14.23423412561484, 69.27913380459253), 100: (14.304418682115731, 68.63723462302214), 99: (14.288217940260564, 40.35635665630149), 59: (14.287177744234016, 38.574910653174285), 60: (19.602576421101347, 58.69183695885746), 95: (19.8506347628419, 59.63088332726959), 96: (23.857936749823825, 74.79732332436654), 46: (25.923594708462097, 72.66352577806606), 45: (26.05925216515069, 55.40674439366132), 8: (26.059252046805703, 55.406720875574116), 7: (25.615377997987505, 39.28913682975918), 70: (29.44095795468901, 41.57870331514826), 69: (29.78675555885619, 19.532413655663433), 12: (30.925953009724026, 19.75736305027058), 11: (31.2994235781185, 5.692834935221885), 65: (31.304578182354287, 5.498176679879869), 66: (34.253602988544166, 36.05559472995854), 53: (35.69303063239228, 34.48942908543242), 54: (39.39767520861635, 52.9017436055774), 68: (39.892717915353934, 55.36210815895684), 67: (36.35037841090343, 38.67067311527854), 78: (37.093742026333075, 39.8103723285), 77: (38.13049910166099, 9.1113889339613), 15: (48.13811058311475, 4.021697099155785), 16: (51.91842490236164, 20.007962138938026), 21: (53.31902748478743, 16.475711669945966), 22: (55.578977112145715, 34.742749459358755), 92: (51.90733622656158, 32.868333988346286), 91: (45.480063111403204, 17.1968088549692), 35: (45.66982229830416, 18.57422026957036), 36: (49.100624654431684, 43.47260720718922)}
lowerBound: 1312.8838802118091
upperBound: 1312.883967014239
solType: IP_Optimal
Path: 
50 50
52.0471 52.1757
59.0145 71.2047
58.4567 68.1207
54.9746 48.8697
54.9746 48.8697
59.7359 76.0682
59.7359 76.0682
65.7977 93.358
76.2745 97.9193
72.1932 70.602
75.2392 73.0511
86.4621 97.1202
101.1395 104.6709
98.1182 85.7794
97.974 84.8766
99.173 97.8086
99.1478 97.3686
98.1403 79.7316
98.0558 78.2563
96.7657 55.6793
96.6421 53.5195
95.1983 28.2414
96.2341 28.2242
95.8798 14.3829
95.2946 16.7802
98.0268 39.5841
98.8732 39.6897
91.1373 6.0973
90.54 4.6073
94.1079 34.8833
96.0963 35.5028
95.8458 23.7762
88.5541 24.7339
82.1004 7.1171
82.5969 11.2264
86.3019 41.8932
84.4983 51.2001
88.7849 85.3921
77.138 86.1798
79.8165 104.03
79.9428 104.8729
71.432 76.6513
71.3173 76.2708
71.1658 87.2842
60.6724 82.7906
60.997 102.3023
57.891 101.3488
52.2216 84.5866
51.4056 84.6335
51.9825 108.695
23.3458 113.6351
20.9771 81.9762
22.1735 88.6466
16.3498 55.8443
15.8244 53.1008
11.345 29.7087
9.957 22.4604
7.2261 8.1991
6.6799 10.4467
6.8347 33.103
6.8449 32.9995
8.5124 59.3041
5.4703 55.5326
1.8879 42.4801
2.2924 42.7833
5.8625 76.0147
2.7978 73.1391
8.1189 89.9705
11.6247 93.0993
14.2342 69.2791
14.3044 68.6372
14.2882 40.3564
14.2872 38.5749
19.6026 58.6918
19.8506 59.6309
23.8579 74.7973
25.9236 72.6635
26.0593 55.4067
26.0593 55.4067
25.6154 39.2891
29.441 41.5787
29.7868 19.5324
30.926 19.7574
31.2994 5.6928
31.3046 5.4982
34.2536 36.0556
35.693 34.4894
39.3977 52.9017
39.8927 55.3621
36.3504 38.6707
37.0937 39.8104
38.1305 9.1114
48.1381 4.0217
51.9184 20.008
53.319 16.4757
55.579 34.7427
51.9073 32.8683
45.4801 17.1968
45.6698 18.5742
49.1006 43.4726
50 50
