OFV: 959.8780997585009
Runtime: 3601.74249376799
Gap: None
repPt: {0: (50, 50), 19: (49.801862525641454, 50.78174918322704), 20: (44.004536739575364, 73.65320068964576), 75: (39.22620735046687, 69.74730901091769), 76: (37.47240340200404, 90.12114922110315), 99: (37.40962753605123, 90.85808931744295), 100: (36.163548658345064, 105.34577564631348), 82: (29.491385993855005, 105.3518553395751), 81: (24.020063504300772, 101.29954356773749), 74: (21.568973930128276, 103.02878850907378), 73: (20.124175346296326, 94.80468051520549), 14: (29.99149478345405, 99.13253276272242), 13: (27.367225460664066, 72.18214511757374), 96: (24.55613973434524, 76.32386738371703), 95: (23.95742319872818, 69.64590639501165), 6: (23.906338565921956, 69.06997040654176), 5: (21.701617032159806, 44.5161094786733), 83: (21.553685314127037, 42.85930732524935), 84: (22.91502287617671, 53.569645026007336), 33: (22.446818414955228, 50.58531505738834), 34: (17.750072987696974, 66.56985244668262), 42: (15.127012999903286, 67.71294924870914), 41: (13.96819784385358, 51.153024500152725), 24: (13.875042418221366, 49.79818733935561), 23: (12.999401574508424, 37.28247956162916), 54: (14.381922538918698, 34.092051652260906), 53: (18.049179404630014, 25.654006463016216), 50: (19.737821945258997, 22.732184100527633), 49: (25.809173455530424, 12.262166177180514), 29: (25.809211358196166, 12.262171189711665), 30: (31.950938199798504, 25.203226250357584), 93: (32.02695427758283, 25.364522297804395), 94: (39.87144247538662, 47.63801724123586), 43: (40.6767215800244, 41.48985556725916), 44: (46.14366585804686, 64.0403889464225), 28: (46.143694612716864, 64.04039437528215), 27: (49.681968864444315, 41.04078575858644), 78: (49.746129018205465, 40.62175073207992), 77: (52.434833942263545, 23.14432016213558), 1: (52.457716007998634, 22.995254281241053), 2: (55.7755596411922, 37.410081906352005), 59: (59.7299473615401, 25.99622213847736), 60: (65.07270699375034, 38.65698571546859), 56: (65.27903908572306, 39.145740734397535), 55: (65.08657989720469, 20.899711725975756), 16: (65.0829358994389, 20.440866545238933), 15: (64.97198889141252, 9.987954472868516), 69: (69.70693738348093, 9.177033155462627), 70: (75.2672483312158, 21.562423022093355), 57: (75.38712128507566, 20.794109047452473), 58: (81.2477424148176, 45.078530378883194), 97: (81.69783413282374, 45.11466027571471), 98: (84.70053767112677, 47.87518966785009), 64: (84.6132385604642, 46.392211738268486), 63: (82.89191210142987, 16.864999927743696), 45: (84.34283955803494, 15.991190685364447), 46: (88.20836037303971, 26.84683140522976), 85: (89.03570103723092, 25.565762036379297), 86: (91.7595546117912, 40.44133081748336), 7: (91.75957224465634, 40.44127749113032), 8: (92.96115832017098, 52.25540449330883), 37: (92.97963597572091, 52.440476110247104), 38: (95.4587516374623, 76.80368218494138), 31: (95.45875051797564, 76.80373034666407), 32: (97.17953455480247, 89.8062430582325), 90: (98.86288903716625, 93.07336628634579), 89: (97.23552915084645, 73.88973913245731), 10: (97.14314361062127, 72.8234624645406), 9: (96.42008693692989, 64.3003551125218), 68: (96.28278296732378, 62.709490914000234), 67: (95.05700681285217, 48.25552084391836), 40: (95.02303934673327, 47.86659713578397), 39: (93.75651221180077, 32.96914569482921), 48: (94.11714642068621, 36.45886374479237), 47: (89.80934526847847, 23.616550331381934), 66: (89.6177741709307, 23.047122278914497), 65: (85.50256880491766, 10.780435045012872), 79: (79.96373537197788, 11.335719922865932), 80: (77.84916699971362, 33.521336217660874), 35: (75.74393105507733, 31.750847970385628), 36: (75.71348542251071, 40.42668153248815), 11: (76.37280440104479, 39.483568040710566), 12: (79.02321451588541, 63.225462202622936), 25: (79.09342906300301, 63.853153855046166), 26: (81.02020770842147, 81.11262384855493), 61: (81.85493548450252, 77.57021461440362), 62: (83.06029519756693, 103.07411379226365), 51: (77.3869741678831, 93.01773518042992), 52: (76.31122505566265, 111.83595306642394), 72: (68.07462611612151, 125.51702620489509), 71: (63.985690876270674, 102.44758144975991), 18: (63.96651103312892, 102.34055541286905), 17: (59.8597934896899, 79.17066249535556), 21: (59.75043020099971, 79.46318917279048), 22: (55.42192849197666, 91.00390275667164), 92: (54.4155838126099, 92.61678147575242), 91: (51.38994216998625, 88.99942214801038), 88: (50.957697222099306, 89.54563318355729), 87: (52.095180124323164, 65.1128460518339), 4: (52.19108558423751, 62.98530667347953), 3: (52.78689820421532, 50.171570364105264)}
lowerBound: 933.9437005888461
upperBound: 959.8780997585009
solType: IP_TimeLimit
Path: 
50 50
49.8019 50.7817
44.0045 73.6532
39.2262 69.7473
37.4724 90.1211
37.4096 90.8581
36.1635 105.3458
29.4914 105.3519
24.0201 101.2995
21.569 103.0288
20.1242 94.8047
29.9915 99.1325
27.3672 72.1821
24.5561 76.3239
23.9574 69.6459
23.9063 69.07
21.7016 44.5161
21.5537 42.8593
22.915 53.5696
22.4468 50.5853
17.7501 66.5699
15.127 67.7129
13.9682 51.153
13.875 49.7982
12.9994 37.2825
14.3819 34.0921
18.0492 25.654
19.7378 22.7322
25.8092 12.2622
25.8092 12.2622
31.9509 25.2032
32.027 25.3645
39.8714 47.638
40.6767 41.4899
46.1437 64.0404
46.1437 64.0404
49.682 41.0408
49.7461 40.6218
52.4348 23.1443
52.4577 22.9953
55.7756 37.4101
59.7299 25.9962
65.0727 38.657
65.279 39.1457
65.0866 20.8997
65.0829 20.4409
64.972 9.988
69.7069 9.177
75.2672 21.5624
75.3871 20.7941
81.2477 45.0785
81.6978 45.1147
84.7005 47.8752
84.6132 46.3922
82.8919 16.865
84.3428 15.9912
88.2084 26.8468
89.0357 25.5658
91.7596 40.4413
91.7596 40.4413
92.9612 52.2554
92.9796 52.4405
95.4588 76.8037
95.4588 76.8037
97.1795 89.8062
98.8629 93.0734
97.2355 73.8897
97.1431 72.8235
96.4201 64.3004
96.2828 62.7095
95.057 48.2555
95.023 47.8666
93.7565 32.9691
94.1171 36.4589
89.8093 23.6166
89.6178 23.0471
85.5026 10.7804
79.9637 11.3357
77.8492 33.5213
75.7439 31.7508
75.7135 40.4267
76.3728 39.4836
79.0232 63.2255
79.0934 63.8532
81.0202 81.1126
81.8549 77.5702
83.0603 103.0741
77.387 93.0177
76.3112 111.836
68.0746 125.517
63.9857 102.4476
63.9665 102.3406
59.8598 79.1707
59.7504 79.4632
55.4219 91.0039
54.4156 92.6168
51.3899 88.9994
50.9577 89.5456
52.0952 65.1128
52.1911 62.9853
52.7869 50.1716
50 50
