OFV: 240.68576969002726
Runtime: 3613.3249713729892
Gap: 0.06219693469550773
repPt: {0: (50, 50), 3: (41.21721747401666, 65.49569233499899), 4: (34.039951413849565, 78.16045988179597), 13: (16.557023913148473, 80.14477717734565), 1: (10.758717777668785, 85.64609757023938), 2: (12.247293503561925, 100.81907829959107), 14: (16.843800509319497, 99.52482775148079), 6: (43.26865366804769, 92.07737600686492), 5: (48.38461878697009, 84.8837350979778), 10: (73.41824470455244, 85.88634784808661), 9: (77.20353009211615, 71.10372845534582), 18: (79.66722348496364, 61.479323845341675), 12: (80.71431471460924, 55.952525200528505), 11: (79.91062889554155, 42.47310607225434), 17: (75.81237169666875, 38.86786754278685), 7: (58.6075496233723, 23.739347692715075), 15: (58.607509027895745, 23.739344257066435), 16: (56.4707631771931, 41.92021738503457), 8: (56.45286683178233, 42.073339906713485)}
solType: IP_TimeLimit
lowerBound: 225.71585259047862
upperBound: 240.68576969002726
Path: 
50 50
41.2172 65.4957
34.04 78.1605
16.557 80.1448
10.7587 85.6461
12.2473 100.8191
16.8438 99.5248
43.2687 92.0774
48.3846 84.8837
73.4182 85.8863
77.2035 71.1037
79.6672 61.4793
80.7143 55.9525
79.9106 42.4731
75.8124 38.8679
58.6075 23.7393
58.6075 23.7393
56.4708 41.9202
56.4529 42.0733
50 50
