OFV: 388.0172198541892
Runtime: 0.03837834997102618
Gap: None
repPt: {0: (50, 50), 10: (33.336690636109324, 38.249988979562296), 9: (27.939609507848033, 20.099998413118016), 20: (39.1440986475933, 24.376957647708092), 19: (41.61344060083286, 11.723973217744987), 7: (44.35615856395285, 11.466484437225986), 8: (48.162312445987496, 36.080526338892504), 12: (67.51520300731103, 27.91899323834126), 11: (67.78288785324389, 12.926004608221058), 1: (83.77535653437751, 3.7401497826876753), 2: (85.26147685979926, 28.62902830067136), 3: (67.01791410475546, 49.47001658441915), 4: (63.60722050287158, 71.27752567370949), 17: (48.78566081507149, 86.9368715050784), 18: (46.3161054422739, 101.68861387012926), 14: (22.92506540562644, 88.2824314109021), 13: (16.851675233648756, 77.59633096036836), 6: (8.314184464942866, 89.66354377059703), 5: (4.237055879140042, 69.84950224386918), 16: (36.940139937405725, 65.81895060188367), 15: (38.94835395845055, 54.76687802912412)}
lowerBound: 388.01721310085134
upperBound: 388.0172198541892
solType: IP_Optimal
Path: 
50 50
33.3367 38.25
27.9396 20.1
39.1441 24.377
41.6134 11.724
44.3562 11.4665
48.1623 36.0805
67.5152 27.919
67.7829 12.926
83.7754 3.7401
85.2615 28.629
67.0179 49.47
63.6072 71.2775
48.7857 86.9369
46.3161 101.6886
22.9251 88.2824
16.8517 77.5963
8.3142 89.6635
4.2371 69.8495
36.9401 65.819
38.9484 54.7669
50 50
