OFV: 666.8971843679749
Runtime: 266.5163899390027
Gap: None
Path: 
50 50
33.641 45.434
30.1747 45.4216
30.281 47.3172
30.5825 52.7214
30.9524 59.3637
31.1643 63.1544
31.37 66.8347
37.6705 64.8239
37.8764 70.7843
38.1304 78.292
38.3871 85.7658
26.5439 79.4853
27.2221 89.3068
27.3127 90.6239
27.7001 96.2718
27.336 101.0136
27.0817 104.3287
25.522 124.469
21.8815 122.5465
19.6971 114.2755
17.523 106.036
16.1152 98.8545
15.9585 98.0558
14.2025 89.0988
13.7437 86.7595
12.0632 78.1836
12.0286 75.2944
11.9784 71.0999
11.8998 64.4591
11.8228 57.9642
11.4071 55.2132
9.7876 44.4677
18.1321 49.2006
17.9339 46.8075
17.6416 43.2755
17.4316 40.739
16.9143 34.4712
16.1863 25.637
16.0851 24.4179
15.9993 23.3861
15.6431 19.0777
15.1229 12.7781
14.9606 10.8232
14.9438 10.623
7.3433 9.009
7.4572 16.8497
7.5944 26.3549
7.7483 37.1165
7.7681 38.4213
7.7901 39.8801
35.3478 14.8505
36.3232 18.0215
38.1182 23.8515
40.1169 30.3422
41.4312 34.6154
43.6759 41.902
44.384 44.2069
45.4657 47.7253
46.705 51.7553
47.709 55.0216
49.0812 59.4825
49.5586 62.4842
50.391 67.7405
51.5014 74.7454
52.4551 80.7676
53.097 84.8259
53.6666 88.428
55.2242 98.262
57.2556 111.067
62.2748 115.617
66.0233 114.1691
66.4812 109.4111
67.1679 102.3208
67.7762 96.0118
68.3862 89.6857
68.5044 88.4516
68.3718 83.1388
68.2654 78.9749
68.1562 74.6833
68.0387 70.0376
67.9632 67.1083
67.8774 63.762
71.2999 45.5383
71.2999 45.5383
86.3103 36.1626
86.4371 36.7223
88.9622 47.8069
90.2393 53.4278
92.4878 63.3051
94.0156 79.4814
94.3666 83.1905
94.8798 88.6198
95.1686 91.673
93.4949 94.5008
89.3799 88.0116
88.4793 81.236
87.1027 70.8434
85.8571 61.4518
85.2177 56.6135
81.4282 55.9032
50 50
