OFV: 1168.6582463052
Runtime: 1.484759580111131
Gap: None
repPt: {0: (50, 50), 71: (50.0017460656758, 50.0147783740369), 72: (53.098954397424556, 76.17908173317201), 69: (53.255061203382134, 77.4982688165898), 70: (57.13668124922664, 110.28578551264417), 64: (63.3881461032404, 108.35969819809476), 63: (61.02026876268487, 87.85038217094042), 26: (57.0650932371895, 89.27979061445312), 25: (46.85146436412306, 61.59168924543199), 11: (28.741670992082234, 56.268173971000195), 12: (29.715145256189835, 82.49894014485919), 58: (28.450097347221416, 87.71042667523704), 57: (20.780389435345377, 69.81824897900967), 61: (9.952398943498283, 63.903912484797694), 62: (12.648561186745583, 91.96240449070388), 36: (7.559077942886076, 102.33533361859628), 35: (3.581167909941473, 75.83598533164374), 24: (7.5072333392231005, 71.30434751017805), 23: (8.248115749661768, 49.47161148528769), 74: (12.101173450822117, 53.07115827154338), 73: (15.27069578286707, 30.66652260697584), 55: (23.93042152125537, 22.345433814661423), 56: (32.072360855407965, 40.42240318114114), 52: (33.20477205316733, 42.93668602434002), 51: (30.101224846685263, 26.15121233992162), 54: (30.06694572001703, 25.965821273756113), 53: (27.179772756190086, 10.35035645328248), 27: (35.10441546904657, 16.30587229754948), 28: (41.74732084308383, 33.661379514699995), 68: (53.4627217064818, 34.109377199654375), 67: (55.16973773117095, 20.902795245198845), 34: (62.94228981322421, 27.62481345534087), 33: (61.55011683659196, 10.59021025390764), 9: (64.49146523962261, 11.028404836728681), 10: (72.81716715370096, 43.43188865432599), 15: (72.86245384524089, 43.608150511875444), 16: (81.68473199846134, 77.94269876236649), 37: (81.8419802866185, 78.55469062077813), 38: (88.57217383707645, 104.74708243873143), 77: (82.76624901698332, 90.10049348283566), 78: (85.921193103098, 112.61738863195642), 30: (91.95844302266649, 107.87796739295447), 29: (94.09697905613788, 81.9794264946385), 76: (96.87692960485677, 76.12497447082559), 75: (97.21317158273291, 44.724753902001495), 3: (97.21986967304791, 44.099934198627196), 4: (97.78157137951966, 67.53890408692533), 6: (98.1306005135123, 66.5726284782384), 5: (96.33646583662107, 36.98107207909955), 50: (96.92597064827004, 40.53768736057477), 49: (94.27662153491458, 23.37626548201577), 31: (94.61837818171028, 26.83736928138921), 32: (97.51592884155815, 56.165955799833384), 8: (97.51595110859233, 56.165983807505796), 7: (95.50783802750907, 33.11906008911044), 48: (95.14355378220976, 33.70990275155283), 47: (85.4106849322283, 10.029500531009633), 39: (83.258683128066, 6.342697074955684), 40: (85.00757010930216, 20.581003452131508), 59: (82.65414554846556, 14.003663977069245), 60: (85.23426409240865, 29.536372144755678), 79: (84.21177920541855, 22.67160527089061), 80: (86.48617693054591, 40.413779067869804), 45: (86.48619105133173, 40.41386362667668), 46: (87.79717210250774, 54.44264262231055), 2: (82.46560984604841, 62.17477119991556), 1: (78.06442343854516, 34.23308624608215), 43: (74.24788603986626, 30.81103803735442), 44: (72.15229434937227, 47.34232484823213), 17: (70.77264932234317, 52.80416658117643), 18: (69.90595775370339, 91.81130400566471), 20: (69.83397713718367, 92.50019241381239), 19: (68.30269037909851, 73.59824193253989), 14: (68.28420739845414, 75.10118204719832), 13: (68.81853285703605, 62.8947116923553), 66: (70.8199528326581, 64.31455406103724), 65: (65.16486611783162, 40.69006832642861), 21: (64.82784856283861, 39.28203207894292), 22: (64.3249721028939, 70.81373128690542), 42: (63.51193702730844, 74.1020890436977), 41: (57.95410618236369, 41.2782744221642)}
lowerBound: 1168.657941354409
upperBound: 1168.6582463052
solType: IP_Optimal
Path: 
50 50
50.0017 50.0148
53.099 76.1791
53.2551 77.4983
57.1367 110.2858
63.3881 108.3597
61.0203 87.8504
57.0651 89.2798
46.8515 61.5917
28.7417 56.2682
29.7151 82.4989
28.4501 87.7104
20.7804 69.8182
9.9524 63.9039
12.6486 91.9624
7.5591 102.3353
3.5812 75.836
7.5072 71.3043
8.2481 49.4716
12.1012 53.0712
15.2707 30.6665
23.9304 22.3454
32.0724 40.4224
33.2048 42.9367
30.1012 26.1512
30.0669 25.9658
27.1798 10.3504
35.1044 16.3059
41.7473 33.6614
53.4627 34.1094
55.1697 20.9028
62.9423 27.6248
61.5501 10.5902
64.4915 11.0284
72.8172 43.4319
72.8625 43.6082
81.6847 77.9427
81.842 78.5547
88.5722 104.7471
82.7662 90.1005
85.9212 112.6174
91.9584 107.878
94.097 81.9794
96.8769 76.125
97.2132 44.7248
97.2199 44.0999
97.7816 67.5389
98.1306 66.5726
96.3365 36.9811
96.926 40.5377
94.2766 23.3763
94.6184 26.8374
97.5159 56.166
97.516 56.166
95.5078 33.1191
95.1436 33.7099
85.4107 10.0295
83.2587 6.3427
85.0076 20.581
82.6541 14.0037
85.2343 29.5364
84.2118 22.6716
86.4862 40.4138
86.4862 40.4139
87.7972 54.4426
82.4656 62.1748
78.0644 34.2331
74.2479 30.811
72.1523 47.3423
70.7726 52.8042
69.906 91.8113
69.834 92.5002
68.3027 73.5982
68.2842 75.1012
68.8185 62.8947
70.82 64.3146
65.1649 40.6901
64.8278 39.282
64.325 70.8137
63.5119 74.1021
57.9541 41.2783
50 50
