OFV: 394.9283827358023
Runtime: 3608.6143906040015
Gap: 0.055135177214696685
repPt: {0: (50, 50), 3: (13.998811591769359, 26.487001811833807), 4: (14.205127969334665, 48.95400609556701), 9: (14.30072718737727, 59.67459703680326), 13: (14.581736350402341, 90.17301101858567), 10: (15.37062262282302, 94.99017965958134), 14: (18.337191221511542, 113.03420313838141), 6: (55.13126965445967, 97.89796635549591), 16: (56.508663788775834, 94.3632155336611), 5: (56.99381643471266, 83.89776238885585), 15: (57.47394751206846, 73.5355560991861), 19: (71.34699669308344, 86.65711669557061), 1: (73.83040589380172, 89.00204718020954), 20: (78.24832565438801, 104.33373328912124), 2: (83.96733523416258, 119.65691524915445), 12: (85.63158682175109, 120.84417277851159), 11: (85.90848824348241, 90.58866671536698), 18: (93.78212772198142, 88.16394122896456), 17: (91.85297826080811, 58.448540373046164), 8: (90.88037643991875, 43.58549130111373), 7: (89.88467997278232, 28.377934459728507)}
solType: IP_TimeLimit
lowerBound: 373.1539363665503
upperBound: 394.9283827358023
Path: 
50 50
13.9988 26.487
14.2051 48.954
14.3007 59.6746
14.5817 90.173
15.3706 94.9902
18.3372 113.0342
55.1313 97.898
56.5087 94.3632
56.9938 83.8978
57.4739 73.5356
71.347 86.6571
73.8304 89.002
78.2483 104.3337
83.9673 119.6569
85.6316 120.8442
85.9085 90.5887
93.7821 88.1639
91.853 58.4485
90.8804 43.5855
89.8847 28.3779
50 50
