OFV: 1014.7996576151862
Runtime: 3601.815304192016
Gap: None
repPt: {0: (50, 50), 87: (52.17995779719938, 55.80905120243256), 88: (54.66521749667036, 62.427240488366486), 27: (64.22479795686019, 58.0362585807791), 28: (71.20588436704593, 84.05098652926709), 91: (68.64954632928264, 82.73330099168574), 92: (68.3045337846698, 93.710702202958), 31: (69.23089521934786, 91.84410192380746), 32: (69.94447528605905, 110.8408921256655), 26: (68.50068659614361, 102.84350528889816), 25: (63.69045159785213, 76.24313300692724), 51: (63.73438833432046, 76.8130269413704), 52: (65.78144663513379, 103.58603141765337), 5: (65.78144368404375, 103.58603460507591), 6: (64.95780030629624, 120.142414122816), 86: (62.857371745412365, 121.64073974437879), 85: (57.04740628495002, 104.36807762346986), 12: (54.844896875260304, 106.9115871370854), 11: (52.66084201777914, 101.03793550575432), 8: (52.61079195471458, 100.90328953805097), 7: (48.703003758453406, 90.39369667861763), 74: (48.36956852754299, 91.10034570710984), 73: (42.509613915871924, 78.01149455311247), 98: (42.241539219606416, 80.6139393706074), 97: (42.62803771678733, 64.03222888951777), 33: (42.628050492110376, 64.03219403609803), 34: (40.20248182405331, 84.01109769661343), 57: (38.359923999185845, 84.42983412908387), 58: (31.59554433980713, 96.20537141749237), 47: (17.4455079997675, 103.99864199755463), 48: (15.948686898394255, 114.00163559499204), 84: (15.893737883127837, 113.71766508456537), 83: (12.439767431076527, 95.9385320937512), 82: (18.891290132458884, 93.80898263333161), 81: (14.820803585639158, 70.71397855713326), 65: (14.765243686109375, 70.39804933707966), 66: (13.267933873459908, 82.08363116405653), 42: (12.69971866997326, 82.90000000565334), 41: (10.655780582086193, 79.95908009091298), 20: (10.655767131863115, 79.95908013602684), 19: (10.139583537531852, 68.4000703095535), 54: (10.043126565080176, 66.26681354170859), 53: (8.989523244712878, 42.691548917296146), 46: (8.924727891633447, 41.26082062420981), 45: (8.159970998800112, 24.13251167466591), 18: (18.266840388659805, 25.35048748765115), 17: (20.54899109054575, 13.348499944702038), 29: (20.5490085970635, 13.348503220979946), 30: (21.43705611524275, 23.93577251342535), 9: (21.74387521991588, 27.612028806946018), 10: (24.08406452015322, 55.53819517881388), 77: (24.884452983737717, 54.00592476610798), 78: (22.316455982787268, 67.1617677361706), 96: (21.820909515471964, 69.7034866550564), 95: (18.782597274675698, 46.38755283927294), 37: (18.782607627467886, 46.38754489125844), 38: (22.948014560964126, 57.64363994123947), 50: (23.181229216551824, 58.274532067015805), 49: (24.56609449185033, 36.126825849856225), 44: (44.4350519643273, 36.331188417497486), 43: (49.9880039686669, 21.410730206496517), 4: (60.363559265865824, 17.836981475112058), 3: (63.320985397691935, 9.392691394413582), 21: (65.07620534084094, 11.531133878339084), 22: (74.65601377683015, 23.194848622327008), 15: (85.63571665151741, 27.235168774822057), 16: (95.70376149871898, 55.103659699065055), 64: (97.17263121704089, 59.17218206175113), 63: (91.03197984819886, 44.321583015915735), 61: (90.97037700891208, 44.172426835803805), 62: (93.20956500320996, 62.848788950456324), 13: (90.67559690665286, 61.53823567096153), 14: (89.37412658454906, 70.01887632285477), 94: (89.16036878320897, 71.41440122209315), 93: (90.0286118674115, 67.33575836995536), 79: (90.22480851294011, 67.50553872538161), 80: (93.07092839162631, 76.98931658286169), 35: (92.4537519659767, 76.09194313052994), 36: (92.345748554878, 91.10146372372704), 99: (92.336101715302, 92.53315303456736), 100: (92.22149433658711, 108.46872835140125), 40: (91.98401636125028, 107.66675230664616), 39: (86.69621689788508, 89.80074286671423), 56: (87.8855232503395, 92.1295888998215), 55: (83.51488218628903, 73.63411530204635), 67: (83.56470352799181, 73.8754132041463), 68: (85.97918066278226, 85.52900866895456), 69: (83.14349127224439, 79.02771079443949), 70: (83.75784022683197, 98.00144367752229), 1: (83.75099551183742, 97.04807934891596), 2: (89.3322510256537, 120.277818299588), 72: (88.54531221103707, 116.69550982767593), 71: (82.21985996269551, 87.8684289334918), 24: (82.21985833650501, 87.86842307020615), 23: (77.76756148034491, 64.20377756518235), 60: (77.67765091398033, 63.7275099303426), 59: (72.61524862320748, 36.822239466841154), 90: (67.94176110910001, 39.79525015444016), 89: (61.233158071918126, 28.370894951938503), 75: (60.70161753648376, 28.202362128436825), 76: (57.47946760006583, 45.665708356935085)}
lowerBound: 983.3514337950917
upperBound: 1014.7996576151862
solType: IP_TimeLimit
Path: 
50 50
52.18 55.8091
54.6652 62.4272
64.2248 58.0363
71.2059 84.051
68.6495 82.7333
68.3045 93.7107
69.2309 91.8441
69.9445 110.8409
68.5007 102.8435
63.6905 76.2431
63.7344 76.813
65.7814 103.586
65.7814 103.586
64.9578 120.1424
62.8574 121.6407
57.0474 104.3681
54.8449 106.9116
52.6608 101.0379
52.6108 100.9033
48.703 90.3937
48.3696 91.1003
42.5096 78.0115
42.2415 80.6139
42.628 64.0322
42.6281 64.0322
40.2025 84.0111
38.3599 84.4298
31.5955 96.2054
17.4455 103.9986
15.9487 114.0016
15.8937 113.7177
12.4398 95.9385
18.8913 93.809
14.8208 70.714
14.7652 70.398
13.2679 82.0836
12.6997 82.9
10.6558 79.9591
10.6558 79.9591
10.1396 68.4001
10.0431 66.2668
8.9895 42.6915
8.9247 41.2608
8.16 24.1325
18.2668 25.3505
20.549 13.3485
20.549 13.3485
21.4371 23.9358
21.7439 27.612
24.0841 55.5382
24.8845 54.0059
22.3165 67.1618
21.8209 69.7035
18.7826 46.3876
18.7826 46.3875
22.948 57.6436
23.1812 58.2745
24.5661 36.1268
44.4351 36.3312
49.988 21.4107
60.3636 17.837
63.321 9.3927
65.0762 11.5311
74.656 23.1948
85.6357 27.2352
95.7038 55.1037
97.1726 59.1722
91.032 44.3216
90.9704 44.1724
93.2096 62.8488
90.6756 61.5382
89.3741 70.0189
89.1604 71.4144
90.0286 67.3358
90.2248 67.5055
93.0709 76.9893
92.4538 76.0919
92.3457 91.1015
92.3361 92.5332
92.2215 108.4687
91.984 107.6668
86.6962 89.8007
87.8855 92.1296
83.5149 73.6341
83.5647 73.8754
85.9792 85.529
83.1435 79.0277
83.7578 98.0014
83.751 97.0481
89.3323 120.2778
88.5453 116.6955
82.2199 87.8684
82.2199 87.8684
77.7676 64.2038
77.6777 63.7275
72.6152 36.8222
67.9418 39.7953
61.2332 28.3709
60.7016 28.2024
57.4795 45.6657
50 50
