OFV: 623.0676024576005
Runtime: 0.37815888691693544
Gap: None
repPt: {0: (50, 50), 32: (49.326915192294955, 47.81420067186187), 31: (41.926909299206685, 23.792108237206705), 26: (25.884271158115833, 24.55513325393951), 25: (18.729937473897497, 15.399813524070872), 15: (10.084147083525153, 9.139241093487833), 16: (11.98771702189836, 29.06814602430827), 29: (33.40093578254067, 41.053046582841915), 30: (33.786383668118845, 76.2488915395602), 8: (28.998779030198698, 80.04583386803091), 7: (23.416606505453856, 67.38691646991585), 21: (8.65799695241991, 61.392816349102944), 22: (14.77093367428234, 87.04258956904533), 39: (29.373143973748657, 97.84096765629565), 40: (40.58088322914266, 111.21337432775938), 38: (46.98005441533522, 113.5814499828845), 37: (50.48594905134703, 91.88868242150771), 20: (50.48595850115864, 91.88868530274617), 19: (47.155164584901094, 63.05570509344325), 10: (56.74448279826717, 70.48848743844884), 9: (57.29560215594142, 43.219728396193226), 12: (79.11964950614255, 32.91547340941701), 11: (84.21136844539659, 19.250296735761903), 23: (88.87184731459898, 6.746695226789629), 24: (89.75316164233189, 20.539089573074214), 17: (90.1931882213328, 27.35752369001032), 18: (91.1055819566613, 41.73567764102617), 3: (91.5915512100267, 58.7099221770624), 4: (92.86986796963683, 73.43391123016086), 35: (92.9418033036001, 73.454943356694), 36: (93.59632582058357, 95.24905560054253), 28: (89.86693624328582, 98.65187291561428), 27: (87.90663347379845, 88.66835124454542), 1: (90.18823591104723, 89.98425013941339), 2: (96.0510898370187, 114.79157551243865), 14: (75.67222308935234, 112.60226921271637), 13: (72.6391426347193, 91.46503501702504), 6: (73.87467593772064, 90.5009535764233), 5: (70.62930231808265, 65.39378734413921), 34: (69.12821882217459, 65.72984372155867), 33: (60.406569500082476, 50.37482376737306)}
lowerBound: 623.067565061886
upperBound: 623.0676024576005
solType: IP_Optimal
Path: 
50 50
49.3269 47.8142
41.9269 23.7921
25.8843 24.5551
18.7299 15.3998
10.0841 9.1392
11.9877 29.0681
33.4009 41.053
33.7864 76.2489
28.9988 80.0458
23.4166 67.3869
8.658 61.3928
14.7709 87.0426
29.3731 97.841
40.5809 111.2134
46.9801 113.5814
50.4859 91.8887
50.486 91.8887
47.1552 63.0557
56.7445 70.4885
57.2956 43.2197
79.1196 32.9155
84.2114 19.2503
88.8718 6.7467
89.7532 20.5391
90.1932 27.3575
91.1056 41.7357
91.5916 58.7099
92.8699 73.4339
92.9418 73.4549
93.5963 95.2491
89.8669 98.6519
87.9066 88.6684
90.1882 89.9843
96.0511 114.7916
75.6722 112.6023
72.6391 91.465
73.8747 90.501
70.6293 65.3938
69.1282 65.7298
60.4066 50.3748
50 50
