OFV: 264.0537282043366
Runtime: 7.839163128999644
Gap: -3.851796165897687e-08
repPt: {0: (50, 50), 8: (57.475948195400456, 48.994921949016465), 4: (65.73326347653666, 42.09054796343605), 3: (65.2738673825456, 15.86318121710325), 7: (61.01238382503243, 18.951578853023882), 9: (7.563464072093659, 57.68772885594997), 10: (9.336953508078537, 69.03688183318316), 5: (9.431837343457815, 69.6413395170059), 6: (11.267478522573992, 81.35980660587201), 1: (13.597730210444968, 96.24273030834436), 2: (17.97799225705663, 124.255270412191)}
solType: IP_Optimal
lowerBound: 264.053738375148
upperBound: 264.0537282043366
Path: 
50 50
57.4759 48.9949
65.7333 42.0905
65.2739 15.8632
61.0124 18.9516
7.5635 57.6877
9.337 69.0369
9.4318 69.6413
11.2675 81.3598
13.5977 96.2427
17.978 124.2553
50 50
