OFV: 781.0170700828592
Runtime: 2.0302816689945757
Gap: None
repPt: {0: (50, 50), 11: (53.6020741104412, 53.616140317761946), 12: (65.77336128945305, 85.45460198234557), 35: (71.09259609496186, 84.53744888959086), 36: (78.26186855857671, 118.55762353380312), 56: (79.34394879518018, 123.69225447952294), 55: (74.32904820122933, 95.66971156038582), 18: (74.22154358119391, 95.06903713495518), 17: (70.63456081633213, 75.02568881658371), 53: (70.63455238234921, 75.02568925292611), 54: (67.0978389715199, 97.28821768915806), 58: (66.4883170697451, 101.12390248895828), 57: (66.92869464746546, 89.57051968413055), 24: (67.49628659553085, 89.89405969770209), 23: (65.32967483648564, 65.92324668432597), 60: (65.32276841634567, 65.84687710964582), 59: (63.75592863715109, 48.51089222932338), 21: (68.81208260442989, 48.6160526650638), 22: (74.21806633506795, 59.626413408261854), 15: (75.0363231391146, 61.29234168741133), 16: (80.61677599022907, 72.65847664304499), 40: (81.84890201623158, 73.08918576277615), 39: (77.59407701637022, 55.27952886905475), 6: (77.09442947496674, 53.79453106813873), 5: (72.4250552327648, 39.916413602485015), 48: (66.59527728034851, 22.589194774811833), 47: (62.27791489096391, 9.757307797302325), 13: (62.27791146628169, 9.757307768917372), 14: (59.04819401156286, 21.0237259740279), 19: (44.417401062079584, 39.638897683572026), 20: (47.91936194685499, 67.75131043985711), 43: (48.12459461550113, 69.39786600249401), 44: (50.42997277367577, 87.9044594738441), 27: (46.53376130803875, 83.1453929701095), 28: (43.69875437921713, 98.09832334823341), 38: (43.69872821276676, 98.09830503208217), 37: (35.71035242470179, 76.9164274084786), 51: (35.75382771310934, 84.78606858630828), 52: (35.937824170918965, 118.06193094546146), 50: (34.206493094073736, 114.92953809112386), 49: (24.750444713782155, 97.81771066839184), 41: (23.238420927485173, 96.84720319850702), 42: (25.60553596669935, 117.99587503994096), 30: (22.222417786609267, 112.83225043354346), 29: (13.93853851955802, 100.18852600181411), 8: (10.23272671369134, 107.96983101503561), 7: (7.734406624137709, 85.30723681015294), 4: (17.17303618607942, 64.94851448848665), 3: (14.469926591768017, 35.60009281014938), 26: (14.469926113803998, 35.600091595207275), 25: (10.270605973126631, 22.39960164947258), 33: (5.500480752256506, 21.970242919337803), 34: (6.523760843542698, 36.55495176393614), 2: (6.523763405004556, 36.55495224506674), 1: (9.608328274574609, 9.161539322088146), 45: (24.468410663814108, 22.15741228514933), 46: (35.42492604236424, 47.122620696111625), 32: (35.437006467506386, 47.06942210190964), 31: (38.980061865959556, 31.466238841584193), 9: (39.32510525967862, 32.16996893331759), 10: (48.508177177524914, 50.90239257163553)}
lowerBound: 781.0044149816515
upperBound: 781.0170700828592
solType: IP_Optimal
Path: 
50 50
53.6021 53.6161
65.7734 85.4546
71.0926 84.5374
78.2619 118.5576
79.3439 123.6923
74.329 95.6697
74.2215 95.069
70.6346 75.0257
70.6346 75.0257
67.0978 97.2882
66.4883 101.1239
66.9287 89.5705
67.4963 89.8941
65.3297 65.9232
65.3228 65.8469
63.7559 48.5109
68.8121 48.6161
74.2181 59.6264
75.0363 61.2923
80.6168 72.6585
81.8489 73.0892
77.5941 55.2795
77.0944 53.7945
72.4251 39.9164
66.5953 22.5892
62.2779 9.7573
62.2779 9.7573
59.0482 21.0237
44.4174 39.6389
47.9194 67.7513
48.1246 69.3979
50.43 87.9045
46.5338 83.1454
43.6988 98.0983
43.6987 98.0983
35.7104 76.9164
35.7538 84.7861
35.9378 118.0619
34.2065 114.9295
24.7504 97.8177
23.2384 96.8472
25.6055 117.9959
22.2224 112.8323
13.9385 100.1885
10.2327 107.9698
7.7344 85.3072
17.173 64.9485
14.4699 35.6001
14.4699 35.6001
10.2706 22.3996
5.5005 21.9702
6.5238 36.555
6.5238 36.555
9.6083 9.1615
24.4684 22.1574
35.4249 47.1226
35.437 47.0694
38.9801 31.4662
39.3251 32.17
48.5082 50.9024
50 50
