OFV: 819.3944396357076
Runtime: 160.96406872395892
Gap: None
Path: 
50 50
60.6249 49.8219
64.6415 24.7182
76.1705 31.4224
76.1705 31.4224
79.8035 39.0223
85.3098 50.5419
86.2411 52.4802
87.3281 54.7419
88.4622 57.1002
91.644 57.4064
95.7032 77.962
98.0055 62.0844
97.8175 75.995
97.7491 81.1289
83.7655 93.6387
83.7707 100.4479
83.7786 112.5938
84.143 112.0126
89.4627 103.5106
85.6726 88.1813
81.0173 69.3527
79.1704 65.7517
73.9702 55.6126
72.7747 55.9893
72.7747 55.9894
70.2426 61.3556
71.2201 68.4133
72.4244 77.1085
73.5408 85.1559
74.1037 89.2085
73.4781 92.0724
66.0671 90.9037
69.1568 108.4485
74.1929 103.6343
73.057 121.9375
72.9351 123.9017
68.6502 123.7631
60.5832 101.0437
59.9421 98.5349
58.213 91.7649
56.7291 85.9611
56.339 81.4847
56.2289 80.217
55.9862 77.4302
54.9864 65.9982
54.3629 58.8532
54.3596 58.8149
49.0221 60.3208
47.8811 45.397
46.5816 40.9545
44.4281 33.5961
41.8016 24.6243
31.6703 24.1104
30.1662 24.035
28.7044 23.9618
27.4501 18.615
26.1207 12.9484
25.2544 9.2509
24.4837 5.9614
19.1686 6.4672
19.0622 6.4773
13.3091 7.0249
9.8017 11.9941
10.3273 22.5671
10.9335 34.7803
15.8533 15.6939
16.5379 20.1143
17.6024 31.4673
17.7371 32.9021
18.3099 39.0092
18.9141 45.4524
19.5 51.7018
18.1963 65.8081
19.7445 74.8653
24.3243 101.6807
19.2043 103.7966
12.934 106.3892
12.934 106.3891
9.9981 89.9389
12.0941 81.0916
29.5856 59.2242
31.1298 69.9592
32.656 80.5689
33.389 85.6711
33.8319 88.7564
34.0104 90.0021
34.469 93.1971
35.3651 99.4306
36.5955 107.9832
39.364 118.1015
45.5514 117.5776
46.804 101.3005
46.8477 89.7475
46.9015 75.6819
46.9074 73.8405
46.9183 70.6246
46.9269 68.026
46.9553 60.2106
46.9713 55.6168
46.9783 53.4644
50 50
