OFV: 287.03310864362965
Runtime: 0.5159052659873851
Gap: 6.65532747745464e-08
repPt: {0: (50, 50), 1: (83.40986839282482, 13.302867522420549), 2: (87.50727273219836, 36.46819627437682), 5: (89.00576989210636, 44.93966053410666), 6: (94.40100997260585, 75.43246427696131), 7: (94.53475117555652, 76.18841244141706), 9: (95.73074259144246, 95.88188290650072), 8: (96.31330351878619, 105.53553963565777), 10: (92.1529215879833, 125.35367868760346), 4: (33.65452436868053, 84.71792885242799), 3: (27.379633655533077, 56.18548500913039)}
solType: IP_Optimal
lowerBound: 287.0330895406363
upperBound: 287.03310864362965
Path: 
50 50
83.4099 13.3029
87.5073 36.4682
89.0058 44.9397
94.401 75.4325
94.5348 76.1884
95.7307 95.8819
96.3133 105.5355
92.1529 125.3537
33.6545 84.7179
27.3796 56.1855
50 50
