OFV: 642.0432407928247
Runtime: 14.62445005401969
Gap: None
Path: 
50 50
52.1081 58.9563
58.7117 86.9782
59.0072 88.1133
68.3063 123.7835
89.0087 125.0491
88.9233 122.4523
87.8275 88.4551
87.6727 83.703
86.535 48.3356
85.8649 27.6643
90.6957 23.2343
89.366 10.3509
73.3462 28.0078
71.6586 46.3101
66.8767 61.5736
68.2113 85.8904
68.7765 96.1251
71.0288 107.5385
49.9632 100.2606
47.2942 118.753
41.3659 114.6914
34.304 85.8982
32.9019 93.9781
29.1862 115.3595
28.7351 116.1188
23.66 100.3807
18.5331 108.9676
16.6449 92.2848
15.5925 82.9895
15.5749 82.3969
15.0994 66.9586
15.1081 62.5434
15.1432 46.7497
15.1532 41.6884
15.1985 22.9896
15.2382 6.0898
51.0783 12.021
52.9284 23.1388
44.9621 20.6694
47.6554 37.7864
50 50
