OFV: 229.79545133770182
Runtime: 0.02658929699100554
Gap: None
repPt: {0: (50, 50), 9: (51.81051792199629, 52.653920485093), 10: (56.5003227104612, 59.52762871531966), 3: (64.28603302422206, 66.722827085641), 4: (65.85454807208787, 78.52947112071837), 6: (28.775519639983283, 125.03647716401991), 5: (19.88756470743735, 93.83588114660603), 12: (14.042306108603661, 73.31856524820536), 11: (10.444311045561754, 60.155177926647646), 2: (36.80571614040188, 67.42103452818615), 1: (45.01933603480685, 47.210977386072415), 7: (49.360427823191316, 39.328595573937335), 8: (49.954996527742026, 49.248836706345436)}
lowerBound: 229.79544600528374
upperBound: 229.79545133770182
solType: IP_Optimal
Path: 
50 50
51.8105 52.6539
56.5003 59.5276
64.286 66.7228
65.8545 78.5295
28.7755 125.0365
19.8876 93.8359
14.0423 73.3186
10.4443 60.1552
36.8057 67.421
45.0193 47.211
49.3604 39.3286
49.955 49.2488
50 50
