OFV: 417.7815303572561
Runtime: 23.69247720000567
Gap: 8.266446833481874e-08
repPt: {0: (50, 50), 12: (47.655668346968696, 36.10229048937614), 11: (42.926633154495605, 8.367964283165072), 15: (31.08679320264064, 5.732383309200849), 16: (31.350132650203587, 37.12911479261374), 1: (1.5833496958667632, 6.9076182735382865), 3: (5.560267091706599, 22.087695451740945), 2: (7.230358243657583, 28.460217861561347), 4: (14.378495574581404, 55.76658592959808), 18: (31.93201475812508, 72.26045689482392), 17: (34.88672811715864, 53.910920571734415), 13: (38.42432502465152, 48.72292037673693), 14: (42.53095438504262, 76.85844599043295), 10: (87.5345970340934, 115.7799345714706), 9: (87.12841666009402, 84.96157925129937), 6: (86.96040813909124, 72.22367290744496), 5: (86.77759378339464, 58.12023397901839), 8: (69.63178122062556, 57.88260248404605), 7: (64.30808009894488, 46.40757144275241)}
solType: IP_Optimal
lowerBound: 417.781495821568
upperBound: 417.7815303572561
Path: 
50 50
47.6557 36.1023
42.9266 8.368
31.0868 5.7324
31.3501 37.1291
1.5833 6.9076
5.5603 22.0877
7.2304 28.4602
14.3785 55.7666
31.932 72.2605
34.8867 53.9109
38.4243 48.7229
42.531 76.8584
87.5346 115.7799
87.1284 84.9616
86.9604 72.2237
86.7776 58.1202
69.6318 57.8826
64.3081 46.4076
50 50
