OFV: 935.6736071943845
Runtime: 140.2420028068591
Gap: None
repPt: {0: (50, 50), 65: (45.094125663429246, 53.46332860349021), 66: (46.474232332581195, 80.99762209301986), 64: (46.47424009042147, 80.9976639859064), 63: (41.57178278822014, 73.80115848582926), 77: (41.47783624221837, 73.66305815869497), 78: (35.711301899267156, 101.93913709211844), 56: (17.603306092273453, 126.222399166145), 55: (11.240369699972565, 102.89474053590165), 10: (9.056205280792149, 103.6570458154742), 9: (4.607131270933963, 85.09387073854923), 36: (3.481199131903789, 88.50234561623702), 35: (2.13473727115101, 83.58358141852186), 59: (2.0624027210715967, 83.31929874022065), 60: (5.030060539838754, 92.86472834100562), 18: (7.236585469620123, 91.28591008155121), 17: (14.121087191922191, 69.54947164455795), 13: (14.450824233956384, 69.7151211084501), 14: (22.83027303822943, 97.10205796262585), 2: (23.534637093887223, 94.32625457161664), 1: (26.1870629856476, 83.86620014453742), 26: (26.18706974358498, 83.86621250396955), 25: (25.38478228380194, 57.680868915299904), 76: (25.376843049357714, 57.42244259595007), 75: (24.75800464167593, 37.22522520279045), 7: (24.75799471563376, 37.22523542332094), 8: (20.27601062798457, 53.43754070825483), 70: (20.21672497099795, 53.32282079655199), 69: (10.131214991505505, 33.80867709155932), 49: (4.554045185926084, 29.90655041425812), 50: (9.848745587725066, 48.651271507866554), 42: (17.422001341318108, 51.125172814786666), 41: (23.719022130892448, 22.29440737052793), 61: (26.333489544420832, 10.323286745583546), 62: (30.79970922559022, 18.28222932441085), 39: (31.87049749615597, 20.189548135393053), 40: (43.14568901680893, 49.152327530460354), 32: (43.79848084739866, 44.02793672232985), 31: (46.2229292312488, 25.013913997663796), 29: (48.975071235367196, 26.471495086877137), 30: (55.1637870299708, 36.87064792892371), 44: (55.210042822648184, 36.38195872886891), 43: (57.778392548496, 9.20975451053474), 11: (57.836485283673035, 8.596004196011183), 12: (60.578470968133225, 25.393833133430498), 37: (60.40485961268345, 25.173742645783864), 38: (66.34333763001824, 48.31827444473853), 33: (69.7056458133677, 46.278930814053545), 34: (72.57427710374905, 72.29994149755089), 23: (69.11583706591225, 74.24094130567912), 24: (67.1246280089964, 85.74650198541045), 45: (67.84232121972748, 82.79085587679668), 46: (69.98811797866813, 98.4446978053737), 47: (69.58403449614923, 98.13393329506594), 48: (69.99772596710855, 112.07991354207833), 4: (74.25975041363222, 109.59683448227636), 3: (75.48572021352662, 92.48091008025312), 15: (75.7886047842617, 93.12233776129996), 16: (85.22136388540449, 113.09611707315008), 80: (93.75867397131445, 108.935614026832), 79: (85.79614238722556, 76.77458662831529), 74: (84.93132674658078, 73.27987055726705), 73: (80.07339031956288, 53.658708212368), 52: (83.95005335407329, 56.980968468942095), 51: (86.11417949009946, 38.48933727960883), 6: (94.18571841918856, 39.81073969494769), 5: (97.29943955539227, 13.188529983495503), 53: (97.30242571880292, 14.652938381995785), 54: (97.32662159340177, 27.399082975305703), 28: (97.331029587704, 29.57809910323085), 27: (91.40362388539639, 17.31360683112127), 58: (85.24668230546708, 23.73076083047461), 57: (79.64485688504637, 9.605744182400759), 19: (79.49697752806043, 12.621940210674856), 20: (78.62659489620981, 30.314641375498013), 67: (75.0325663426427, 26.386107804499154), 68: (75.38185815931517, 37.91042316401312), 71: (75.38186086104416, 37.910405694742366), 72: (72.93092802874912, 58.27594374220684), 22: (61.46474276826539, 58.82704503499543), 21: (53.18839245191606, 49.79457512196071)}
lowerBound: 935.6734797244753
upperBound: 935.6736071943845
solType: IP_Optimal
Path: 
50 50
45.0941 53.4633
46.4742 80.9976
46.4742 80.9977
41.5718 73.8012
41.4778 73.6631
35.7113 101.9391
17.6033 126.2224
11.2404 102.8947
9.0562 103.657
4.6071 85.0939
3.4812 88.5023
2.1347 83.5836
2.0624 83.3193
5.0301 92.8647
7.2366 91.2859
14.1211 69.5495
14.4508 69.7151
22.8303 97.1021
23.5346 94.3263
26.1871 83.8662
26.1871 83.8662
25.3848 57.6809
25.3768 57.4224
24.758 37.2252
24.758 37.2252
20.276 53.4375
20.2167 53.3228
10.1312 33.8087
4.554 29.9066
9.8487 48.6513
17.422 51.1252
23.719 22.2944
26.3335 10.3233
30.7997 18.2822
31.8705 20.1895
43.1457 49.1523
43.7985 44.0279
46.2229 25.0139
48.9751 26.4715
55.1638 36.8706
55.21 36.382
57.7784 9.2098
57.8365 8.596
60.5785 25.3938
60.4049 25.1737
66.3433 48.3183
69.7056 46.2789
72.5743 72.2999
69.1158 74.2409
67.1246 85.7465
67.8423 82.7909
69.9881 98.4447
69.584 98.1339
69.9977 112.0799
74.2598 109.5968
75.4857 92.4809
75.7886 93.1223
85.2214 113.0961
93.7587 108.9356
85.7961 76.7746
84.9313 73.2799
80.0734 53.6587
83.9501 56.981
86.1142 38.4893
94.1857 39.8107
97.2994 13.1885
97.3024 14.6529
97.3266 27.3991
97.331 29.5781
91.4036 17.3136
85.2467 23.7308
79.6449 9.6057
79.497 12.6219
78.6266 30.3146
75.0326 26.3861
75.3819 37.9104
75.3819 37.9104
72.9309 58.2759
61.4647 58.827
53.1884 49.7946
50 50
