OFV: 915.7892201772213
Runtime: 3600.6253962670453
Gap: None
repPt: {0: (50, 50), 68: (41.39110533949909, 49.385558502540164), 67: (31.663225726671797, 42.79271818900284), 29: (25.592175949203767, 38.67750576847034), 30: (25.642335873324733, 50.77799660325095), 18: (25.642345194478768, 50.77799295226676), 17: (24.15037128610764, 32.36243254287741), 36: (18.783824492047696, 33.367797271039386), 35: (3.980903656125885, 6.579988532907022), 69: (3.9807695258127014, 6.579746620293698), 70: (9.473609512219225, 22.003013079267454), 27: (22.830226764336235, 9.66467197197792), 28: (31.815636700767698, 29.20050838747966), 6: (32.212334271603645, 28.28020113325509), 5: (38.67777216306681, 13.281022937024947), 37: (42.75201788060991, 10.562294860990503), 38: (44.807760589576624, 16.047151109770105), 51: (45.07392292206769, 16.757423900148247), 52: (53.33604296160555, 38.80192039988391), 14: (53.90166075504471, 37.046666341943435), 13: (57.08444962397959, 27.170331513757066), 63: (59.224343487640255, 23.545014447239254), 64: (62.08632966013581, 33.40878981137929), 43: (62.47570721462111, 34.75108272839647), 44: (66.96270355713652, 50.216441495687405), 66: (82.64985899411786, 46.15261134614536), 65: (90.76758893548637, 19.277740346182622), 45: (96.19904551634556, 9.137187699485633), 46: (97.46239092733045, 30.339702187009788), 19: (85.90549173041782, 30.06637246602465), 20: (90.28032114865992, 55.09069737055354), 9: (91.66520160213665, 63.01067099453211), 10: (93.97591607533707, 76.22715812165704), 53: (94.30680805997955, 78.11909794754575), 54: (98.1554098135771, 100.13317172786886), 31: (98.1554031710774, 100.13317179622634), 32: (98.89099513223839, 121.30618914111744), 22: (98.97624490967593, 123.76785755236972), 21: (87.5761377719566, 97.11705029311125), 80: (85.87038272512028, 93.12902644839784), 79: (77.37818313988474, 71.79259850903406), 59: (76.16154625703503, 74.18316714289898), 60: (72.0626914776224, 82.23660392729688), 4: (65.32400326038943, 90.26125242030021), 3: (55.80979471570828, 69.72060002149006), 33: (55.08045901792386, 68.14578666474857), 34: (61.89501977846959, 90.92083407865658), 55: (63.43290248697856, 88.95083428742046), 56: (62.746685697735145, 100.86282708006571), 74: (62.256100701201575, 101.22385726779318), 73: (53.81023132851817, 82.76732798840001), 75: (53.4047607553452, 83.05949470303327), 76: (48.245582367989115, 110.2298333301031), 23: (48.22855775199332, 104.38001623943725), 24: (51.06687242063908, 123.39083983991488), 58: (51.21151367271533, 124.35955347238338), 57: (42.296907045935, 103.16379004693384), 50: (41.75000351594049, 103.58099071417357), 49: (38.03812027386637, 82.39063967486621), 16: (38.03812261550071, 82.39064271980178), 15: (35.658275966929075, 73.19669072739794), 2: (33.119701990097326, 75.06837729301348), 1: (27.93852099186234, 62.08956682446687), 71: (27.938517294286086, 62.08956275185547), 72: (26.154033774507568, 86.45457782635822), 47: (7.982091310834289, 89.27688176188987), 48: (7.173031731253643, 91.60005194930127), 7: (7.168451330605029, 91.58714189118128), 8: (9.477959889712924, 97.96342141551611), 11: (10.409401350140538, 100.53487478081205), 12: (16.807737036729506, 118.2007024495744), 78: (19.752517622444852, 126.33091772926117), 77: (18.874085744424114, 104.3222042530602), 39: (26.259453796637718, 104.2412270963875), 40: (31.154940126513235, 109.4408286840041), 26: (31.932242386681057, 108.90968231445761), 25: (33.749141012858686, 83.92643114096079), 41: (34.1518840592971, 84.63163105390139), 42: (38.246201131326636, 91.80015246912734), 62: (40.22707687610931, 88.43517988745934), 61: (47.081732072182774, 61.477175601254885)}
lowerBound: 897.0010614532732
upperBound: 915.7892201772213
solType: IP_TimeLimit
Path: 
50 50
41.3911 49.3856
31.6632 42.7927
25.5922 38.6775
25.6423 50.778
25.6423 50.778
24.1504 32.3624
18.7838 33.3678
3.9809 6.58
3.9808 6.5797
9.4736 22.003
22.8302 9.6647
31.8156 29.2005
32.2123 28.2802
38.6778 13.281
42.752 10.5623
44.8078 16.0472
45.0739 16.7574
53.336 38.8019
53.9017 37.0467
57.0844 27.1703
59.2243 23.545
62.0863 33.4088
62.4757 34.7511
66.9627 50.2164
82.6499 46.1526
90.7676 19.2777
96.199 9.1372
97.4624 30.3397
85.9055 30.0664
90.2803 55.0907
91.6652 63.0107
93.9759 76.2272
94.3068 78.1191
98.1554 100.1332
98.1554 100.1332
98.891 121.3062
98.9762 123.7679
87.5761 97.1171
85.8704 93.129
77.3782 71.7926
76.1615 74.1832
72.0627 82.2366
65.324 90.2613
55.8098 69.7206
55.0805 68.1458
61.895 90.9208
63.4329 88.9508
62.7467 100.8628
62.2561 101.2239
53.8102 82.7673
53.4048 83.0595
48.2456 110.2298
48.2286 104.38
51.0669 123.3908
51.2115 124.3596
42.2969 103.1638
41.75 103.581
38.0381 82.3906
38.0381 82.3906
35.6583 73.1967
33.1197 75.0684
27.9385 62.0896
27.9385 62.0896
26.154 86.4546
7.9821 89.2769
7.173 91.6001
7.1685 91.5871
9.478 97.9634
10.4094 100.5349
16.8077 118.2007
19.7525 126.3309
18.8741 104.3222
26.2595 104.2412
31.1549 109.4408
31.9322 108.9097
33.7491 83.9264
34.1519 84.6316
38.2462 91.8002
40.2271 88.4352
47.0817 61.4772
50 50
