OFV: 377.07361340042655
Runtime: 0.017030855058692396
Gap: None
repPt: {0: (50, 50), 16: (70.27149323698944, 23.30022527957365), 15: (70.78688407945114, 6.2242671355825845), 9: (18.821450700153736, 13.016223397043712), 10: (18.325840054907943, 28.007101504770066), 1: (10.593601271158317, 61.09583520960061), 2: (12.304664136386144, 78.33105955900452), 3: (13.084167954041126, 86.19270620165742), 4: (16.273883492535447, 116.03308340045314), 11: (58.930355243350284, 92.0028307288475), 12: (67.64847874594524, 117.57160111058707), 8: (67.47884535207264, 116.02456576830761), 7: (65.04746926248804, 93.863653384945), 6: (75.9119433448127, 97.86863943869616), 5: (73.90094020805326, 83.99665843424242), 14: (73.28300554660557, 79.73617529681282), 13: (71.4926692652868, 67.38385526242287)}
lowerBound: 377.0736007734721
upperBound: 377.07361340042655
solType: IP_Optimal
Path: 
50 50
70.2715 23.3002
70.7869 6.2243
18.8215 13.0162
18.3258 28.0071
10.5936 61.0958
12.3047 78.3311
13.0842 86.1927
16.2739 116.0331
58.9304 92.0028
67.6485 117.5716
67.4788 116.0246
65.0475 93.8637
75.9119 97.8686
73.9009 83.9967
73.283 79.7362
71.4927 67.3839
50 50
