OFV: 830.2377382458371
Runtime: 167.20397785597015
Gap: None
Path: 
50 50
49.3429 44.2671
50.2563 49.2214
51.6451 56.7471
53.4525 66.5438
54.772 73.6956
55.4112 77.1594
55.331 86.5671
55.512 86.1555
58.1801 80.0919
65.6154 107.1386
55.4819 94.8723
46.1523 71.3383
42.0044 71.1321
40.4158 98.7745
29.3606 119.0198
27.2793 117.8728
20.3064 89.6209
16.8615 85.2668
13.1709 80.6024
13.7207 89.7611
15.0717 112.17
15.1786 113.9668
19.2183 116.4914
19.1919 115.2914
19.1363 112.7441
18.6008 87.5719
18.5694 86.1486
21.8661 84.4939
21.9926 79.1167
22.09 74.967
22.2539 68.0221
22.5119 57.3456
27.4142 51.3802
26.5369 44.9179
26.1607 42.1421
23.7736 24.5439
23.511 22.6084
16.954 7.571
11.9288 7.961
12.1322 8.7925
14.2925 17.6517
15.6554 23.2376
17.2399 29.7332
18.8395 33.3301
28.3537 34.9354
30.2101 11.2325
70.1348 8.5497
70.8572 12.9735
74.0247 32.3265
75.3679 40.5488
99.9416 59.0767
100.3555 52.0582
100.7016 46.1968
98.8036 31.0582
98.0482 25.0396
97.5929 21.4138
97.2476 18.6647
95.5323 4.988
93.215 12.4093
90.9978 25.0157
91.5034 30.2422
91.4462 57.52
84.7128 58.4108
84.8757 61.2262
85.4783 71.6374
85.5009 72.0277
86.3257 86.281
89.0784 87.7452
94.8367 90.8124
99.1526 123.1363
92.0729 120.3315
89.9135 113.9736
84.1105 96.8977
83.288 94.4757
78.7544 89.1022
72.3235 65.7266
72.0745 64.39
70.9378 58.2988
66.3201 48.0883
64.853 46.5779
50 50
