OFV: 246.7597535309736
Runtime: 0.04024430504068732
Gap: None
repPt: {0: (50, 50), 2: (50.001219572808616, 49.93242961597368), 1: (50.31375014441339, 33.344203517492105), 3: (68.38530843876904, 35.21135481366708), 4: (78.09938552118578, 63.67179188737555), 7: (90.96271495602902, 52.488479569753366), 8: (93.10494735521755, 67.1288457057856), 6: (65.28717445007265, 86.7585996514704), 5: (59.25126367180604, 67.90862145638918), 9: (43.951862884511385, 60.81325670954604), 10: (39.532593139741785, 78.3152870109429), 12: (28.307510795231586, 79.45028369880781), 11: (27.625781312385, 51.93444952162763)}
lowerBound: 246.75973262256522
upperBound: 246.7597535309736
solType: IP_Optimal
Path: 
50 50
50.0012 49.9324
50.3138 33.3442
68.3853 35.2114
78.0994 63.6718
90.9627 52.4885
93.1049 67.1288
65.2872 86.7586
59.2513 67.9086
43.9519 60.8133
39.5326 78.3153
28.3075 79.4503
27.6258 51.9344
50 50
