OFV: 347.4456782747347
Runtime: 0.02201712701935321
Gap: None
repPt: {0: (50, 50), 8: (56.7227628102016, 51.54377905564336), 7: (55.551122208680916, 39.18076153816972), 10: (52.20336801514007, 39.38112311105013), 9: (49.94430321660195, 22.689203594554293), 12: (49.67477423066765, 20.698424320810982), 11: (47.591132834435314, 5.306624518210768), 15: (89.74165168099165, 24.419454128116662), 16: (91.43196115606877, 46.740077965084105), 1: (91.83366811106809, 52.042928606720594), 2: (93.71073479292096, 76.79546450722471), 4: (65.55975501961188, 102.55766479160881), 3: (60.185875469279715, 72.80914258127848), 6: (20.24743872380677, 57.312786568857774), 5: (12.375321887227253, 26.053107036016648), 13: (15.915660471618363, 29.120693295222537), 14: (22.227288184769545, 42.30096596106935)}
lowerBound: 347.44565880782284
upperBound: 347.4456782747347
solType: IP_Optimal
Path: 
50 50
56.7228 51.5438
55.5511 39.1808
52.2034 39.3811
49.9443 22.6892
49.6748 20.6984
47.5911 5.3066
89.7417 24.4195
91.432 46.7401
91.8337 52.0429
93.7107 76.7955
65.5598 102.5577
60.1859 72.8091
20.2474 57.3128
12.3753 26.0531
15.9157 29.1207
22.2273 42.301
50 50
