OFV: 398.4218976588465
Runtime: 0.040472897002473474
Gap: None
repPt: {0: (50, 50), 7: (87.87706239169205, 5.381907821594313), 8: (86.33750807153216, 29.630113298974425), 1: (55.833671374174585, 63.1850391788211), 2: (57.7736746091092, 91.5654254951091), 6: (80.13086846631758, 99.05343968120324), 5: (78.26203285244176, 79.9757818848807), 3: (62.15842312758202, 86.71934681274253), 4: (60.50727056922853, 122.2428780226416), 14: (32.07239900443565, 104.46377908087315), 13: (25.290103719519898, 82.95089827675935), 10: (21.88864203856922, 75.14151967883791), 9: (13.291285070153332, 55.428239856645675), 11: (8.299864995451465, 53.842560705197855), 12: (12.065903026084365, 66.58016737122476)}
lowerBound: 398.4218688054977
upperBound: 398.4218976588465
solType: IP_Optimal
Path: 
50 50
87.8771 5.3819
86.3375 29.6301
55.8337 63.185
57.7737 91.5654
80.1309 99.0534
78.262 79.9758
62.1584 86.7193
60.5073 122.2429
32.0724 104.4638
25.2901 82.9509
21.8886 75.1415
13.2913 55.4282
8.2999 53.8426
12.0659 66.5802
50 50
