OFV: 784.9446578870155
Runtime: 115.64770997001324
Gap: None
repPt: {0: (50, 50), 41: (48.3151030986116, 39.33311331094612), 42: (52.93837835724054, 65.80675170771008), 26: (53.61655328221971, 69.6786666545698), 25: (51.399570441952726, 57.608049453372026), 33: (47.27315631568412, 58.65404545439355), 34: (50.02444762609292, 76.16267892469763), 54: (50.04480261283178, 76.29208822903804), 53: (45.3477902218793, 56.087987628778095), 19: (45.34777389843821, 56.087890667964274), 20: (42.887610194965944, 83.45279583365618), 59: (42.83136344465171, 84.08132048341655), 60: (41.53315934424398, 98.52444568708117), 10: (41.23522062201208, 101.84439021122506), 9: (32.1586805559695, 77.44860653368676), 22: (21.418539460932056, 82.7710055693925), 21: (17.36881393231291, 65.89079392581839), 43: (15.790787153664485, 67.3749713847991), 44: (12.281212512399517, 75.4674968778369), 5: (7.639986590675963, 70.36491563009244), 6: (10.288827672467798, 96.07458476051558), 55: (10.297883424425445, 96.16208264048683), 56: (12.01815554270658, 112.85571148011606), 46: (12.37888251118061, 116.35227430354927), 45: (8.076383017093324, 93.56132564387228), 30: (8.062268792966847, 93.48690259636224), 29: (6.42123179174452, 65.78401224647797), 18: (9.21288580622046, 59.44353662772505), 17: (9.532652434175919, 30.626756048411213), 13: (12.530029747254908, 30.247326414079616), 14: (21.845549953981863, 51.58777181609925), 38: (30.368564777157264, 56.63127250370589), 37: (31.66912165275966, 50.20621095554819), 8: (31.677737809093664, 50.16364613918349), 7: (36.568576214268695, 26.002179864449527), 23: (62.225834765869514, 20.302555444933276), 24: (68.2652937493041, 32.70823253428365), 48: (71.25428690588875, 32.58795630816809), 47: (69.23975926460342, 8.210891214901022), 35: (69.63695225137859, 9.514770722042922), 36: (79.09756324218844, 40.57179954698757), 2: (79.87609712427206, 43.1275231748349), 1: (81.09455653932335, 28.93326524368392), 57: (89.42577500275385, 32.86075634472401), 58: (94.53274248319939, 53.89590056320807), 39: (91.60005386474437, 50.737069519219304), 40: (90.2134876350372, 65.00347989719685), 11: (88.90246884152971, 57.398949903381265), 12: (87.07953213736491, 71.34483581636373), 49: (84.05787102529588, 94.46377773970333), 50: (80.66599362222443, 120.41368788475076), 32: (71.50912422654405, 117.73962107315212), 31: (64.6516155984455, 89.94099753143088), 16: (57.90666181256808, 91.3959564901888), 15: (55.46853813554529, 80.1901820234153), 4: (60.075027347378736, 76.8719929073231), 3: (60.54879566853777, 55.20582305388825), 27: (60.18426279427895, 55.167928258673385), 28: (63.539540482880405, 68.29294368091017), 52: (63.935521216270715, 68.18959376664804), 51: (59.287221215075846, 47.12272399975236)}
lowerBound: 784.9445557560344
upperBound: 784.9446578870155
solType: IP_Optimal
Path: 
50 50
48.3151 39.3331
52.9384 65.8068
53.6166 69.6787
51.3996 57.608
47.2732 58.654
50.0244 76.1627
50.0448 76.2921
45.3478 56.088
45.3478 56.0879
42.8876 83.4528
42.8314 84.0813
41.5332 98.5244
41.2352 101.8444
32.1587 77.4486
21.4185 82.771
17.3688 65.8908
15.7908 67.375
12.2812 75.4675
7.64 70.3649
10.2888 96.0746
10.2979 96.1621
12.0182 112.8557
12.3789 116.3523
8.0764 93.5613
8.0623 93.4869
6.4212 65.784
9.2129 59.4435
9.5327 30.6268
12.53 30.2473
21.8455 51.5878
30.3686 56.6313
31.6691 50.2062
31.6777 50.1636
36.5686 26.0022
62.2258 20.3026
68.2653 32.7082
71.2543 32.588
69.2398 8.2109
69.637 9.5148
79.0976 40.5718
79.8761 43.1275
81.0946 28.9333
89.4258 32.8608
94.5327 53.8959
91.6001 50.7371
90.2135 65.0035
88.9025 57.3989
87.0795 71.3448
84.0579 94.4638
80.666 120.4137
71.5091 117.7396
64.6516 89.941
57.9067 91.396
55.4685 80.1902
60.075 76.872
60.5488 55.2058
60.1843 55.1679
63.5395 68.2929
63.9355 68.1896
59.2872 47.1227
50 50
