OFV: 456.29590927408566
Runtime: 61.53477236197796
Gap: None
repPt: {0: (50, 50), 21: (50.03245705944945, 51.42822877534858), 22: (50.5603669556562, 74.6947370748886), 4: (50.331825086468996, 74.22238470079061), 3: (38.112138335510444, 48.940317259095025), 15: (37.59863691729323, 51.62766976157168), 16: (36.549733616787634, 57.11446210561197), 11: (36.549731805738205, 57.1144622721508), 12: (35.5176216008382, 79.54803021543262), 9: (39.509721848521906, 77.02421538285603), 10: (39.47269960091426, 85.82327203939269), 17: (39.46921914755147, 86.6679510338232), 18: (39.34938222002354, 115.50647317041489), 20: (36.15026232214575, 111.62250527647028), 19: (22.532717195187683, 95.09219963091626), 27: (20.557307391882734, 95.04217598051554), 28: (21.182401933301588, 117.06040247651268), 32: (19.089794977483162, 108.30174947461961), 31: (14.381975956981062, 88.597992294742), 6: (16.137347448459277, 69.35976871607417), 5: (17.03337932556783, 59.54150074949855), 26: (17.084583082776952, 58.98000859419964), 25: (19.34003983052996, 34.29557188136941), 2: (19.34007477305707, 34.29552549911925), 1: (23.268642347691287, 28.847854766258454), 37: (60.00698045628819, 14.779588370444097), 38: (65.97576747989304, 34.799448453598), 23: (66.49899680032254, 36.554411174867774), 24: (71.5921598564458, 53.63366474343651), 7: (71.8600938627884, 54.53233445186913), 8: (74.12836139353979, 62.13834431327277), 35: (74.50102998984643, 63.388296799820395), 36: (80.59915131029136, 83.84215287203911), 29: (79.93546866987333, 84.52947427236317), 30: (81.4939765226703, 97.48652855139119), 40: (81.4940049528585, 97.4867203265566), 39: (72.61376157796606, 71.47948153125557), 34: (70.11326219882413, 67.67926082784393), 33: (66.28783657122685, 61.86612380390148), 14: (65.28158065587571, 64.3452143312709), 13: (57.31740749401427, 56.51143896850561)}
lowerBound: 456.2958407720436
upperBound: 456.29590927408566
solType: IP_Optimal
Path: 
50 50
50.0325 51.4282
50.5604 74.6947
50.3318 74.2224
38.1121 48.9403
37.5986 51.6277
36.5497 57.1145
36.5497 57.1145
35.5176 79.548
39.5097 77.0242
39.4727 85.8233
39.4692 86.668
39.3494 115.5065
36.1503 111.6225
22.5327 95.0922
20.5573 95.0422
21.1824 117.0604
19.0898 108.3017
14.382 88.598
16.1373 69.3598
17.0334 59.5415
17.0846 58.98
19.34 34.2956
19.3401 34.2955
23.2686 28.8479
60.007 14.7796
65.9758 34.7994
66.499 36.5544
71.5922 53.6337
71.8601 54.5323
74.1284 62.1383
74.501 63.3883
80.5992 83.8422
79.9355 84.5295
81.494 97.4865
81.494 97.4867
72.6138 71.4795
70.1133 67.6793
66.2878 61.8661
65.2816 64.3452
57.3174 56.5114
50 50
