OFV: 393.0041960073216
Runtime: 3604.6116240909905
Gap: 0.08348933699195554
repPt: {0: (50, 50), 10: (74.41039459057552, 40.01459216914942), 9: (79.96005838762615, 30.528176794279027), 1: (81.2733595205738, 28.280161112977066), 2: (89.1215828063952, 48.02765103518129), 18: (97.09059985532181, 35.20401271244197), 17: (97.25877551642368, 27.788081683008443), 11: (97.26284650862694, 27.598656262124127), 12: (96.98633861827139, 43.90397133743724), 13: (79.61108965836402, 100.51525270732019), 14: (75.43115631742985, 125.16942149798736), 20: (62.09410844320491, 127.53442273650936), 19: (51.89272132261506, 99.5915407303311), 16: (21.893050739484842, 87.83737573977884), 15: (16.298619851694824, 57.961064679167826), 6: (20.211087097893, 31.24301548111942), 5: (22.842727242523875, 13.275595278751194), 7: (23.058703488200386, 11.800639175066621), 8: (28.357005141543, 19.157484090466937), 3: (44.84842414603559, 20.030951096028108), 4: (46.89368212162235, 31.928846254624872)}
solType: IP_TimeLimit
lowerBound: 360.19253624761376
upperBound: 393.0041960073216
Path: 
50 50
74.4104 40.0146
79.9601 30.5282
81.2734 28.2802
89.1216 48.0277
97.0906 35.204
97.2588 27.7881
97.2628 27.5987
96.9863 43.904
79.6111 100.5153
75.4312 125.1694
62.0941 127.5344
51.8927 99.5915
21.8931 87.8374
16.2986 57.9611
20.2111 31.243
22.8427 13.2756
23.0587 11.8006
28.357 19.1575
44.8484 20.031
46.8937 31.9288
50 50
