OFV: 624.4364619727766
Runtime: 11.983825213974342
Gap: None
Path: 
50 50
64.4038 59.1307
73.4631 81.0198
80.4764 97.9457
80.2064 96.8135
74.2139 71.6189
71.7574 64.1585
71.6168 63.7503
68.2982 54.1252
64.9323 36.607
63.7275 30.3479
79.8912 24.0187
76.5477 3.8672
41.5264 15.4162
37.976 26.379
38.7879 40.0527
39.3212 48.9898
21.6351 36.899
14.4758 23.4461
4.097 3.9628
7.0639 28.9361
8.1183 34.3494
14.9668 69.5619
15.5345 72.4765
20.8364 95.4684
22.8344 97.5357
21.8438 66.4131
32.7113 57.1324
32.7465 57.3131
33.7802 62.6158
35.5465 71.6779
37.3454 80.9068
40.5336 97.2599
35.4406 87.1072
36.4885 115.9675
46.6412 104.0903
46.4054 101.5252
44.3227 78.753
43.3342 67.974
53.0804 71.4945
47.7567 39.4479
50 50
