OFV: 465.37582383593553
Runtime: 15.70700236200355
Gap: -1.0447548049128256e-07
repPt: {0: (50, 50), 10: (76.66211304606284, 43.42002165669834), 9: (77.05037307425171, 28.098118895927854), 1: (81.03356938079493, 24.20044963162546), 2: (89.05471833173652, 52.0517297371467), 18: (100.86923879515314, 36.55917070925312), 17: (98.02603412686494, 23.922896227050163), 11: (97.9415920220222, 23.5507148528341), 12: (100.93122148324298, 44.568301962041296), 13: (75.754051787586, 99.4230423466491), 14: (78.03731489545586, 128.2512842530823), 20: (60.35166833434294, 131.16449400255317), 19: (54.756425395583726, 96.79883086271016), 16: (18.605014431245717, 90.16249188721237), 15: (12.287899218487262, 58.369221480930165), 6: (22.842384418988303, 31.597482037170312), 5: (21.962657290588485, 9.391803907866231), 7: (21.906478932216267, 7.956943209949141), 8: (26.46961808130696, 22.684614153426825), 3: (47.85974345902878, 17.311887058392873), 4: (50.20926079914318, 31.135344688421178)}
solType: IP_Optimal
lowerBound: 465.37587245629834
upperBound: 465.37582383593553
Path: 
50 50
76.6621 43.42
77.0504 28.0981
81.0336 24.2004
89.0547 52.0517
100.8692 36.5592
98.026 23.9229
97.9416 23.5507
100.9312 44.5683
75.7541 99.423
78.0373 128.2513
60.3517 131.1645
54.7564 96.7988
18.605 90.1625
12.2879 58.3692
22.8424 31.5975
21.9627 9.3918
21.9065 7.9569
26.4696 22.6846
47.8597 17.3119
50.2093 31.1353
50 50
