OFV: 974.3508244082528
Runtime: 123.60552781890146
Gap: None
repPt: {0: (50, 50), 65: (49.323289464176284, 49.416597071765786), 66: (51.86133659646794, 62.00569927018662), 31: (51.979711280313964, 60.86627977780921), 32: (62.09640811651679, 89.81314974227271), 72: (64.84828133757418, 94.11538790233058), 71: (64.4613707999046, 74.85939481379917), 70: (66.33647979279073, 76.29231985240776), 69: (66.61786051403, 64.29489873868098), 61: (66.62094905342802, 64.16129239947081), 62: (70.59829740574044, 78.40034116700205), 1: (70.77534681063163, 79.03409654017742), 2: (77.17925385724125, 101.96109694102277), 3: (77.67515375364015, 101.21372154487757), 4: (79.12890118909164, 107.90734913475715), 36: (79.12890087016149, 107.90735488325069), 35: (79.87246104695312, 79.34591030410195), 78: (83.67523181266928, 81.47438675008861), 77: (81.3458310912617, 64.95702158950716), 18: (80.93204766982487, 65.92838806049448), 17: (75.99601020964418, 40.13577192571215), 7: (71.27200530614459, 42.79807056568377), 8: (70.92057298883587, 52.774597383739874), 54: (81.2221723451804, 54.15957147923888), 53: (83.47367916390169, 34.05208902004478), 49: (83.82553583500017, 30.89842382698094), 50: (84.89692716115421, 37.47778775335865), 48: (85.09019740433965, 38.666234521757), 47: (78.50629912061954, 26.447112513697057), 30: (67.33659359410719, 22.87767125159517), 29: (65.38850346099973, 12.851421254445272), 43: (82.94259658667004, 19.856296799806394), 44: (89.19626951088567, 28.34871645245285), 15: (91.42063668766335, 26.6333566169941), 16: (95.13267716413425, 52.37068062664684), 41: (95.72181602591202, 59.25381158609794), 42: (98.24021164063146, 88.65540304066545), 39: (98.288438083818, 89.21907488543009), 40: (100.8116831177345, 118.68178552460061), 76: (101.11273872394459, 122.19843747639577), 75: (93.53268575304875, 98.70246192386385), 9: (85.55207649439659, 96.46040769016926), 10: (85.88595320288803, 117.16706634172967), 80: (81.83857669799605, 115.49604479844025), 79: (77.75742317049055, 96.49193664091553), 74: (77.42708916993897, 94.95326850509446), 73: (75.22124722908725, 84.68221788627683), 6: (75.22124540153813, 84.68221244655146), 5: (70.29561307322886, 56.174494328884336), 37: (68.33477431320257, 61.183969370138165), 38: (64.97864129087333, 69.75242678107739), 25: (51.83202961479731, 75.65681199696523), 26: (50.090963649339, 90.52709399075236), 63: (49.973881642394964, 91.52691501887566), 64: (48.20251220662628, 106.65603436393793), 24: (32.84233879560991, 105.63210702604935), 23: (24.738075893119365, 81.90154942279304), 52: (24.468385246312653, 81.11180635080223), 51: (18.859416414088916, 64.687976496601), 27: (6.056522391286105, 74.56702628479812), 28: (5.347849996593246, 100.30022896746), 20: (5.340384311828456, 99.44438971185373), 19: (5.189102952625367, 81.32972827444517), 56: (18.971010357570226, 75.38145030297521), 55: (9.662085223690601, 43.99936406631933), 60: (8.014876714310823, 41.475704567455466), 59: (3.7986816087819224, 21.874020732754), 34: (14.218844329945709, 28.203399304579925), 33: (14.74614064244557, 11.89455144398185), 11: (25.322571856559662, 7.210226621256594), 12: (29.517644487755, 15.470093096202753), 67: (31.920673071032716, 20.20742395687191), 68: (38.63988552064761, 38.222026399371124), 13: (32.29807688393765, 37.17259823014863), 14: (34.954006698754384, 55.69762478267938), 21: (34.954008151368775, 55.697626620077074), 22: (40.647176610207815, 81.34729634772879), 46: (40.73262122516704, 81.73229617168364), 45: (40.60202643714858, 67.2687267804516), 58: (42.02108924283434, 67.30873560654788), 57: (42.11290129812417, 43.43162753372176)}
lowerBound: 974.3507745461407
upperBound: 974.3508244082528
solType: IP_Optimal
Path: 
50 50
49.3233 49.4166
51.8613 62.0057
51.9797 60.8663
62.0964 89.8131
64.8483 94.1154
64.4614 74.8594
66.3365 76.2923
66.6179 64.2949
66.6209 64.1613
70.5983 78.4003
70.7753 79.0341
77.1793 101.9611
77.6752 101.2137
79.1289 107.9073
79.1289 107.9074
79.8725 79.3459
83.6752 81.4744
81.3458 64.957
80.932 65.9284
75.996 40.1358
71.272 42.7981
70.9206 52.7746
81.2222 54.1596
83.4737 34.0521
83.8255 30.8984
84.8969 37.4778
85.0902 38.6662
78.5063 26.4471
67.3366 22.8777
65.3885 12.8514
82.9426 19.8563
89.1963 28.3487
91.4206 26.6334
95.1327 52.3707
95.7218 59.2538
98.2402 88.6554
98.2884 89.2191
100.8117 118.6818
101.1127 122.1984
93.5327 98.7025
85.5521 96.4604
85.886 117.1671
81.8386 115.496
77.7574 96.4919
77.4271 94.9533
75.2212 84.6822
75.2212 84.6822
70.2956 56.1745
68.3348 61.184
64.9786 69.7524
51.832 75.6568
50.091 90.5271
49.9739 91.5269
48.2025 106.656
32.8423 105.6321
24.7381 81.9015
24.4684 81.1118
18.8594 64.688
6.0565 74.567
5.3478 100.3002
5.3404 99.4444
5.1891 81.3297
18.971 75.3815
9.6621 43.9994
8.0149 41.4757
3.7987 21.874
14.2188 28.2034
14.7461 11.8946
25.3226 7.2102
29.5176 15.4701
31.9207 20.2074
38.6399 38.222
32.2981 37.1726
34.954 55.6976
34.954 55.6976
40.6472 81.3473
40.7326 81.7323
40.602 67.2687
42.0211 67.3087
42.1129 43.4316
50 50
