OFV: 302.71691507285516
Runtime: 31.64163288398413
Gap: 2.0211685724293097e-08
repPt: {0: (50, 50), 3: (29.301918080020492, 35.374073214732505), 4: (24.901359492170524, 39.79324600127502), 7: (21.49355299246413, 43.214154423855575), 1: (21.683935312741838, 53.84831804548142), 8: (21.815230316949275, 61.19162697384645), 2: (22.054524610758612, 74.55218521397154), 9: (22.093089195938088, 76.68910107591951), 10: (23.6295061514498, 98.30907470871098), 11: (24.256134722026847, 101.20785986080706), 12: (30.794238127208043, 131.4210098233087), 6: (59.382544601631885, 117.89213407290643), 5: (65.49596340556724, 87.27775858219997), 14: (75.02717448594031, 54.98380636474334), 13: (71.95587389118138, 27.3734870394933), 15: (51.1511265694954, 19.34541223379916), 16: (50.17233355791666, 45.41066733916388)}
solType: IP_Optimal
lowerBound: 302.716908954436
upperBound: 302.71691507285516
Path: 
50 50
29.3019 35.3741
24.9014 39.7932
21.4936 43.2142
21.6839 53.8483
21.8152 61.1916
22.0545 74.5522
22.0931 76.6891
23.6295 98.3091
24.2561 101.2079
30.7942 131.421
59.3825 117.8921
65.496 87.2778
75.0272 54.9838
71.9559 27.3735
51.1511 19.3454
50.1723 45.4107
50 50
