OFV: 573.3492279811786
Runtime: 10.03454394894652
Gap: None
Path: 
50 50
60.4718 53.9197
63.1237 56.5936
68.3475 68.3483
68.5734 68.8569
76.7387 70.4806
81.7135 101.6396
77.2817 97.3551
75.6019 84.2239
84.9642 83.7488
79.3016 63.5387
74.8323 64.3219
69.1933 56.4787
67.1161 49.4867
63.3245 36.7207
66.5542 36.2627
61.6059 11.1015
21.4473 25.0351
21.4875 37.6702
14.3957 34.3404
14.1133 61.3027
19.6068 56.907
19.6712 69.7501
10.3846 89.4039
15.117 108.8682
21.2458 121.1242
17.9312 91.9883
24.101 91.3987
34.6146 114.4196
40.2673 119.4642
35.078 85.9137
34.988 85.3318
34.4403 63.9325
34.1634 53.0673
35.6511 48.8286
36.9974 44.9932
42.1226 69.9507
43.9045 78.638
45.4877 86.3581
49.2941 80.7543
46.475 50.9954
50 50
