OFV: 351.4696323731195
Runtime: 0.016619310015812516
Gap: None
repPt: {0: (50, 50), 16: (68.36961939852495, 22.680277997559912), 15: (69.39292113940151, 7.659482700828477), 9: (20.098459550770073, 14.572223505273104), 10: (17.824716798365028, 28.658150425258256), 1: (12.59683158326662, 61.077972268820666), 2: (14.109194723272674, 78.07273202602062), 3: (14.83442863979015, 86.19734901207339), 4: (17.337058075237323, 114.33413835103303), 11: (58.250094038977146, 93.88378363372783), 12: (67.23567698528036, 115.61459146842988), 8: (67.18330581643941, 114.19766438422877), 7: (66.484614691049, 95.26978863218417), 6: (74.28862328983767, 96.64047284048434), 5: (72.25493661858431, 84.09035044912572), 14: (71.54842624343414, 79.72012759944141), 13: (69.69244321871365, 68.2608141010543)}
lowerBound: 351.46962479157986
upperBound: 351.4696323731195
solType: IP_Optimal
Path: 
50 50
68.3696 22.6803
69.3929 7.6595
20.0985 14.5722
17.8247 28.6582
12.5968 61.078
14.1092 78.0727
14.8344 86.1973
17.3371 114.3341
58.2501 93.8838
67.2357 115.6146
67.1833 114.1977
66.4846 95.2698
74.2886 96.6405
72.2549 84.0904
71.5484 79.7201
69.6924 68.2608
50 50
