OFV: 417.6095046430192
Runtime: 8.598285445012152
Gap: 5.767086452520347e-09
repPt: {0: (50, 50), 20: (93.26330749728649, 37.51854589051154), 19: (94.71668016592588, 15.54468811964038), 7: (95.19499762808418, 8.298495882085763), 8: (97.65564237647294, 27.24625365552653), 11: (93.09527778565149, 31.889231440858328), 12: (93.62223249850652, 47.83167908047842), 17: (93.65635112693354, 48.8608383351665), 18: (94.55331636614885, 75.95322011750545), 10: (65.08803187811239, 112.739961711309), 9: (59.37091812537778, 97.01361233091873), 6: (33.578866609675714, 71.31026053862983), 5: (25.282043517855552, 52.18642723229902), 1: (15.358197163445162, 50.782618891086216), 2: (16.463882143667956, 64.22275539931486), 16: (19.54662573949976, 64.3112257536775), 15: (17.70942361191716, 32.83161066864859), 13: (31.7681553672155, 9.952480923344371), 14: (37.33284638925732, 38.18329270299103), 3: (38.36394378344438, 37.94665279829683), 4: (40.94673581465492, 61.12197289759146)}
solType: IP_Optimal
lowerBound: 417.6095022346291
upperBound: 417.6095046430192
Path: 
50 50
93.2633 37.5185
94.7167 15.5447
95.195 8.2985
97.6556 27.2463
93.0953 31.8892
93.6222 47.8317
93.6564 48.8608
94.5533 75.9532
65.088 112.74
59.3709 97.0136
33.5789 71.3103
25.282 52.1864
15.3582 50.7826
16.4639 64.2228
19.5466 64.3112
17.7094 32.8316
31.7682 9.9525
37.3328 38.1833
38.3639 37.9467
40.9467 61.122
50 50
