OFV: 303.6819428560915
Runtime: 1.6020712989848107
Gap: -1.5634479240394783e-08
repPt: {0: (50, 50), 14: (45.18456480041994, 37.93227419261086), 13: (38.51499647833193, 21.217909841520783), 9: (8.069073687924227, 22.967061284625384), 10: (9.913861021827268, 35.91574829576802), 7: (10.674163002328156, 41.249528561309), 8: (13.749984864056938, 62.83879283935758), 1: (8.91070320257316, 67.76277113376263), 2: (14.82650748274141, 93.66712477897435), 3: (35.03635515057895, 95.89275389935395), 4: (39.8727677395502, 102.90563414855518), 5: (46.25517013150266, 101.90393435340836), 6: (54.66027669902449, 125.14420496399553), 12: (87.48968811415217, 112.24196975874806), 11: (83.29982040409378, 98.87907672823147)}
solType: IP_Optimal
lowerBound: 303.6819476040005
upperBound: 303.6819428560915
Path: 
50 50
45.1846 37.9323
38.515 21.2179
8.0691 22.9671
9.9139 35.9157
10.6742 41.2495
13.75 62.8388
8.9107 67.7628
14.8265 93.6671
35.0364 95.8928
39.8728 102.9056
46.2552 101.9039
54.6603 125.1442
87.4897 112.242
83.2998 98.8791
50 50
