OFV: 280.9008608104791
Runtime: 1196.2792873210274
Gap: 9.466962776532988e-08
repPt: {0: (50, 50), 11: (65.67023006863526, 29.207642643729656), 12: (70.26761373167665, 55.05329478048821), 7: (74.63687867629002, 79.62583377961653), 8: (77.02926120869557, 93.09751587628344), 5: (84.66373623673613, 90.14110332121425), 1: (85.08821685793644, 93.13948708157203), 6: (87.73930877228392, 111.9103798981229), 2: (85.66336742596552, 115.38073409800838), 16: (56.66640786230735, 118.1369818336513), 18: (55.500780578776144, 115.16635663708261), 15: (47.545426059992884, 94.89062938325279), 17: (45.41016992471291, 89.44848766565137), 4: (43.40209719605757, 84.3305015685644), 14: (38.73641531580742, 72.43896354891788), 3: (35.49516236553979, 64.17783603473106), 13: (29.06879619555555, 47.80139121470938), 9: (18.278680202268582, 49.67995029718806), 10: (18.33792885137599, 57.30613849843703)}
solType: IP_Optimal
lowerBound: 280.9008342176992
upperBound: 280.9008608104791
Path: 
50 50
65.6702 29.2076
70.2676 55.0533
74.6369 79.6258
77.0293 93.0975
84.6637 90.1411
85.0882 93.1395
87.7393 111.9104
85.6634 115.3807
56.6664 118.137
55.5008 115.1664
47.5454 94.8906
45.4102 89.4485
43.4021 84.3305
38.7364 72.439
35.4952 64.1778
29.0688 47.8014
18.2787 49.68
18.3379 57.3061
50 50
