OFV: 305.5082155677485
Runtime: 3605.7258766049927
Gap: 0.23296102672594288
repPt: {0: (50, 50), 10: (36.94751814847601, 36.4747222523652), 9: (32.29552962008372, 20.7455733478873), 19: (42.46629794955342, 15.88594692593383), 7: (43.374457283462284, 15.5044054427212), 20: (46.801546278533536, 25.105256444743763), 8: (49.33955599590381, 32.21672683591521), 12: (65.29034520539085, 24.42127283046696), 11: (70.38845718852266, 16.098930804356748), 1: (81.98453398285163, 7.31778382605736), 2: (81.32147747888708, 27.853093118153538), 3: (69.0418276922839, 51.858477586268535), 4: (60.09289284355832, 69.36665321594289), 17: (50.96242561343483, 86.56528118843562), 18: (44.92977587840225, 97.92929640613036), 14: (21.70979741209502, 90.75264361738965), 6: (13.04137337837778, 88.0756423081121), 13: (10.31846562946848, 76.68738854553729), 5: (8.1372400343889, 71.07312815884612), 16: (35.6034812972491, 61.87923677221507), 15: (40.538039646000115, 57.806064196178774)}
solType: IP_TimeLimit
lowerBound: 234.33670799587512
upperBound: 305.5082155677485
Path: 
50 50
36.9475 36.4747
32.2955 20.7456
42.4663 15.8859
43.3745 15.5044
46.8015 25.1053
49.3396 32.2167
65.2903 24.4213
70.3885 16.0989
81.9845 7.3178
81.3215 27.8531
69.0418 51.8585
60.0929 69.3667
50.9624 86.5653
44.9298 97.9293
21.7098 90.7526
13.0414 88.0756
10.3185 76.6874
8.1372 71.0731
35.6035 61.8792
40.538 57.8061
50 50
