OFV: 607.8968758434719
Runtime: 14.450430984958075
Gap: None
Path: 
50 50
43.3617 50.7499
47.8333 85.0122
48.4368 89.6208
50.8594 108.1554
29.153 112.5333
24.5139 96.6866
22.3821 86.0317
20.5595 76.9228
20.3107 75.6797
16.7928 58.0922
18.8018 24.698
19.0042 4.5969
42.7408 11.1827
50.0327 41.8249
55.8706 41.6867
56.2403 17.4436
77.1742 24.3461
77.5569 10.5561
86.6331 8.0943
88.345 21.2676
89.8924 33.1829
94.1751 66.1901
78.1123 81.3445
80.4051 103.299
73.4098 98.1924
77.0165 129.1782
72.2083 129.9063
70.5782 117.1798
68.0955 97.8367
68.14 95.7666
70.309 92.8237
74.634 86.9498
71.9923 70.9608
71.1147 65.6476
70.3608 61.0756
69.4647 55.6418
68.1106 47.4402
66.6749 38.7399
56.6897 43.1738
56.1887 59.5118
50 50
