OFV: 684.4532022984381
Runtime: 312.77356794895604
Gap: None
Path: 
50 50
33.1489 48.091
31.2031 44.2716
29.5365 40.9983
28.1652 33.5023
26.5278 24.5684
25.5196 19.0513
24.2918 12.34
17.2832 9.8497
17.2831 9.8497
13.1327 9.6356
13.9675 17.3838
14.7688 24.8187
15.574 32.2901
16.4566 40.4838
17.7837 52.8573
19.7689 71.3644
20.015 73.643
20.5127 78.2548
20.967 82.4648
15.4169 81.5414
15.5797 85.2678
15.7171 88.4164
15.8208 90.7992
16.7027 110.6089
16.7973 112.7829
19.8335 114.3108
22.5174 115.6612
23.3861 116.0976
24.5405 116.6778
27.1088 117.97
20.2889 88.6816
26.9778 90.4233
43.5098 94.7209
47.928 95.8714
43.4722 72.4978
45.8952 73.4804
73.2921 86.3629
72.3123 70.2427
71.9654 64.5768
71.5154 57.2224
71.0373 49.4029
70.6976 43.8558
71.3285 38.7737
72.4585 29.6823
74.6759 11.9071
75.3381 9.9225
92.9454 6.1051
93.7352 11.6256
94.6784 18.2139
95.2161 21.9775
95.8787 26.6132
96.0918 28.1093
96.9219 33.9125
98.7069 46.3619
98.5147 51.629
98.299 57.5381
98.4192 57.6446
88.698 29.851
87.2116 55.8795
86.9 61.3839
87.5149 71.207
87.5679 72.0488
88.4433 86.0454
90.5367 88.5456
92.767 91.21
98.0768 121.4435
93.5732 119.0077
90.6171 112.3111
84.1556 97.6858
82.8051 98.3252
68.574 105.0542
59.2003 87.4048
58.4916 86.0711
57.0398 79.5247
56.2375 75.9008
55.3228 71.7709
53.9058 65.3781
52.1865 57.6257
50.7268 51.0406
49.6636 46.2414
50 50
