OFV: 985.4050421998668
Runtime: 3600.955896880012
Gap: None
repPt: {0: (50, 50), 95: (56.635269564581534, 51.16403813164517), 96: (63.55471920891236, 60.413864649958676), 54: (64.20704548771481, 61.28619930716151), 53: (63.7484309737869, 43.14713824084027), 97: (63.74733519748388, 43.10340258599553), 98: (65.94924185437554, 47.66486777714161), 59: (66.0693229503931, 46.99481702036526), 60: (67.79205478838263, 53.624726999743515), 31: (67.8356827645711, 53.79272811393879), 32: (70.83812226083563, 65.34720065565976), 42: (70.83812581618874, 65.34720094134701), 41: (71.73205250637825, 48.196152630859594), 81: (71.76924588410151, 48.50764542390294), 82: (74.29682590608094, 69.6211743321031), 17: (78.38470118423288, 61.981007601375964), 18: (84.67754516764566, 79.51522665444901), 15: (84.25186676113341, 76.7477794143734), 16: (88.5037822891231, 92.40556237988888), 47: (88.52764325073667, 92.49344327562457), 48: (96.02266796449156, 120.0941357019303), 62: (98.54400818398275, 120.15882795633468), 61: (97.16527153635211, 100.24940349874917), 68: (97.12053923539186, 99.60439485241989), 67: (95.8257868514205, 80.9088786329743), 12: (98.40466801767701, 90.8253616702496), 11: (99.97352613375737, 72.12709520587372), 38: (100.39241361402163, 72.46072727961801), 37: (97.1799871268214, 62.79118883906318), 4: (93.45570201060677, 64.7401990389002), 3: (87.97210268258549, 53.73771296637582), 76: (90.16030759272438, 58.71064859835534), 75: (90.81483641662066, 47.52604555626806), 90: (90.81483943039092, 47.52604543588852), 89: (87.0775687929606, 18.292570208208648), 83: (86.6978735452451, 19.99822785621697), 84: (84.98498181317659, 27.66619859031005), 64: (83.97183790474729, 32.21310675477371), 63: (75.64143013916365, 8.77437243753843), 45: (75.46089008644806, 8.266438536287017), 46: (76.30819034238651, 25.244927213457075), 77: (75.13710323778851, 18.69865720707822), 78: (73.40104394862362, 31.22537850763417), 40: (73.34451473220552, 31.632492468967207), 39: (65.8860530852094, 18.833514836428527), 13: (51.77253038306875, 17.763592833953112), 14: (46.38625200691311, 35.90123939272002), 86: (46.38624549762937, 35.9012449224984), 85: (41.410014154517434, 10.763898326396278), 7: (41.41375319109073, 11.245671728960135), 8: (41.66394028271953, 43.08891636579506), 56: (41.667065069216044, 43.492289927725), 55: (34.82183307508893, 22.643329222436797), 44: (27.093073856252143, 29.283687530011118), 43: (17.85105571573223, 7.502500644876702), 57: (17.886221461486308, 7.971375972391035), 58: (19.26013687184649, 26.246119362199153), 35: (18.897865008992525, 25.508840093924086), 36: (21.071549749516564, 43.24995489097127), 66: (21.101116781249793, 43.49146320888089), 65: (18.428939302459426, 38.06460553172969), 23: (15.435064690426676, 37.78509322039912), 24: (10.928221839129213, 43.07238171942181), 30: (4.096753121514169, 48.99947131181575), 29: (2.1083617019104803, 28.362383304358268), 1: (2.2544224544260323, 28.683416687334994), 2: (7.036531549779836, 39.21106860827843), 25: (5.832170395628703, 34.72348353608122), 26: (6.600164023855822, 57.3439731320724), 91: (6.601495900462001, 57.383556450092044), 92: (7.635508936574021, 87.82039155177823), 27: (7.794586882458958, 92.52519401509896), 28: (8.62703498138221, 111.17329894445477), 88: (8.686383869555193, 112.50326017713866), 87: (8.471824723417104, 99.27835776257615), 10: (11.989589616114598, 101.42900747538177), 9: (12.889320228312279, 92.5337433417745), 72: (13.167664734828387, 89.77551789800287), 71: (14.274926332158847, 78.83395328472143), 20: (14.30138622271025, 78.57095387447218), 19: (15.401755609248957, 67.69846759205643), 21: (15.475148539022811, 66.97117771620309), 22: (20.873235363722312, 74.6368931343878), 52: (23.114782485812373, 75.21169562859669), 51: (26.818335990657076, 54.50757225817759), 79: (37.518812439662916, 61.294459484263726), 80: (46.3016553508064, 80.65636109959541), 5: (46.401355922549506, 80.87601822166904), 6: (55.0312329194767, 99.90123025662041), 93: (55.681666705117124, 98.59658015554123), 94: (58.79546224645776, 105.93463337190698), 99: (63.20831468127876, 99.49251063911004), 100: (64.933482869711, 114.79439037218938), 70: (64.9511791100465, 114.95157550754669), 69: (58.689476326029244, 95.04541580101206), 34: (58.60616647504868, 94.7807027378167), 33: (50.57764699196032, 69.25761694336595), 73: (50.509385212172916, 69.04067853569673), 74: (50.30810200997512, 73.58568450391655), 50: (50.30809965542264, 73.58568427878409), 49: (50.0664470320643, 55.1245294038291)}
lowerBound: 964.6214321238152
upperBound: 985.4050421998668
solType: IP_TimeLimit
Path: 
50 50
56.6353 51.164
63.5547 60.4139
64.207 61.2862
63.7484 43.1471
63.7473 43.1034
65.9492 47.6649
66.0693 46.9948
67.7921 53.6247
67.8357 53.7927
70.8381 65.3472
70.8381 65.3472
71.7321 48.1962
71.7692 48.5076
74.2968 69.6212
78.3847 61.981
84.6775 79.5152
84.2519 76.7478
88.5038 92.4056
88.5276 92.4934
96.0227 120.0941
98.544 120.1588
97.1653 100.2494
97.1205 99.6044
95.8258 80.9089
98.4047 90.8254
99.9735 72.1271
100.3924 72.4607
97.18 62.7912
93.4557 64.7402
87.9721 53.7377
90.1603 58.7106
90.8148 47.526
90.8148 47.526
87.0776 18.2926
86.6979 19.9982
84.985 27.6662
83.9718 32.2131
75.6414 8.7744
75.4609 8.2664
76.3082 25.2449
75.1371 18.6987
73.401 31.2254
73.3445 31.6325
65.8861 18.8335
51.7725 17.7636
46.3863 35.9012
46.3862 35.9012
41.41 10.7639
41.4138 11.2457
41.6639 43.0889
41.6671 43.4923
34.8218 22.6433
27.0931 29.2837
17.8511 7.5025
17.8862 7.9714
19.2601 26.2461
18.8979 25.5088
21.0715 43.25
21.1011 43.4915
18.4289 38.0646
15.4351 37.7851
10.9282 43.0724
4.0968 48.9995
2.1084 28.3624
2.2544 28.6834
7.0365 39.2111
5.8322 34.7235
6.6002 57.344
6.6015 57.3836
7.6355 87.8204
7.7946 92.5252
8.627 111.1733
8.6864 112.5033
8.4718 99.2784
11.9896 101.429
12.8893 92.5337
13.1677 89.7755
14.2749 78.834
14.3014 78.571
15.4018 67.6985
15.4751 66.9712
20.8732 74.6369
23.1148 75.2117
26.8183 54.5076
37.5188 61.2945
46.3017 80.6564
46.4014 80.876
55.0312 99.9012
55.6817 98.5966
58.7955 105.9346
63.2083 99.4925
64.9335 114.7944
64.9512 114.9516
58.6895 95.0454
58.6062 94.7807
50.5776 69.2576
50.5094 69.0407
50.3081 73.5857
50.3081 73.5857
50.0664 55.1245
50 50
