OFV: 313.30146181187143
Runtime: 1.2973691019997204
Gap: -1.5005557119014015e-08
repPt: {0: (50, 50), 7: (34.58055141309774, 29.46786210954843), 8: (33.672177040556356, 48.13770712921182), 1: (27.51052651582478, 50.47822740206909), 2: (31.612800078250025, 73.38914701939976), 11: (32.13216225774688, 76.29017220893631), 12: (35.8061296174439, 96.81136597216329), 3: (42.57206385013605, 91.78349169573458), 4: (53.16471753456267, 118.8403784118692), 10: (94.03944469136052, 114.72771865032246), 9: (93.08799601207394, 88.34007344833807), 6: (85.49837057868464, 84.67191869310722), 5: (81.87618984012906, 71.85422137221813), 14: (50.89162059026047, 96.36862349332179), 13: (43.07169968697181, 62.61110015598526)}
solType: IP_Optimal
lowerBound: 313.3014665131344
upperBound: 313.30146181187143
Path: 
50 50
34.5806 29.4679
33.6722 48.1377
27.5105 50.4782
31.6128 73.3891
32.1322 76.2902
35.8061 96.8114
42.5721 91.7835
53.1647 118.8404
94.0394 114.7277
93.088 88.3401
85.4984 84.6719
81.8762 71.8542
50.8916 96.3686
43.0717 62.6111
50 50
