OFV: 304.9485484150264
Runtime: 31.057049990980886
Gap: -7.665352787593204e-08
repPt: {0: (50, 50), 11: (66.12346355924903, 27.25960822223002), 12: (70.11599264207275, 55.18705946380267), 7: (73.8620919972925, 81.37566624069004), 8: (75.76533405187487, 94.69318770654957), 5: (86.05910604286119, 88.61847340790901), 1: (86.76013581826088, 93.17491189142719), 6: (89.70000971835672, 112.30495149226232), 2: (86.77345724196583, 117.04543791484325), 16: (55.58099356994314, 119.81765252948827), 18: (54.0850442524759, 116.25350785679993), 15: (47.074654177909274, 94.86656878004129), 17: (45.31000099837576, 89.47974985146273), 4: (43.59489187605737, 84.24400090631727), 14: (39.57363958958199, 71.9734258572479), 3: (36.79135765820645, 63.48187046530809), 13: (30.041109354357452, 46.053606090065536), 9: (16.764001390055938, 48.37325089783562), 10: (17.000801185722807, 58.80059731006313)}
solType: IP_Optimal
lowerBound: 304.94857179040844
upperBound: 304.9485484150264
Path: 
50 50
66.1235 27.2596
70.116 55.1871
73.8621 81.3757
75.7653 94.6932
86.0591 88.6185
86.7601 93.1749
89.7 112.305
86.7735 117.0454
55.581 119.8177
54.085 116.2535
47.0747 94.8666
45.31 89.4797
43.5949 84.244
39.5736 71.9734
36.7914 63.4819
30.0411 46.0536
16.764 48.3733
17.0008 58.8006
50 50
