OFV: 973.9339303582223
Runtime: 1893.8366664019413
Gap: None
repPt: {0: (50, 50), 52: (58.13086722840743, 56.396909050386746), 51: (55.85226199049325, 29.026566747771156), 12: (55.82789431881008, 28.73389673849697), 11: (55.08725963031352, 19.83732576414507), 42: (55.07648524839534, 19.707919615174546), 41: (54.39697373172945, 11.545565808870062), 59: (54.348041033508615, 10.957826420810745), 60: (57.01885562883688, 25.89961576830845), 21: (57.03684804755485, 26.000266613751776), 22: (59.76468287977521, 41.26087083320599), 9: (59.8457178663419, 41.71418576403522), 10: (64.7418623030383, 69.10585316331517), 40: (66.76467848039873, 61.898375712593115), 39: (67.54270714651975, 45.857685578007214), 56: (67.61947900457399, 44.274195883125586), 55: (68.80883865024046, 19.75042259332644), 43: (69.13885678203039, 18.79984901276931), 44: (75.29299689659841, 35.68295359281409), 66: (75.28114186363095, 34.907023706842445), 65: (74.99797766824484, 16.3719672663796), 57: (85.61655733531599, 16.155605374084537), 58: (87.00234412026832, 24.225249651493186), 31: (81.24268089301711, 21.044553886768586), 32: (82.41678366693638, 45.824785945906065), 29: (88.50617017299352, 40.76713772581675), 30: (92.41140600342287, 67.73753352259236), 62: (92.28949124685325, 81.8168802378841), 61: (90.18355999992933, 69.77578839050398), 77: (89.25859958534087, 64.48712405474271), 78: (88.38164990472474, 94.19560675065492), 33: (88.36943159154865, 94.60840476727257), 34: (88.13309314239213, 102.61348023589193), 45: (86.75623667756686, 94.89342995996435), 46: (85.3639118245055, 113.70311019324369), 20: (82.89916734130725, 123.50905823401396), 19: (72.03086589216373, 95.21317210910631), 5: (72.03086405494582, 95.2131729789297), 6: (67.36481063000586, 113.10878882342547), 54: (59.647507234713096, 120.78500007763283), 53: (55.08647837487137, 102.33256333175989), 74: (51.415272571731826, 103.74116049961816), 73: (38.708953841200696, 78.17944262218403), 64: (30.748065212851035, 77.19061831149443), 63: (30.759007857187438, 58.53890355130293), 27: (30.759007929516006, 58.53889440196992), 28: (33.73808255105833, 63.5408820685494), 2: (33.73808297652185, 63.540882219665), 1: (33.59959431744239, 51.288099570598334), 68: (33.580230082603485, 49.577251940811394), 67: (33.1868720544005, 14.777158495845047), 69: (33.166513625845504, 12.978188931418783), 70: (38.15216272298279, 41.08509245419158), 24: (33.27573164143639, 28.524059628636415), 23: (26.355113054433243, 10.697900336441728), 71: (24.499230657294742, 14.761393529874917), 72: (19.67349409978735, 26.923095770924032), 79: (12.28722125334209, 24.87858460080609), 80: (9.96493416149144, 35.61531900407791), 7: (7.19651609684214, 36.96680237691984), 8: (5.177508379220071, 56.207673725646835), 35: (12.40562572009779, 47.77549937909464), 36: (18.282844654089686, 58.26805699424465), 25: (21.371882636381855, 57.35291607424554), 26: (22.426027624336616, 90.82405455277038), 18: (17.29681528971054, 96.24534932643809), 17: (15.004745086631178, 88.09800791145307), 16: (15.077519044510948, 88.65247383295483), 15: (13.682971139953235, 79.87362765564036), 75: (10.278107769299385, 84.7650234272725), 76: (8.428389962103266, 101.00051282605182), 50: (8.30704689844568, 100.15219353110813), 49: (5.816405953568561, 82.73816878029221), 37: (8.079255367451756, 82.22878587769814), 38: (17.762627939209047, 106.19189170532113), 4: (33.25118487087365, 101.53293966867574), 3: (34.63797535393407, 68.65168467031091), 13: (34.668659328337775, 67.92396496446631), 14: (42.80842707056096, 87.6482267143718), 48: (46.78020181988458, 84.36218391505055), 47: (49.80472573262584, 52.084425064508224)}
lowerBound: 973.9321217083595
upperBound: 973.9339303582223
solType: IP_Optimal
Path: 
50 50
58.1309 56.3969
55.8523 29.0266
55.8279 28.7339
55.0873 19.8373
55.0765 19.7079
54.397 11.5456
54.348 10.9578
57.0189 25.8996
57.0368 26.0003
59.7647 41.2609
59.8457 41.7142
64.7419 69.1059
66.7647 61.8984
67.5427 45.8577
67.6195 44.2742
68.8088 19.7504
69.1389 18.7998
75.293 35.683
75.2811 34.907
74.998 16.372
85.6166 16.1556
87.0023 24.2252
81.2427 21.0446
82.4168 45.8248
88.5062 40.7671
92.4114 67.7375
92.2895 81.8169
90.1836 69.7758
89.2586 64.4871
88.3816 94.1956
88.3694 94.6084
88.1331 102.6135
86.7562 94.8934
85.3639 113.7031
82.8992 123.5091
72.0309 95.2132
72.0309 95.2132
67.3648 113.1088
59.6475 120.785
55.0865 102.3326
51.4153 103.7412
38.709 78.1794
30.7481 77.1906
30.759 58.5389
30.759 58.5389
33.7381 63.5409
33.7381 63.5409
33.5996 51.2881
33.5802 49.5773
33.1869 14.7772
33.1665 12.9782
38.1522 41.0851
33.2757 28.5241
26.3551 10.6979
24.4992 14.7614
19.6735 26.9231
12.2872 24.8786
9.9649 35.6153
7.1965 36.9668
5.1775 56.2077
12.4056 47.7755
18.2828 58.2681
21.3719 57.3529
22.426 90.8241
17.2968 96.2453
15.0047 88.098
15.0775 88.6525
13.683 79.8736
10.2781 84.765
8.4284 101.0005
8.307 100.1522
5.8164 82.7382
8.0793 82.2288
17.7626 106.1919
33.2512 101.5329
34.638 68.6517
34.6687 67.924
42.8084 87.6482
46.7802 84.3622
49.8047 52.0844
50 50
