OFV: 276.7187831066628
Runtime: 0.2994821110041812
Gap: -2.6987314838037907e-08
repPt: {0: (50, 50), 3: (18.204559719487136, 10.94755255073742), 4: (21.060501748033555, 30.88458472016311), 5: (23.354895137105874, 46.882269610708136), 6: (29.29107564604653, 75.5710836690051), 1: (52.95681205685241, 75.53006093535961), 2: (59.69104508436693, 86.17105979483318), 10: (93.56994840149245, 98.82283177561268), 9: (91.63359577608921, 79.37488429688796), 8: (77.17196214104703, 66.75565001934973), 7: (71.14756597115438, 40.87786052482404)}
solType: IP_Optimal
lowerBound: 276.7187905745597
upperBound: 276.7187831066628
Path: 
50 50
18.2046 10.9476
21.0605 30.8846
23.3549 46.8823
29.2911 75.5711
52.9568 75.5301
59.691 86.1711
93.5699 98.8228
91.6336 79.3749
77.172 66.7557
71.1476 40.8779
50 50
