OFV: 393.07506084736656
Runtime: 0.059060677071101964
Gap: None
repPt: {0: (50, 50), 10: (78.60562050610272, 73.24800842578367), 9: (80.78197692923375, 41.92276331555952), 13: (91.20456039078479, 29.492623739408245), 14: (95.99282067779598, 58.97037498693653), 6: (83.64683491362327, 55.60672344185934), 5: (73.42795127185823, 26.253179211382758), 7: (73.42795388270677, 26.25333706838915), 8: (75.12709467216153, 49.77991597283856), 16: (68.47935300532484, 47.13752895123714), 15: (60.49504629623608, 29.137560377532093), 12: (38.89300482607457, 19.950739251700522), 11: (31.69223301598833, 4.192796832455336), 1: (22.055013256046863, 19.317575811732112), 2: (25.865530843151618, 36.31190692676983), 19: (35.59543122413328, 60.66487814784915), 20: (45.58761791857248, 88.48580949796319), 18: (44.48150616759313, 80.33449817550711), 17: (41.71491579649872, 59.97044733915277), 4: (47.03761759880283, 57.650906741725045), 3: (49.18864482265666, 44.99997786695987)}
lowerBound: 393.03937701206115
upperBound: 393.07506084736656
solType: IP_Optimal
Path: 
50 50
78.6056 73.248
80.782 41.9228
91.2046 29.4926
95.9928 58.9704
83.6468 55.6067
73.428 26.2532
73.428 26.2533
75.1271 49.7799
68.4794 47.1375
60.495 29.1376
38.893 19.9507
31.6922 4.1928
22.055 19.3176
25.8655 36.3119
35.5954 60.6649
45.5876 88.4858
44.4815 80.3345
41.7149 59.9704
47.0376 57.6509
49.1886 45.0
50 50
