OFV: 245.89094686865963
Runtime: 0.02205904305446893
Gap: None
repPt: {0: (50, 50), 11: (13.448166351966261, 47.81631671516689), 12: (15.97724247925971, 58.71731101064688), 3: (17.250093471428475, 64.20612199360906), 4: (23.93576941354924, 93.02915022252931), 10: (24.254670128028053, 94.40430037423575), 9: (26.914584571478645, 77.67922845877791), 1: (56.187402476432446, 70.96124916103207), 2: (67.23504399606522, 81.24128614308536), 5: (92.2720773379375, 85.77894882245916), 6: (95.41568658433285, 92.23513639072955), 8: (94.83648206530663, 90.56501495020089), 7: (87.05910376312688, 68.14036707969632)}
lowerBound: 245.89091877249663
upperBound: 245.89094686865963
solType: IP_Optimal
Path: 
50 50
13.4482 47.8163
15.9772 58.7173
17.2501 64.2061
23.9358 93.0292
24.2547 94.4043
26.9146 77.6792
56.1874 70.9612
67.235 81.2413
92.2721 85.7789
95.4157 92.2351
94.8365 90.565
87.0591 68.1404
50 50
