OFV: 305.31385675938026
Runtime: 0.0659258309751749
Gap: None
repPt: {0: (50, 50), 1: (33.31637113634179, 80.51063550765872), 2: (37.4996273908866, 111.47669704565747), 10: (65.77329538658549, 108.66658274094799), 9: (65.5736999485993, 91.87100728136444), 6: (53.52437118523747, 102.52813832260817), 5: (53.22124851721886, 78.35782287318845), 8: (60.65594116791138, 82.23186864008878), 7: (63.635510280691335, 63.70786555909389), 4: (96.04486996795947, 32.254447357913875), 3: (92.3540432523267, 11.03996735715345), 11: (83.41970793491663, 12.285142843874967), 12: (79.58337601803237, 21.062153271308016)}
lowerBound: 305.3138377555872
upperBound: 305.31385675938026
solType: IP_Optimal
Path: 
50 50
33.3164 80.5106
37.4996 111.4767
65.7733 108.6666
65.5737 91.871
53.5244 102.5281
53.2212 78.3578
60.6559 82.2319
63.6355 63.7079
96.0449 32.2544
92.354 11.04
83.4197 12.2851
79.5834 21.0622
50 50
