OFV: 283.9056621142312
Runtime: 0.27501763100735843
Gap: None
repPt: {0: (50, 50), 11: (66.66641585477554, 97.31250872840083), 12: (69.80522365440859, 106.22260564346769), 14: (34.981913538300304, 79.2063751471491), 13: (27.748081885278136, 66.59114823477022), 8: (20.648918510625652, 76.5088097016446), 7: (13.718760382176141, 68.63264536875135), 16: (8.309474738276498, 62.485993329597235), 15: (5.828820977153291, 39.12438656399527), 4: (15.375970602623452, 43.736826868665744), 3: (14.585607002830649, 21.241252571360608), 5: (18.518450814709066, 28.267499266028654), 6: (27.00560863255344, 43.429671680664946), 9: (38.55484484931372, 42.5407170445555), 10: (43.89256586102605, 65.70307416946642), 2: (43.99814471531249, 65.07760423013012), 1: (45.66190284837761, 55.21996438758196)}
lowerBound: 283.90564195043396
upperBound: 283.9056621142312
solType: IP_Optimal
Path: 
50 50
66.6664 97.3125
69.8052 106.2226
34.9819 79.2064
27.7481 66.5911
20.6489 76.5088
13.7188 68.6326
8.3095 62.486
5.8288 39.1244
15.376 43.7368
14.5856 21.2413
18.5185 28.2675
27.0056 43.4297
38.5548 42.5407
43.8926 65.7031
43.9981 65.0776
45.6619 55.22
50 50
