OFV: 580.555388379596
Runtime: 370.19518445804715
Gap: None
Path: 
50 50
50.0146 50.1008
50.0307 50.212
50.5549 53.8378
52.6484 68.3314
53.4285 73.7263
53.6014 74.9214
54.1555 78.7523
54.4902 81.0658
54.7755 83.0377
55.003 84.611
56.6072 95.7165
56.4309 99.061
56.2521 102.4482
56.1772 103.8564
71.6341 74.9374
71.6821 74.9879
71.7318 75.0402
71.7834 75.0946
75.6445 83.6973
77.5461 87.9409
80.2859 94.05
81.7831 97.3923
83.5788 101.4
83.6809 101.5144
97.66 102.4586
96.9653 98.8147
96.2873 95.2584
94.8997 87.9632
94.4717 85.7206
94.0281 83.3956
93.6891 81.6199
93.0723 78.3844
89.7221 60.7431
88.2435 52.9776
90.9816 49.9253
92.1815 46.5474
93.2674 43.4958
93.7085 42.2584
93.9583 41.5584
94.127 41.0861
92.4959 31.4176
92.1621 29.4427
91.115 23.2385
90.9908 22.5039
90.3851 18.9159
89.392 13.0282
88.1477 9.0407
87.6039 8.5693
87.157 8.1819
87.157 8.1819
53.532 6.9504
51.6483 13.7128
51.0595 15.8348
50.5254 17.7599
50.1543 19.0982
50.8148 34.5652
46.9544 38.2076
41.0099 43.8176
25.5812 58.3898
25.527 58.9328
25.4773 59.431
24.4098 70.0091
23.6415 77.6401
22.927 84.7395
21.6817 97.0719
20.467 109.0766
15.2255 96.5408
12.263 89.4542
9.756 78.6106
8.4781 73.0829
8.1309 71.5812
10.431 67.4519
9.5916 60.5222
9.0644 56.1655
7.1761 40.578
9.8049 44.4728
15.4548 52.841
15.029 49.3277
14.121 41.8281
13.6323 37.7956
13.2931 34.9978
13.2152 34.3564
12.4995 28.4435
11.5845 20.8783
10.4882 11.8088
10.9264 11.1874
27.6884 8.9822
28.3538 8.8953
29.0021 9.8383
29.5186 16.4023
29.9501 21.9304
30.4743 28.616
30.7884 32.6464
30.9065 34.1709
31.0212 35.6523
32.4148 41.8189
33.401 46.1782
34.7034 51.9416
35.4987 51.8472
39.6263 51.3548
50 50
