OFV: 289.0764429682313
Runtime: 0.11103739403188229
Gap: None
repPt: {0: (50, 50), 1: (39.97272519416265, 51.41206669756226), 2: (33.74939499662569, 75.9095710240831), 10: (18.637913039372677, 71.38202323487896), 9: (9.193558104112508, 58.49328916636835), 11: (9.193557598523906, 58.493288769169716), 12: (12.035889842058854, 86.23895569714392), 3: (78.45671625817913, 90.00331426861365), 4: (85.49687483618216, 98.99086511622978), 6: (95.27420481648053, 95.67374833874878), 5: (92.58474794785047, 73.57620462057389), 8: (90.22581003191583, 68.70672754853547), 7: (86.91534365062168, 61.88468875062382), 14: (71.60999985088426, 46.86421414206755), 13: (62.88225074442911, 38.30096895100066), 15: (46.635137874991386, 31.19605127385245), 16: (48.60714524813827, 42.216832518298865)}
lowerBound: 289.07642908079305
upperBound: 289.0764429682313
solType: IP_Optimal
Path: 
50 50
39.9727 51.4121
33.7494 75.9096
18.6379 71.382
9.1936 58.4933
9.1936 58.4933
12.0359 86.239
78.4567 90.0033
85.4969 98.9909
95.2742 95.6737
92.5847 73.5762
90.2258 68.7067
86.9153 61.8847
71.61 46.8642
62.8823 38.301
46.6351 31.1961
48.6071 42.2168
50 50
