OFV: 346.73273736253446
Runtime: 2.078395940014161
Gap: 2.7437886248539032e-08
repPt: {0: (50, 50), 1: (37.227666224910706, 48.498718758252025), 2: (35.42464490382125, 79.58171222686791), 10: (16.57819721583219, 74.8446201802627), 9: (8.450519954731645, 54.31044427906083), 11: (6.620922678385776, 55.259715518856765), 12: (9.194808154282223, 89.05929817529565), 3: (79.94815683052819, 86.23537473500318), 4: (84.83984455411431, 103.01582043583538), 6: (98.66896177596223, 97.78945658324699), 5: (96.79973946813439, 73.2579188314216), 8: (95.13695874774963, 72.40099497547745), 7: (90.32107932870437, 59.75103115427902), 14: (69.97196981035779, 48.14087839713985), 13: (64.73231990376168, 34.67363746950964), 15: (44.34509590263847, 27.89490049137808), 16: (47.71963000151751, 41.08164977679674)}
solType: IP_Optimal
lowerBound: 346.73272784892106
upperBound: 346.73273736253446
Path: 
50 50
37.2277 48.4987
35.4246 79.5817
16.5782 74.8446
8.4505 54.3104
6.6209 55.2597
9.1948 89.0593
79.9482 86.2354
84.8398 103.0158
98.669 97.7895
96.7997 73.2579
95.137 72.401
90.3211 59.751
69.972 48.1409
64.7323 34.6736
44.3451 27.8949
47.7196 41.0816
50 50
