OFV: 351.22491304497817
Runtime: 0.07061683107167482
Gap: None
repPt: {0: (50, 50), 18: (41.43098675291277, 61.79266085964148), 17: (36.94160452326064, 33.69408130785528), 2: (36.20765256046902, 29.09907436091392), 1: (32.96920956207683, 8.827329946849384), 15: (64.43193700864099, 12.288544618470544), 16: (71.71696202333678, 36.192129667046416), 9: (82.93344268480051, 72.99267873449733), 10: (86.083708827167, 86.9378848589544), 3: (73.74480546165312, 82.40251859120433), 4: (69.38311085502954, 99.12270428477068), 6: (66.52164940067001, 101.80351005552194), 5: (57.52269103670896, 92.23526882065246), 13: (34.20125820600549, 90.77796189603812), 14: (28.86059063425332, 104.93731480926262), 8: (25.644669058938316, 109.24076275834837), 7: (27.203498916171224, 87.56454297115559), 12: (28.19714882626064, 73.75063301835948), 11: (30.104683975301196, 47.240474159273695)}
lowerBound: 351.2248896788366
upperBound: 351.22491304497817
solType: IP_Optimal
Path: 
50 50
41.431 61.7927
36.9416 33.6941
36.2077 29.0991
32.9692 8.8273
64.4319 12.2885
71.717 36.1921
82.9334 72.9927
86.0837 86.9379
73.7448 82.4025
69.3831 99.1227
66.5216 101.8035
57.5227 92.2353
34.2013 90.778
28.8606 104.9373
25.6447 109.2408
27.2035 87.5645
28.1971 73.7506
30.1047 47.2405
50 50
