OFV: 1071.4540280374367
Runtime: 270.3383834960405
Gap: None
Path: 
50 50
57.0778 69.9652
56.0778 56.8395
55.0151 42.8655
54.7809 39.8128
56.6921 41.6464
62.5882 57.5318
64.8523 63.6436
68.4887 75.9958
69.3686 78.9927
69.5915 79.7549
70.6702 83.4272
78.3935 107.9237
89.8826 107.1793
89.5017 93.4551
88.9257 72.5804
88.494 56.9902
89.2319 52.2177
90.2063 45.9063
89.9844 36.9619
89.7418 27.1892
89.5955 21.3648
89.9839 18.4989
91.9775 3.8948
94.1138 12.1376
96.6413 21.8963
97.3563 31.018
97.9699 38.8307
98.9509 51.3834
99.3797 56.8308
101.0315 78.0427
73.2095 60.9956
70.2574 59.186
69.735 54.807
69.4551 52.4467
68.2345 42.2534
67.8468 40.19
65.8924 29.7188
64.7612 23.6715
72.8898 24.0676
72.4535 12.7936
64.8958 13.0312
65.1187 14.5975
67.9168 34.3678
68.56 38.9028
64.1537 46.2254
62.7412 62.7644
62.1417 69.7851
61.1785 81.059
60.1648 92.9249
60.1185 93.4676
55.6531 125.7004
52.388 106.5476
50.2855 94.2051
49.9072 81.4079
48.8673 72.0569
47.7608 62.1082
46.6204 51.8576
44.1697 29.9107
43.9605 28.0167
43.1768 20.971
41.7354 8.0766
38.4561 7.8891
34.7361 8.7508
35.8553 20.4395
37.1599 34.0683
37.5008 37.6011
37.9595 42.3622
38.4339 47.2875
39.215 55.4206
39.4554 57.9093
39.9225 62.7655
41.1346 75.5115
39.6189 77.3189
38.9541 78.1107
34.1642 83.8272
33.9906 82.2877
33.6873 79.6083
33.1989 75.2953
32.3503 67.8179
31.8168 63.1052
31.7305 62.3332
31.5728 60.9281
31.2884 58.4059
29.8445 45.7145
28.2341 38.9363
21.5876 10.9303
14.1203 9.2224
18.4055 28.0435
19.8207 34.2515
20.2002 69.517
20.2004 69.7411
20.2031 105.1646
19.3052 114.9261
9.8197 89.3269
7.5113 84.0757
5.9439 62.6552
14.0605 53.431
23.5927 85.1111
23.6555 85.3198
25.2323 59.9562
50 50
