OFV: 290.39222396563315
Runtime: 1.1844749529846013
Gap: 6.828607568311017e-09
repPt: {0: (50, 50), 1: (36.8330953027794, 82.33004205314487), 2: (36.12492869159279, 101.75563339638529), 9: (35.02955103799251, 99.31780516803518), 10: (38.137422783557504, 110.18626818340887), 4: (47.148494800843395, 108.9370927708255), 3: (44.504543563793135, 80.63484545818574), 6: (78.55473490873769, 100.82858848840438), 5: (77.63927899428708, 81.24428980241444), 12: (77.24751911789014, 72.86685657662001), 11: (76.162229677862, 49.64149846731052), 8: (77.3355923410505, 51.335193473085205), 7: (70.91831002609966, 18.134182611634053), 13: (66.98611560254463, 8.075048912457632), 14: (64.22804123636037, 32.052722518423906)}
solType: IP_Optimal
lowerBound: 290.3922219826586
upperBound: 290.39222396563315
Path: 
50 50
36.8331 82.33
36.1249 101.7556
35.0296 99.3178
38.1374 110.1863
47.1485 108.9371
44.5045 80.6348
78.5547 100.8286
77.6393 81.2443
77.2475 72.8669
76.1622 49.6415
77.3356 51.3352
70.9183 18.1342
66.9861 8.075
64.228 32.0527
50 50
