OFV: 835.0791401647288
Runtime: 129.0762166340137
Gap: None
Path: 
50 50
57.6595 60.4318
58.7191 54.3632
58.7411 45.5953
58.7467 42.4274
58.7539 38.4854
58.7685 31.5305
58.7905 21.7087
59.4183 16.5613
60.6086 6.8542
60.7785 5.4597
75.2414 6.4923
76.6112 12.5566
80.2961 28.8262
81.2592 33.0921
82.7081 39.5088
87.011 58.5262
93.5643 44.1287
94.251 36.2959
94.8075 29.9267
95.1849 12.9435
95.2133 11.7029
95.2396 10.5527
76.8429 22.1936
77.2308 29.4316
77.7712 39.4639
78.9586 46.7744
79.4395 49.7416
81.3723 61.6675
82.9007 71.0849
83.2449 73.2103
87.164 77.0899
95.5758 109.7711
84.5124 114.9671
81.8128 109.7193
77.9643 102.2485
71.8873 89.961
70.4332 87.0216
65.9641 77.9915
64.5202 75.0729
64.4068 90.3417
64.372 95.0476
64.2299 113.7974
46.3731 102.2037
44.9201 87.3627
44.7556 85.6701
43.1294 68.9936
42.8675 66.2998
41.9707 57.091
41.2879 50.0769
40.8655 45.7357
38.5042 21.608
38.4281 20.8242
26.9222 8.1296
26.0016 20.2625
25.0974 32.1621
25.1255 34.7479
25.2984 50.8646
25.4114 61.2617
25.2665 62.244
24.7924 65.4759
25.2199 77.4532
25.625 88.801
23.3953 98.0824
21.7608 104.8899
16.1837 128.1013
10.6292 108.9617
10.0886 99.0536
6.9231 96.6715
5.9001 93.074
2.5714 81.3646
2.4687 81.0033
3.6558 82.3826
10.928 90.8053
8.2297 64.0193
7.0545 52.3764
4.5155 27.1792
16.0277 24.9207
16.7752 32.1266
19.0062 53.609
19.1435 54.933
50 50
