OFV: 330.3251258574523
Runtime: 0.30873163300566375
Gap: None
repPt: {0: (50, 50), 16: (44.28486144160471, 33.57789221643196), 15: (40.374416446047896, 9.685047141831387), 5: (71.70331571389836, 9.126127037092399), 6: (77.55487166893401, 16.539930323906095), 7: (95.42163494225636, 11.46167734502227), 8: (94.37939317402166, 29.51629890546068), 1: (94.17144559223946, 33.13489439040582), 2: (93.37555870460031, 46.89744936650127), 17: (35.52872852580647, 93.48211275048097), 18: (32.864836431536204, 116.40098408029505), 12: (18.705487927308916, 102.54164765616518), 11: (11.940632198444705, 83.26045178561219), 4: (29.651352848712794, 79.07930370223157), 3: (31.530843900364363, 74.4798427456101), 10: (32.268762382614945, 75.71329590455184), 9: (35.36063203632163, 68.7227136477144), 14: (35.74391173953041, 67.91442556088299), 13: (38.65823616283907, 61.78028998415985)}
lowerBound: 330.3251099522285
upperBound: 330.3251258574523
solType: IP_Optimal
Path: 
50 50
44.2849 33.5779
40.3744 9.685
71.7033 9.1261
77.5549 16.5399
95.4216 11.4617
94.3794 29.5163
94.1714 33.1349
93.3756 46.8974
35.5287 93.4821
32.8648 116.401
18.7055 102.5416
11.9406 83.2605
29.6514 79.0793
31.5308 74.4798
32.2688 75.7133
35.3606 68.7227
35.7439 67.9144
38.6582 61.7803
50 50
