OFV: 1041.9411727640872
Runtime: 3600.1425849790685
Gap: None
repPt: {0: (50, 50), 64: (52.93197005605498, 51.8762208992235), 63: (48.691410870804276, 36.52554244274427), 98: (48.082049384147204, 34.3196663648465), 97: (41.412710881990314, 10.176965940042534), 41: (35.11064428937525, 7.823964066944525), 42: (31.561815895250025, 29.62897301347193), 71: (31.17353336313799, 32.01377610469279), 72: (30.3741024050096, 49.952611624526305), 81: (30.37410187185777, 49.952612134564816), 82: (31.64462875151724, 69.25738714422712), 74: (31.644629317769745, 69.25738782297994), 73: (29.4915259360742, 46.227324959546685), 37: (29.356960344843266, 44.793373197234466), 38: (29.446154586754417, 55.100289941259355), 19: (29.394285100402836, 51.09064508857966), 20: (27.773641591405497, 62.99348390781475), 91: (19.822739301974366, 69.11275246038406), 92: (17.263748082158493, 87.50268206278714), 6: (17.19085217823533, 86.50192550916955), 5: (16.33954041385386, 74.8162351471036), 79: (12.584064071584164, 78.84915515986843), 80: (13.047090688013355, 92.06298474257748), 11: (13.196250113632194, 96.32078099753417), 12: (14.253553695807588, 126.49684474287248), 66: (35.2124175024854, 129.93279927239922), 65: (34.48061100856597, 102.57567787984078), 86: (31.615315583943207, 104.26949892613112), 85: (29.938486240874518, 94.08860703491263), 56: (30.818429076305147, 96.05672756281878), 55: (27.30196898348271, 80.56907634376468), 23: (27.34078292041251, 80.66433739918205), 24: (31.18846071225939, 90.10736349944668), 4: (32.1590028636255, 89.9229004612967), 3: (30.400003373209476, 59.16386986612663), 13: (30.400003209798815, 59.163869070415856), 14: (32.44544205524, 75.6719955629858), 87: (34.235512583876094, 72.086697195889), 88: (37.16598967558065, 81.01495486084771), 89: (37.98263517127331, 80.13273907041115), 90: (44.39999776572365, 94.56441456614951), 84: (44.39999818601654, 94.5644152223244), 83: (46.010993341107834, 81.03072026884642), 51: (46.02493435346273, 80.91370496079938), 52: (50.21668247779983, 88.76028716960542), 99: (50.22299960245748, 88.77210774654652), 100: (53.18934469155071, 94.32491592012883), 78: (53.28644325039417, 92.05065495124519), 77: (53.87944494914113, 78.15885693547611), 18: (53.88963172580489, 77.92037100981881), 17: (54.707376029428126, 58.764153721281545), 10: (56.4307782423907, 57.2581130980106), 9: (57.57531242590922, 42.47738979422424), 48: (57.893422842895646, 42.8737326915583), 47: (62.472839771420794, 12.068973373184129), 15: (63.01864690103014, 8.398592093067402), 16: (67.73735383260565, 32.27910426091108), 61: (67.81938192883011, 32.69420721215277), 62: (70.24921138586504, 44.991229566079774), 96: (70.24921211425122, 44.9912320897894), 95: (69.25571831497027, 35.16382534026063), 36: (69.2098756345747, 34.71037839761021), 35: (66.40182385639838, 6.935289100276742), 45: (66.55369742228498, 7.609865807197294), 46: (70.66315333575174, 25.86826107725508), 22: (71.20592381404984, 25.743470268029796), 21: (72.24109197129775, 11.745542744943993), 93: (82.03713053166474, 15.703437564865464), 94: (87.71845081108552, 33.40458449017773), 1: (96.96992079603989, 27.623881881704417), 2: (98.03299431402647, 52.4914719790816), 76: (87.34608195258289, 66.38460143114501), 75: (85.21248640056619, 47.16416325539673), 33: (85.21248978892281, 47.16416396662086), 34: (88.5103974729856, 76.99215918596575), 69: (88.52813536199292, 77.15251258324112), 70: (89.2760650178755, 83.91739801232659), 53: (89.29294379406944, 84.06998868407749), 54: (90.1872279709617, 92.15861756781878), 49: (97.64541428599732, 84.25218510348859), 50: (99.53590933596546, 99.43226646121772), 8: (89.3573504064888, 102.28936376731367), 7: (80.03153760288015, 80.53036968340065), 43: (80.00458915428433, 80.91062538253868), 44: (78.5427345402798, 101.54297993941691), 28: (72.7871578310488, 107.39324969292711), 27: (71.36247649180007, 91.40818094384112), 60: (74.42911576999133, 94.35319299693506), 59: (72.7329957882218, 87.04810465346641), 58: (70.36701814358062, 89.06165511722762), 57: (69.39284056873284, 79.3902521582053), 68: (73.46189428689017, 82.63472331556164), 67: (70.52874266563136, 58.523505931478994), 25: (70.11657495827781, 59.33222361513474), 26: (65.23238359195764, 68.91546792722107), 39: (60.70816252745136, 70.44004601271575), 40: (58.48367413030218, 83.86871667710045), 30: (57.99792994703526, 86.80095911944365), 29: (56.439566676387315, 74.39740797840822), 32: (56.43366081721648, 74.35040136994216), 31: (52.92329392623838, 46.406732818294344)}
lowerBound: 1036.4487865749875
upperBound: 1041.9411727640872
solType: IP_TimeLimit
Path: 
50 50
52.932 51.8762
48.6914 36.5255
48.082 34.3197
41.4127 10.177
35.1106 7.824
31.5618 29.629
31.1735 32.0138
30.3741 49.9526
30.3741 49.9526
31.6446 69.2574
31.6446 69.2574
29.4915 46.2273
29.357 44.7934
29.4462 55.1003
29.3943 51.0906
27.7736 62.9935
19.8227 69.1128
17.2637 87.5027
17.1909 86.5019
16.3395 74.8162
12.5841 78.8492
13.0471 92.063
13.1963 96.3208
14.2536 126.4968
35.2124 129.9328
34.4806 102.5757
31.6153 104.2695
29.9385 94.0886
30.8184 96.0567
27.302 80.5691
27.3408 80.6643
31.1885 90.1074
32.159 89.9229
30.4 59.1639
30.4 59.1639
32.4454 75.672
34.2355 72.0867
37.166 81.015
37.9826 80.1327
44.4 94.5644
44.4 94.5644
46.011 81.0307
46.0249 80.9137
50.2167 88.7603
50.223 88.7721
53.1893 94.3249
53.2864 92.0507
53.8794 78.1589
53.8896 77.9204
54.7074 58.7642
56.4308 57.2581
57.5753 42.4774
57.8934 42.8737
62.4728 12.069
63.0186 8.3986
67.7374 32.2791
67.8194 32.6942
70.2492 44.9912
70.2492 44.9912
69.2557 35.1638
69.2099 34.7104
66.4018 6.9353
66.5537 7.6099
70.6632 25.8683
71.2059 25.7435
72.2411 11.7455
82.0371 15.7034
87.7185 33.4046
96.9699 27.6239
98.033 52.4915
87.3461 66.3846
85.2125 47.1642
85.2125 47.1642
88.5104 76.9922
88.5281 77.1525
89.2761 83.9174
89.2929 84.07
90.1872 92.1586
97.6454 84.2522
99.5359 99.4323
89.3574 102.2894
80.0315 80.5304
80.0046 80.9106
78.5427 101.543
72.7872 107.3932
71.3625 91.4082
74.4291 94.3532
72.733 87.0481
70.367 89.0617
69.3928 79.3903
73.4619 82.6347
70.5287 58.5235
70.1166 59.3322
65.2324 68.9155
60.7082 70.44
58.4837 83.8687
57.9979 86.801
56.4396 74.3974
56.4337 74.3504
52.9233 46.4067
50 50
