OFV: 520.690437090586
Runtime: 229.49018424598034
Gap: None
Path: 
50 50
47.5698 49.2521
43.995 48.1508
40.8958 47.1967
36.661 32.4609
32.5342 29.1086
23.1793 21.5121
10.2854 11.0439
8.97 19.0474
8.8847 22.848
8.6167 34.914
8.5936 35.9278
11.12 36.73
13.2912 37.419
15.1348 65.1031
9.7965 84.7226
12.3059 96.9814
14.6065 108.2211
16.3953 108.7903
22.8089 99.2423
23.6434 99.5357
31.3091 116.9617
33.2997 117.0873
34.2458 114.2783
37.3589 105.0455
38.4879 101.694
38.3757 87.2048
38.3115 78.701
38.2458 78.0931
49.1048 86.3241
48.227 71.1824
47.8543 64.762
46.4154 39.8968
62.3196 12.007
62.3196 12.007
64.7657 20.0192
66.259 24.9125
70.329 38.2388
72.3956 45.0088
74.7652 52.771
75.5519 55.3506
76.086 59.7469
76.7169 64.9448
76.8853 66.3333
78.217 77.287
78.277 80.5833
78.3613 85.1955
78.6313 99.783
78.9419 116.5155
79.0371 121.7149
72.6322 103.8608
71.0507 98.8796
69.6247 94.3881
68.4763 90.7704
67.7306 88.4205
65.697 82.0167
63.188 74.1172
61.5219 68.8701
59.4832 62.451
57.3101 55.6092
55.7027 50.5464
50 50
