OFV: 1319.273697492336
Runtime: 3.065108467126265
Gap: None
repPt: {0: (50, 50), 40: (45.051100317891986, 53.290162260605186), 39: (35.51109859333515, 18.53033815730424), 61: (26.18408821616126, 6.2667731033419445), 62: (25.51571841191585, 18.960361109898482), 41: (21.736054262382957, 22.13044994749728), 42: (22.64706827444825, 54.76119856396295), 25: (24.99638973269107, 54.035435684568114), 26: (29.667559419328928, 86.44858726882308), 1: (26.146695721516874, 79.829468321005), 2: (25.128263178043007, 98.43217094039711), 14: (23.531476998014817, 101.147453268688), 13: (17.49922000668166, 67.12520425470808), 17: (13.16492039596435, 65.52591343537007), 18: (14.349874863696494, 95.12497850903667), 55: (14.415685951075611, 96.75742533833008), 56: (15.752393993114097, 130.15040222336918), 10: (8.59578837390994, 109.01618488315866), 9: (2.6818852336896186, 80.11989257260325), 35: (2.2246981215166577, 79.98127628916376), 36: (2.6562896294164693, 93.90114912334244), 60: (2.7405255699151057, 96.50058959257555), 59: (2.5794109121048074, 76.25588259395685), 50: (2.4013380980869057, 53.73984369496372), 49: (2.1850611578174277, 26.682049333598144), 69: (13.09544187243056, 31.120680045362484), 70: (18.51377862381562, 57.118519504678545), 8: (19.6280894028802, 57.732067970597754), 7: (22.39633052575571, 33.93050928940591), 75: (25.199381587501982, 33.09771907258501), 76: (31.32945906927603, 58.7476140095456), 65: (37.802428632255, 53.22928460326199), 66: (43.56476803607937, 83.7539577102522), 64: (46.88810948237983, 85.28814476045014), 63: (43.074125149451206, 69.89481032812908), 77: (41.787219194610465, 69.28058287290266), 78: (44.13751307156403, 102.59805983659734), 46: (71.34910067556596, 102.40867695079187), 45: (70.82389561378974, 77.25436302481016), 34: (76.16729968898206, 74.06163666886073), 33: (75.119570926221, 41.902470092142146), 68: (75.11957457765047, 41.90243717971081), 67: (75.3324651207015, 20.53296614073325), 19: (78.74903623250863, 12.76591161035018), 20: (81.26991554978657, 34.90251184735602), 51: (81.30261217374714, 35.19065055217059), 52: (84.29556801597279, 61.46518314637463), 72: (79.85799960282975, 61.31600438719592), 71: (79.90389690341142, 31.85324774371067), 58: (80.98044883482093, 29.90991232882948), 57: (79.9578548163111, 5.32195715726984), 27: (90.14953500286883, 12.26421831393258), 28: (98.31263764749772, 33.45806093420292), 54: (98.21251825608412, 29.691708266257624), 53: (97.72891460836145, 11.487913687116823), 5: (97.66795266142881, 9.199828685694852), 6: (96.01615343764512, 43.57866129967418), 73: (79.05242507732332, 49.10165659460027), 74: (86.1687493986501, 73.45031405538585), 79: (88.89852664591479, 76.09410052807186), 80: (97.38948739293447, 110.61426231021301), 16: (84.0857573707527, 116.94428240603185), 15: (75.10278700784622, 89.326560148452), 3: (74.84446710727914, 88.52995941057812), 4: (77.62005873917788, 111.76901891236123), 48: (68.08204008780211, 115.59163706931963), 47: (64.45781547346348, 92.66562413400688), 24: (64.28735440434218, 91.58209999837219), 23: (60.976335913453525, 70.65395723039359), 22: (60.150346531471776, 65.421147892289), 21: (57.07938275416886, 46.01351746970614), 38: (62.44642206519026, 52.074464756904035), 37: (58.26482303141048, 21.740619037826065), 12: (62.36933836124322, 28.98260109562114), 11: (57.82227466026505, 4.591754330723708), 43: (57.77765265520042, 5.8553450322108045), 44: (56.5117545396734, 40.6352757862992), 30: (56.5014127081497, 40.7065800348906), 29: (51.61684661731929, 23.457630022061732), 31: (44.903838109960724, 21.118490985762328), 32: (48.31033918714079, 45.37206453713463)}
lowerBound: 1319.2736136004303
upperBound: 1319.273697492336
solType: IP_Optimal
Path: 
50 50
45.0511 53.2902
35.5111 18.5303
26.1841 6.2668
25.5157 18.9604
21.7361 22.1304
22.6471 54.7612
24.9964 54.0354
29.6676 86.4486
26.1467 79.8295
25.1283 98.4322
23.5315 101.1475
17.4992 67.1252
13.1649 65.5259
14.3499 95.125
14.4157 96.7574
15.7524 130.1504
8.5958 109.0162
2.6819 80.1199
2.2247 79.9813
2.6563 93.9011
2.7405 96.5006
2.5794 76.2559
2.4013 53.7398
2.1851 26.682
13.0954 31.1207
18.5138 57.1185
19.6281 57.7321
22.3963 33.9305
25.1994 33.0977
31.3295 58.7476
37.8024 53.2293
43.5648 83.754
46.8881 85.2881
43.0741 69.8948
41.7872 69.2806
44.1375 102.5981
71.3491 102.4087
70.8239 77.2544
76.1673 74.0616
75.1196 41.9025
75.1196 41.9024
75.3325 20.533
78.749 12.7659
81.2699 34.9025
81.3026 35.1907
84.2956 61.4652
79.858 61.316
79.9039 31.8532
80.9804 29.9099
79.9579 5.322
90.1495 12.2642
98.3126 33.4581
98.2125 29.6917
97.7289 11.4879
97.668 9.1998
96.0162 43.5787
79.0524 49.1017
86.1687 73.4503
88.8985 76.0941
97.3895 110.6143
84.0858 116.9443
75.1028 89.3266
74.8445 88.53
77.6201 111.769
68.082 115.5916
64.4578 92.6656
64.2874 91.5821
60.9763 70.654
60.1503 65.4211
57.0794 46.0135
62.4464 52.0745
58.2648 21.7406
62.3693 28.9826
57.8223 4.5918
57.7777 5.8553
56.5118 40.6353
56.5014 40.7066
51.6168 23.4576
44.9038 21.1185
48.3103 45.3721
50 50
