OFV: 744.861861414358
Runtime: 80.38141133903991
Gap: None
Path: 
50 50
63.9393 39.8829
66.0854 38.3241
73.0441 54.3142
77.8775 64.3062
83.4353 69.8852
84.6835 58.0132
85.7142 48.2064
86.5561 40.1911
93.8674 21.7302
93.9004 22.4992
93.9632 23.9735
94.3663 33.5647
94.7244 42.071
95.1299 51.7208
95.3752 57.5331
95.5787 62.3481
95.7327 65.9863
96.3437 80.5654
96.7207 89.592
96.8096 91.6855
82.6352 84.3608
82.482 84.2815
82.482 84.2815
82.9589 92.8114
83.0942 95.2264
83.4579 101.736
83.7057 106.159
84.1825 114.6815
84.753 119.7965
85.2446 124.2023
73.1332 115.7509
62.976 108.1086
59.9981 90.1307
59.5536 87.4412
58.6715 82.1088
56.7231 70.3407
54.0344 54.1081
53.9037 53.316
49.3488 45.6508
48.2896 43.8698
42.3979 33.9537
41.1416 31.841
38.1194 18.6649
33.8117 7.543
28.6791 9.3548
27.2969 19.5751
27.5131 22.9411
27.555 23.5903
28.1455 32.8481
29.0079 46.3964
29.3404 51.5973
29.4904 53.9365
30.083 63.2283
31.3997 83.963
24.5503 73.6858
24.5503 73.6858
18.0261 53.2268
13.2756 38.3267
8.7001 23.9749
7.0773 38.8756
6.8395 41.781
6.7046 43.4241
6.3996 47.1634
7.2333 61.8727
7.7047 70.1828
7.5045 71.564
5.4975 85.4425
6.6709 91.0277
11.7102 115.0354
11.7102 115.0354
31.0197 127.1533
34.7111 103.0557
49.0928 101.8588
47.6483 83.1694
42.8962 78.3315
42.8962 78.3315
40.1244 67.3263
48.607 78.9326
46.6712 60.1363
48.6321 54.1633
50 50
