OFV: 289.0764300558493
Runtime: 116.90356001100736
Gap: -1.6683042358420296e-08
repPt: {0: (50, 50), 1: (39.972792893555685, 51.41200912705184), 2: (33.750441015857106, 75.90897587937741), 10: (18.63721080760653, 71.38152518365077), 9: (9.193557973601472, 58.49329156316915), 11: (9.193555978045532, 58.49329305469515), 12: (12.035716229349017, 86.23878746932323), 3: (78.45802150031795, 90.00399937084703), 4: (85.49910591619448, 98.99152742380987), 6: (95.27363115742722, 95.67465755148254), 5: (92.58510453914212, 73.57741262472409), 8: (91.53375251724894, 71.41055213950244), 7: (86.91472677898628, 61.88382798822219), 14: (71.57293487279604, 46.831297306902606), 13: (62.88042453223056, 38.299734870895534), 15: (46.63532291144404, 31.195905906056637), 16: (48.39251633459233, 41.01758242627756)}
solType: IP_Optimal
lowerBound: 289.0764348785236
upperBound: 289.0764300558493
Path: 
50 50
39.9728 51.412
33.7504 75.909
18.6372 71.3815
9.1936 58.4933
9.1936 58.4933
12.0357 86.2388
78.458 90.004
85.4991 98.9915
95.2736 95.6747
92.5851 73.5774
91.5338 71.4106
86.9147 61.8838
71.5729 46.8313
62.8804 38.2997
46.6353 31.1959
48.3925 41.0176
50 50
