OFV: 421.83004281837765
Runtime: 16.01296204898972
Gap: 2.3672838995607067e-08
repPt: {0: (50, 50), 2: (54.8611922795462, 44.02986010195431), 1: (54.43732014131444, 26.914954252516278), 11: (54.75162836639377, 27.302680888650777), 12: (59.76141754698124, 61.86875251720115), 5: (59.40580377494344, 60.65705288780631), 6: (60.307735991216674, 77.42575563581374), 19: (58.736721268701395, 70.00813392130378), 20: (65.2955270440577, 92.15557823587697), 4: (88.2407643588448, 100.76996066135463), 3: (87.46670292129548, 82.19925857418524), 15: (87.46775492062271, 82.56734020615659), 16: (87.5596295032644, 115.98819096816592), 18: (55.53062306710106, 101.81103284720962), 17: (48.94594539070107, 70.62432027783593), 10: (46.10712949209918, 64.24169128892596), 9: (35.96402112114638, 31.71467176664948), 14: (12.151594314104662, 34.46444696137539), 13: (5.988455589897768, 5.346340362237825), 7: (37.991829008376854, 16.316337010393184), 8: (42.79169257701244, 49.14945979779026)}
solType: IP_Optimal
lowerBound: 421.83003283246296
upperBound: 421.83004281837765
Path: 
50 50
54.8612 44.0299
54.4373 26.915
54.7516 27.3027
59.7614 61.8688
59.4058 60.6571
60.3077 77.4258
58.7367 70.0081
65.2955 92.1556
88.2408 100.77
87.4667 82.1993
87.4678 82.5673
87.5596 115.9882
55.5306 101.811
48.9459 70.6243
46.1071 64.2417
35.964 31.7147
12.1516 34.4644
5.9885 5.3463
37.9918 16.3163
42.7917 49.1495
50 50
