OFV: 164.63433854292245
Runtime: 2.4076769240055
Gap: -1.594683175725126e-07
repPt: {0: (50, 50), 1: (60.38414043657197, 56.953350324040294), 2: (67.01057774545644, 67.87480945805231), 4: (78.92893274990098, 61.442775395735076), 3: (80.3082073894246, 46.41358574501099), 7: (75.25557607071332, 49.35541201259833), 5: (75.4149960775194, 57.97682338849064), 8: (75.85961590704738, 82.88590260046811), 6: (75.91763283703791, 85.99950052186696), 10: (62.75369865516438, 97.78672694854347), 9: (55.30918202953957, 73.10720574367903), 12: (53.423891754788734, 66.85562237590104), 11: (48.63994276014767, 50.99155240335526)}
solType: IP_Optimal
lowerBound: 164.63436479688343
upperBound: 164.63433854292245
Path: 
50 50
60.3841 56.9534
67.0106 67.8748
78.9289 61.4428
80.3082 46.4136
75.2556 49.3554
75.415 57.9768
75.8596 82.8859
75.9176 85.9995
62.7537 97.7867
55.3092 73.1072
53.4239 66.8556
48.6399 50.9916
50 50
