OFV: 484.569664033785
Runtime: 27.789464533911087
Gap: None
Path: 
50 50
38.0023 56.2693
36.6422 56.9791
36.9092 62.148
37.1942 67.6546
37.2082 67.9188
37.7483 78.3909
38.1853 86.8507
38.9454 101.6273
38.2858 103.6069
34.8828 113.8382
27.3123 102.0003
22.8074 94.9578
17.5352 72.2973
17.1567 68.281
16.9427 66.0068
14.4281 39.4291
13.5726 32.2485
12.8543 26.2231
7.6321 25.861
6.1619 5.1283
35.7448 16.7117
38.5059 25.4944
41.667 35.5487
42.362 37.7625
45.4228 52.3894
50.0568 74.5515
50.5679 79.8742
52.6127 101.087
77.3817 97.8246
77.2079 96.7833
74.7943 82.2364
73.0831 71.9312
72.0355 65.6271
71.6961 63.5895
70.6137 57.0764
70.0611 53.7557
67.3613 37.4766
66.0521 29.5902
77.1114 6.2013
77.8653 23.6239
50 50
