OFV: 1053.2980778019376
Runtime: 79.92201123386621
Gap: None
repPt: {0: (50, 50), 24: (49.989267428242236, 49.949458102251036), 23: (45.77727180999809, 30.14564741612592), 27: (44.058452720488305, 22.063947706790568), 28: (50.383403561593646, 45.94432946062719), 47: (50.512116232851, 46.317626874819744), 48: (58.39901995076444, 69.19232609995859), 10: (62.87319851086146, 82.1688338805554), 9: (62.86689578888118, 54.206453591919114), 6: (64.53822830725767, 53.34969426866985), 5: (67.54918066798398, 39.612952372108154), 15: (67.79572920945893, 38.484315238102525), 16: (77.99968814832162, 64.48658527739549), 60: (83.31232638364345, 69.93050077188326), 59: (84.08624452648665, 51.47917506643721), 14: (84.08624567847458, 51.47916992801162), 13: (85.60005852300432, 42.12882462230489), 8: (93.73553278639604, 38.887937797790286), 7: (94.47037431527207, 24.697096416189662), 58: (95.12354281159286, 30.1141921431631), 57: (94.86760659563608, 21.797190013307407), 73: (94.88660436999201, 22.321493074380967), 74: (96.02387012842057, 53.54712539524036), 75: (96.19637728966025, 58.30082602336653), 76: (96.6552151740952, 70.90240988851309), 19: (97.03167056462605, 67.09953308702538), 20: (98.72879597503773, 90.95983357042681), 2: (98.62538419160063, 90.5360816738835), 1: (92.94644094202329, 67.2692627591356), 39: (86.16452078434571, 80.9163580367241), 40: (83.67977323502932, 96.827106404297), 11: (83.29170157046467, 96.26795517142082), 12: (86.27329569051446, 119.63238891928091), 66: (86.77855603970964, 123.60544667656114), 65: (79.47671962883123, 98.65399339361232), 62: (79.42514990514331, 102.60305819082025), 61: (78.12519467366161, 87.00371726349934), 21: (78.09961474868828, 86.69899217856151), 22: (74.89220204901459, 112.56171774353484), 52: (71.56078626365623, 114.98873605539619), 51: (59.632553295570176, 85.96875708394784), 63: (55.18982894688132, 85.10760812310666), 64: (53.717382965331076, 100.16726393489509), 71: (55.15811963311557, 94.04465504572678), 72: (54.186198866391045, 108.54927934723487), 46: (34.43706836696415, 126.88209089105409), 45: (27.40490683900592, 102.5350038703608), 43: (7.657648695683963, 91.83519815478914), 44: (8.678942364140303, 113.7553133329596), 18: (8.705063220534813, 114.31562191038584), 17: (5.499461432848159, 85.67338515833488), 26: (7.721392684834906, 69.9380245121759), 25: (8.786192432063924, 45.97652478189765), 53: (6.171859875717793, 48.59310191430946), 54: (8.735105692296136, 62.787300224056644), 56: (8.780441653535155, 63.038533739374444), 55: (7.084858802014631, 38.78882222670168), 42: (7.166544684387576, 38.430652031716235), 41: (10.629710584887995, 23.36995497387367), 49: (19.2558135649302, 26.326860149405874), 50: (25.73871737242651, 45.54670407455795), 35: (19.143462028917117, 41.244067447823305), 36: (23.005933175606486, 72.84004381074595), 70: (23.086881719778958, 73.50127973830503), 69: (24.65935177828077, 53.02129197088339), 4: (24.718250970685546, 52.24641001416859), 3: (27.14433794326174, 20.637870187380983), 80: (27.14434916050933, 20.637796110191044), 79: (28.816459301606386, 9.17792791694822), 77: (33.119519678027395, 7.15559011202057), 78: (31.909949560399184, 32.30979968019769), 29: (31.894239887101616, 32.64473669261755), 30: (30.80132707218891, 55.43472662121935), 37: (30.371802670500472, 55.00369550040931), 38: (33.696797313172816, 83.74879070283278), 34: (36.28398153742988, 77.54512244364116), 33: (40.961022926817606, 66.33673122750275), 31: (41.68454812884308, 64.59997612391076), 32: (47.731491146908226, 79.37157315505961), 68: (47.73155447475686, 79.37159622566506), 67: (49.87055350816353, 51.67579101050218)}
lowerBound: 1053.2979782589719
upperBound: 1053.2980778019376
solType: IP_Optimal
Path: 
50 50
49.9893 49.9495
45.7773 30.1456
44.0585 22.0639
50.3834 45.9443
50.5121 46.3176
58.399 69.1923
62.8732 82.1688
62.8669 54.2065
64.5382 53.3497
67.5492 39.613
67.7957 38.4843
77.9997 64.4866
83.3123 69.9305
84.0862 51.4792
84.0862 51.4792
85.6001 42.1288
93.7355 38.8879
94.4704 24.6971
95.1235 30.1142
94.8676 21.7972
94.8866 22.3215
96.0239 53.5471
96.1964 58.3008
96.6552 70.9024
97.0317 67.0995
98.7288 90.9598
98.6254 90.5361
92.9464 67.2693
86.1645 80.9164
83.6798 96.8271
83.2917 96.268
86.2733 119.6324
86.7786 123.6054
79.4767 98.654
79.4251 102.6031
78.1252 87.0037
78.0996 86.699
74.8922 112.5617
71.5608 114.9887
59.6326 85.9688
55.1898 85.1076
53.7174 100.1673
55.1581 94.0447
54.1862 108.5493
34.4371 126.8821
27.4049 102.535
7.6576 91.8352
8.6789 113.7553
8.7051 114.3156
5.4995 85.6734
7.7214 69.938
8.7862 45.9765
6.1719 48.5931
8.7351 62.7873
8.7804 63.0385
7.0849 38.7888
7.1665 38.4307
10.6297 23.37
19.2558 26.3269
25.7387 45.5467
19.1435 41.2441
23.0059 72.84
23.0869 73.5013
24.6594 53.0213
24.7183 52.2464
27.1443 20.6379
27.1443 20.6378
28.8165 9.1779
33.1195 7.1556
31.9099 32.3098
31.8942 32.6447
30.8013 55.4347
30.3718 55.0037
33.6968 83.7488
36.284 77.5451
40.961 66.3367
41.6845 64.6
47.7315 79.3716
47.7316 79.3716
49.8706 51.6758
50 50
