OFV: 277.6580072206598
Runtime: 0.02514176699332893
Gap: None
repPt: {0: (50, 50), 1: (35.306337166161356, 80.7412593091881), 2: (38.77251022362261, 109.93363426540854), 10: (64.32156662440778, 107.2900288987561), 9: (64.43963697300393, 93.54596714189213), 6: (54.67336538091672, 100.8606288650859), 5: (54.95827488586804, 79.5777221560802), 8: (59.521721882617776, 80.56915769522497), 7: (65.22885113761534, 64.95708743770767), 4: (94.08517112879373, 31.822369692280336), 3: (91.31648798695522, 12.75600834276046), 11: (83.83735281043298, 14.397915664389526), 12: (77.75472522565222, 20.786128267108744)}
lowerBound: 277.6579665669551
upperBound: 277.6580072206598
solType: IP_Optimal
Path: 
50 50
35.3063 80.7413
38.7725 109.9336
64.3216 107.29
64.4396 93.546
54.6734 100.8606
54.9583 79.5777
59.5217 80.5692
65.2289 64.9571
94.0852 31.8224
91.3165 12.756
83.8374 14.3979
77.7547 20.7861
50 50
