OFV: 262.27518909097864
Runtime: 3.897311355045531
Gap: 9.920009037826604e-08
repPt: {0: (50, 50), 1: (38.80418112234019, 82.67416235701727), 2: (37.74679146671235, 99.81081202665767), 9: (37.74679076272891, 99.81081483519694), 10: (39.37555633521312, 108.60962190418638), 4: (45.67809443357783, 107.57617389150826), 3: (45.49722039993885, 82.37252332933862), 6: (77.37385493384788, 99.20856317152749), 5: (76.26078208449323, 82.90365697602056), 12: (75.54792188313577, 72.49440331246016), 11: (74.12338687797002, 51.68251383561489), 8: (74.12338245188438, 51.68246190909592), 7: (68.90573212713247, 18.322692578766095), 13: (66.73677570090324, 10.098130623406462), 14: (62.38236043921198, 31.2823432897482)}
solType: IP_Optimal
lowerBound: 262.2751630732562
upperBound: 262.27518909097864
Path: 
50 50
38.8042 82.6742
37.7468 99.8108
37.7468 99.8108
39.3756 108.6096
45.6781 107.5762
45.4972 82.3725
77.3739 99.2086
76.2608 82.9037
75.5479 72.4944
74.1234 51.6825
74.1234 51.6825
68.9057 18.3227
66.7368 10.0981
62.3824 31.2823
50 50
