OFV: 296.2868377833885
Runtime: 6.2514910160098225
Gap: 4.276022111617944e-08
repPt: {0: (50, 50), 10: (52.34758937399207, 51.97502319179579), 9: (48.706152517280835, 26.074034725024582), 14: (46.004361418407996, 32.44270076397179), 13: (44.29090573655579, 6.058941670190659), 1: (36.64769257015807, 15.504235995748424), 2: (34.66977396473152, 28.956757082081193), 11: (28.18091305171712, 51.23786881064803), 12: (29.3970423589853, 72.25720668574743), 15: (30.625158525052576, 72.41866431875329), 16: (38.238134355132054, 88.78373121666988), 6: (39.90335787779362, 92.35992886961084), 5: (40.31068877204408, 80.77793896826381), 7: (81.63101205882336, 53.96287297758344), 8: (86.63062852465167, 79.32784474033879), 4: (67.71824906254153, 76.49341814308504), 3: (59.850473298428284, 53.69273373860414)}
solType: IP_Optimal
lowerBound: 296.2868251140978
upperBound: 296.2868377833885
Path: 
50 50
52.3476 51.975
48.7062 26.074
46.0044 32.4427
44.2909 6.0589
36.6477 15.5042
34.6698 28.9568
28.1809 51.2379
29.397 72.2572
30.6252 72.4187
38.2381 88.7837
39.9034 92.3599
40.3107 80.7779
81.631 53.9629
86.6306 79.3278
67.7182 76.4934
59.8505 53.6927
50 50
