OFV: 422.37227610631555
Runtime: 53.782602441031486
Gap: 1.927199644491147e-08
repPt: {0: (50, 50), 9: (47.79591403813452, 57.283337437766946), 10: (43.692907041844975, 74.44159369875399), 6: (20.47552845480535, 118.32359508891327), 8: (15.533959965070181, 97.77408490982974), 5: (14.653220765287209, 93.06146412643245), 7: (10.762939682324816, 72.97886995082105), 14: (36.199968646996915, 76.86395838737988), 13: (35.16470765780968, 51.19495254385408), 18: (35.150612394665856, 50.844630578809344), 17: (34.39852203379813, 32.127901630227086), 15: (75.13868839117592, 26.598009425973583), 16: (81.11996063561344, 48.9119792043678), 1: (68.67815377745839, 50.32876841148249), 2: (71.35890119018252, 68.58133419226239), 11: (95.15201508900667, 81.48359750786022), 12: (96.24261310490137, 109.97778129705358), 4: (62.979458371030695, 87.47293086385774), 3: (51.98253662982882, 55.724608979416516)}
solType: IP_Optimal
lowerBound: 422.37226796635855
upperBound: 422.37227610631555
Path: 
50 50
47.7959 57.2833
43.6929 74.4416
20.4755 118.3236
15.534 97.7741
14.6532 93.0615
10.7629 72.9789
36.2 76.864
35.1647 51.195
35.1506 50.8446
34.3985 32.1279
75.1387 26.598
81.12 48.912
68.6782 50.3288
71.3589 68.5813
95.152 81.4836
96.2426 109.9778
62.9795 87.4729
51.9825 55.7246
50 50
