OFV: 968.0859833279935
Runtime: 49.585395456058905
Gap: None
Path: 
50 50
47.4332 55.1029
38.8946 33.4873
26.9573 18.1749
24.8 44.3034
25.3885 51.7931
25.8772 57.9976
26.1197 61.0623
26.8793 70.7486
29.2008 85.6314
28.6411 88.4018
28.1921 90.617
28.6 97.9066
29.4026 112.374
28.7476 117.0184
13.878 121.0893
5.4641 91.0962
15.5652 99.0654
14.2295 84.9349
12.6991 68.7453
12.4904 66.5554
11.529 56.4158
7.2959 33.4441
7.4437 31.5748
9.4478 6.2111
25.9424 22.5189
31.0052 27.5185
33.9409 52.3097
37.5425 39.7271
38.1101 48.9473
39.0939 64.8104
39.4442 70.0752
39.8887 76.7406
40.6114 83.4617
41.0012 89.2156
41.6373 98.5761
43.3507 123.6025
50.4534 131.1885
51.7959 98.1558
52.3007 90.3629
52.1149 88.6259
50.5284 73.6899
55.654 78.5512
52.4873 65.0245
52.5349 63.9881
52.7353 59.6779
54.1484 29.7093
87.5954 4.8516
89.9186 4.4285
91.7028 19.2695
89.9274 27.7832
88.5195 34.5272
86.1187 46.0493
85.7992 47.5748
84.0536 48.2746
85.7991 68.7983
86.2656 74.2473
86.759 76.4797
87.0759 77.9127
92.5011 102.5798
91.1528 110.8152
88.0582 113.0251
87.8773 97.8921
97.9736 94.0822
96.0361 67.2304
98.7841 65.1228
102.9752 83.3448
74.2343 98.3355
75.5604 112.6365
83.5629 117.7283
80.606 108.6548
78.7457 98.796
77.2483 90.8584
75.8969 83.6925
75.1844 79.908
71.277 59.2983
68.0622 57.989
61.7944 55.4333
61.8126 52.3178
61.8769 39.972
62.0511 39.2693
50 50
