OFV: 310.5743048452208
Runtime: 0.6415001039858907
Gap: None
repPt: {0: (50, 50), 10: (36.8820548120176, 36.36475453837023), 9: (31.876752381098047, 21.543958146718868), 20: (37.57680497262383, 20.686499887358213), 19: (43.25386775545048, 15.470684768533584), 7: (43.278794021195495, 15.461332850071344), 8: (49.329970534997834, 32.21283922004062), 12: (65.29165733193702, 24.42008597367702), 11: (70.38835434816687, 16.099038089241873), 1: (81.98215821687408, 7.316549054090098), 2: (81.32185522255983, 27.851644419129563), 3: (69.17811382388956, 51.59948455870121), 4: (60.070596641715575, 69.40963652080303), 17: (50.84106940932267, 87.44265281438332), 18: (45.59402344343603, 97.6935808321791), 14: (25.855293848943585, 86.47771974846988), 13: (17.254057982427312, 81.59538809084705), 6: (10.439034671534188, 86.15813000223277), 5: (7.844799957509917, 71.62992764207962), 16: (35.56155003513787, 61.90270090947387), 15: (42.203273371581574, 56.430121539774575)}
lowerBound: 310.5742438188648
upperBound: 310.5743048452208
solType: IP_Optimal
Path: 
50 50
36.8821 36.3648
31.8768 21.544
37.5768 20.6865
43.2539 15.4707
43.2788 15.4613
49.33 32.2128
65.2917 24.4201
70.3884 16.099
81.9822 7.3165
81.3219 27.8516
69.1781 51.5995
60.0706 69.4096
50.8411 87.4427
45.594 97.6936
25.8553 86.4777
17.2541 81.5954
10.439 86.1581
7.8448 71.6299
35.5616 61.9027
42.2033 56.4301
50 50
