OFV: 375.412113872764
Runtime: 3606.8108375690063
Gap: 0.11204990127407906
repPt: {0: (50, 50), 15: (47.80343436192805, 60.148799476199805), 16: (44.31724850770343, 76.24182299779469), 1: (25.162449425163004, 76.14962713992624), 2: (29.531589266927444, 91.84130852171013), 10: (97.68748884333459, 104.61328147910315), 9: (95.80167424557699, 93.61669436884993), 8: (93.90519186946523, 82.56123524940513), 7: (90.94608705891841, 65.29986276432595), 4: (90.78880665853782, 66.30690675883154), 3: (84.03968375267657, 39.323419729660515), 18: (72.2307353237712, 22.679776389177757), 17: (64.69145250110822, 12.05315706210352), 14: (56.07869936693475, 19.616377925829795), 13: (46.343053886509715, 8.344809085816086), 11: (11.300697298581689, 7.885390886148494), 12: (12.566735676922438, 18.667727040508474), 19: (14.075169783177664, 31.51651778409391), 20: (15.845982362208412, 46.60430898415963), 6: (15.95824388535313, 46.0071404884197), 5: (17.115709336897453, 39.89390109570994)}
solType: IP_TimeLimit
lowerBound: 333.34722357622746
upperBound: 375.412113872764
Path: 
50 50
47.8034 60.1488
44.3172 76.2418
25.1624 76.1496
29.5316 91.8413
97.6875 104.6133
95.8017 93.6167
93.9052 82.5612
90.9461 65.2999
90.7888 66.3069
84.0397 39.3234
72.2307 22.6798
64.6915 12.0532
56.0787 19.6164
46.3431 8.3448
11.3007 7.8854
12.5667 18.6677
14.0752 31.5165
15.846 46.6043
15.9582 46.0071
17.1157 39.8939
50 50
