OFV: 450.2779532055995
Runtime: 0.03028330102097243
Gap: None
repPt: {0: (50, 50), 3: (39.778903905203244, 55.62792399395334), 4: (34.002727502086486, 79.92008517398344), 8: (9.754358279947326, 105.49777404796316), 7: (10.620597904309037, 86.01051694750267), 12: (24.178581159843695, 71.15433778198042), 11: (22.381966195598032, 45.17580314313348), 16: (12.433534665133765, 41.374234087575545), 15: (9.429327105608674, 29.589267199015747), 13: (32.03310272096479, 15.848139942856786), 14: (37.38930391986496, 28.984395448850552), 5: (39.01772169459972, 32.97867868363849), 6: (51.19135989037915, 62.831254301312775), 9: (51.80133923957581, 64.32730479185587), 10: (62.906311880679645, 91.55919737360074), 2: (77.03274753321377, 109.06325820562807), 1: (81.534870590286, 82.30651230974595), 18: (101.0596694541187, 45.42984800368229), 17: (95.34600195772741, 13.682252755640597)}
lowerBound: 450.27791648814633
upperBound: 450.2779532055995
solType: IP_Optimal
Path: 
50 50
39.7789 55.6279
34.0027 79.9201
9.7544 105.4978
10.6206 86.0105
24.1786 71.1543
22.382 45.1758
12.4335 41.3742
9.4293 29.5893
32.0331 15.8481
37.3893 28.9844
39.0177 32.9787
51.1914 62.8313
51.8013 64.3273
62.9063 91.5592
77.0327 109.0633
81.5349 82.3065
101.0597 45.4298
95.346 13.6823
50 50
