OFV: 379.0952145503484
Runtime: 5.393787498000165
Gap: -1.8768233108420456e-07
repPt: {0: (50, 50), 6: (49.842680474384764, 48.0308922421309), 5: (47.022500502654395, 13.099828432007044), 1: (27.336464908718956, 31.67699681280514), 13: (29.149410955233158, 43.62760009030746), 7: (31.52102511495843, 59.25426418680123), 2: (31.99606963950475, 64.93211649714526), 14: (32.550533325074774, 71.64246823341902), 8: (33.226055748074074, 79.73310684561015), 3: (10.569450669551474, 60.515485205235116), 4: (15.18104819083662, 89.65144435662279), 10: (88.0001320678455, 113.29988934463611), 9: (87.42991677768977, 94.00905492758551), 12: (86.32135779153364, 56.457398831486714), 11: (82.76901558951936, 39.67490872579056), 15: (81.24593943190526, 32.48991060336382), 16: (80.38075309404316, 51.48128451272871)}
solType: IP_Optimal
lowerBound: 379.09528569982194
upperBound: 379.0952145503484
Path: 
50 50
49.8427 48.0309
47.0225 13.0998
27.3365 31.677
29.1494 43.6276
31.521 59.2543
31.9961 64.9321
32.5505 71.6425
33.2261 79.7331
10.5695 60.5155
15.181 89.6514
88.0001 113.2999
87.4299 94.0091
86.3214 56.4574
82.769 39.6749
81.2459 32.4899
80.3808 51.4813
50 50
