OFV: 660.9774131702363
Runtime: 3600.9913799409987
Gap: None
repPt: {0: (50, 50), 51: (58.065625624207925, 48.72067969252074), 52: (63.160433250323656, 65.94173210129819), 28: (63.16043261239993, 65.94173213761425), 27: (60.34999964097802, 57.67905726189605), 3: (60.350000300340355, 57.67905722178702), 4: (57.87508009091624, 77.55644151768325), 15: (57.79671405066716, 78.18554139514421), 16: (60.12827484270022, 90.62887265554299), 31: (62.86734048129849, 91.1177051960461), 32: (72.74415393144264, 116.14686506330092), 50: (79.80253852803229, 118.59514605026001), 49: (83.74522630634434, 93.8080666441982), 12: (86.98257651512016, 73.4548848674801), 11: (89.22002054783134, 59.38738740441658), 40: (90.24885486672915, 63.00163196533016), 39: (92.77625272610857, 52.42591789558307), 58: (92.94635446445686, 52.52343640394396), 57: (90.46057085240669, 36.09825305187264), 2: (82.44939568628709, 41.40672148188738), 1: (78.40279221068077, 31.59722152627969), 36: (76.7589610591438, 35.022352650473024), 35: (70.03603421212928, 12.286450238073847), 47: (69.42197625224235, 10.20949848320442), 48: (70.13523097796346, 30.866708595537748), 24: (68.91724205205168, 30.783139572218925), 23: (62.081239940519886, 22.40479763403541), 7: (37.775765523363745, 27.617818252522284), 8: (30.671566708684594, 52.29200686974657), 38: (29.999815714504088, 54.624354374233775), 37: (25.416087862802346, 51.55826677316288), 14: (23.117040236540042, 50.018472855249264), 13: (11.85209601772209, 32.15225563443777), 17: (10.765133193113108, 32.23431376937528), 18: (8.860455981403897, 59.731693720655656), 29: (8.499831683471132, 64.9485350279573), 30: (10.0751455720132, 93.51064636803798), 55: (10.47993921129072, 97.06397406972492), 56: (11.777816955861256, 108.48338609297254), 46: (12.443786621996793, 114.33082616068951), 45: (11.00745181869886, 94.97053804184075), 6: (10.984509785037694, 94.66234746781433), 5: (9.283340277545177, 71.75256284299573), 44: (12.158912304218724, 73.4635488937895), 43: (15.82753498354017, 69.64102256410519), 21: (17.434282622164773, 67.96548003011289), 22: (22.551933645730575, 81.10121563822668), 9: (30.962408361880797, 79.10658679794612), 10: (40.755049401762264, 99.89427135433233), 60: (41.04326305385811, 97.3235534865755), 59: (42.480643119213134, 84.49805793030046), 20: (42.62297821166579, 83.22881797825556), 19: (45.44058188427055, 58.086121069896556), 53: (45.44865142261717, 58.11952858011634), 54: (49.38645050004268, 74.3885054495223), 34: (49.32366344306601, 74.1173897877548), 33: (46.5191926727808, 62.00811930682449), 26: (52.49512571493993, 67.89325122722605), 25: (54.109052350875864, 60.39999403462559), 42: (54.130721229092295, 60.50194819194522), 41: (48.87473705553795, 41.263678837332584)}
lowerBound: 656.0901255762604
upperBound: 660.9774131702363
solType: IP_TimeLimit
Path: 
50 50
58.0656 48.7207
63.1604 65.9417
63.1604 65.9417
60.35 57.6791
60.35 57.6791
57.8751 77.5564
57.7967 78.1855
60.1283 90.6289
62.8673 91.1177
72.7442 116.1469
79.8025 118.5951
83.7452 93.8081
86.9826 73.4549
89.22 59.3874
90.2489 63.0016
92.7763 52.4259
92.9464 52.5234
90.4606 36.0983
82.4494 41.4067
78.4028 31.5972
76.759 35.0224
70.036 12.2865
69.422 10.2095
70.1352 30.8667
68.9172 30.7831
62.0812 22.4048
37.7758 27.6178
30.6716 52.292
29.9998 54.6244
25.4161 51.5583
23.117 50.0185
11.8521 32.1523
10.7651 32.2343
8.8605 59.7317
8.4998 64.9485
10.0751 93.5106
10.4799 97.064
11.7778 108.4834
12.4438 114.3308
11.0075 94.9705
10.9845 94.6623
9.2833 71.7526
12.1589 73.4635
15.8275 69.641
17.4343 67.9655
22.5519 81.1012
30.9624 79.1066
40.755 99.8943
41.0433 97.3236
42.4806 84.4981
42.623 83.2288
45.4406 58.0861
45.4487 58.1195
49.3865 74.3885
49.3237 74.1174
46.5192 62.0081
52.4951 67.8933
54.1091 60.4
54.1307 60.5019
48.8747 41.2637
50 50
