OFV: 269.86399423848826
Runtime: 0.019664741004817188
Gap: None
repPt: {0: (50, 50), 3: (46.05025307865672, 48.475656595475634), 4: (45.185756391109464, 71.43298222688848), 5: (45.03265503998263, 75.50852187458216), 6: (43.973491171595086, 103.63940665526458), 8: (35.084307899362564, 73.73431804576461), 7: (26.379766659908242, 44.44905763411449), 12: (24.82855712265693, 40.601911366883094), 11: (20.33281592178359, 9.138249766751015), 1: (62.21374324488627, 15.184133595853044), 2: (66.30651747116441, 38.87105267515304), 9: (66.80519150180874, 41.75967344295125), 10: (70.23322502917524, 61.60346474091699)}
lowerBound: 269.8639934059896
upperBound: 269.86399423848826
solType: IP_Optimal
Path: 
50 50
46.0503 48.4757
45.1858 71.433
45.0327 75.5085
43.9735 103.6394
35.0843 73.7343
26.3798 44.4491
24.8286 40.6019
20.3328 9.1382
62.2137 15.1841
66.3065 38.8711
66.8052 41.7597
70.2332 61.6035
50 50
