OFV: 315.80647914631925
Runtime: 16.265816476021428
Gap: 9.950119870018468e-09
repPt: {0: (50, 50), 1: (38.56575522615466, 49.986138235464004), 2: (34.47082612124831, 77.8105358437169), 10: (17.688070629852863, 73.16759365159334), 9: (8.298760407896411, 56.35355778901084), 11: (8.298760217332806, 56.35355790930428), 12: (10.612945645000487, 87.64598823139914), 3: (79.03483843258991, 88.03047441852871), 4: (85.3626714902683, 101.05990789466819), 6: (96.9536528066321, 96.7602016222871), 5: (94.48949906147908, 72.96348071107052), 8: (93.73656759153248, 71.40155516453616), 7: (88.66962301659004, 60.89065309041427), 14: (71.32107176025846, 46.65212545092133), 13: (63.77664954135088, 36.48238017507349), 15: (45.555470894264296, 29.494984740901675), 16: (48.04506298646573, 40.98070700155712)}
solType: IP_Optimal
lowerBound: 315.8064760040069
upperBound: 315.80647914631925
Path: 
50 50
38.5658 49.9861
34.4708 77.8105
17.6881 73.1676
8.2988 56.3536
8.2988 56.3536
10.6129 87.646
79.0348 88.0305
85.3627 101.0599
96.9537 96.7602
94.4895 72.9635
93.7366 71.4016
88.6696 60.8907
71.3211 46.6521
63.7766 36.4824
45.5555 29.495
48.0451 40.9807
50 50
