OFV: 711.6849293180958
Runtime: 0.1969241650076583
Gap: None
repPt: {0: (50, 50), 32: (49.34370002575271, 47.31086125560679), 31: (43.22688946539599, 22.254470213612702), 26: (25.173387815840663, 26.432828540254818), 25: (19.93268840779384, 13.764501210211058), 15: (9.147600798416775, 7.3700053106444265), 16: (10.246842313744668, 30.06421975990781), 29: (35.22081751898909, 40.18927369615523), 30: (35.61517992045927, 77.06144064737686), 8: (28.81068231799568, 82.07537236930408), 7: (24.691839352536704, 65.83076437504822), 21: (7.372512914277427, 59.86035026188367), 22: (12.965704760016358, 87.95516642827268), 39: (30.730342919617154, 96.37174597711073), 40: (39.59838735470315, 112.97704913000317), 38: (47.799355598310314, 115.42860444770182), 37: (49.71370695622847, 90.04352244831395), 20: (52.80779297333565, 92.4573878030182), 19: (46.16210904746508, 61.319587206664586), 10: (57.627901194029775, 72.28305969372731), 9: (55.578347246569116, 42.19050100529714), 12: (80.55281753268103, 34.31249629973318), 11: (83.37866540092486, 19.044519935545168), 23: (89.20297204358003, 4.7736120344554465), 24: (91.19172940562127, 21.23079013211326), 17: (91.8160290077204, 26.309443150661586), 18: (93.1041708564358, 41.342048272260115), 3: (89.5947170137848, 59.177947454066576), 4: (90.70500753708066, 74.13160997844786), 35: (95.12543328281748, 72.81886604967453), 36: (95.49823768164426, 95.89598233177773), 28: (89.37926483242114, 100.60085976947845), 27: (86.89729451687731, 86.92384885830108), 1: (91.90097262106936, 88.92729287368249), 2: (97.5600174641501, 116.10438649759622), 14: (74.2377971357396, 113.99832559996258), 13: (70.41873270929749, 91.37474845569011), 6: (76.10617733666567, 90.59179403234383), 5: (72.36055327881358, 64.07518669094127), 34: (67.96346852212945, 67.4269489890899), 33: (61.41039182276856, 48.64423767544392)}
lowerBound: 711.6848487107711
upperBound: 711.6849293180958
solType: IP_Optimal
Path: 
50 50
49.3437 47.3109
43.2269 22.2545
25.1734 26.4328
19.9327 13.7645
9.1476 7.37
10.2468 30.0642
35.2208 40.1893
35.6152 77.0614
28.8107 82.0754
24.6918 65.8308
7.3725 59.8604
12.9657 87.9552
30.7303 96.3717
39.5984 112.977
47.7994 115.4286
49.7137 90.0435
52.8078 92.4574
46.1621 61.3196
57.6279 72.2831
55.5783 42.1905
80.5528 34.3125
83.3787 19.0445
89.203 4.7736
91.1917 21.2308
91.816 26.3094
93.1042 41.342
89.5947 59.1779
90.705 74.1316
95.1254 72.8189
95.4982 95.896
89.3793 100.6009
86.8973 86.9238
91.901 88.9273
97.56 116.1044
74.2378 113.9983
70.4187 91.3747
76.1062 90.5918
72.3606 64.0752
67.9635 67.4269
61.4104 48.6442
50 50
