OFV: 307.7957938011982
Runtime: 57.41834824800026
Gap: 2.209986865849591e-08
repPt: {0: (50, 50), 16: (57.518645252596514, 43.882465287455155), 15: (58.21942326207698, 21.44960400553518), 7: (58.219424706487665, 21.449603749885554), 8: (66.68023472755016, 41.52741309853595), 12: (84.70585660624133, 52.39561399997828), 11: (81.65061415969663, 40.71596438737589), 17: (81.08512618172145, 38.552837793321956), 18: (81.54274331878273, 62.34761877991986), 9: (79.56372861180564, 69.20622185612646), 10: (74.18874572184305, 87.84440914249724), 6: (49.268201240306595, 93.20367697386327), 5: (43.056587560665584, 83.06845626093902), 1: (8.179539370563477, 86.22708912217892), 2: (11.131602058429982, 102.47907388651566), 14: (13.749569102543282, 101.9832245287116), 13: (16.702219534329384, 77.72125426716646), 4: (35.208954064783775, 79.78594340246768), 3: (40.1962632146135, 64.88714690213635)}
solType: IP_Optimal
lowerBound: 307.7957869989516
upperBound: 307.7957938011982
Path: 
50 50
57.5186 43.8825
58.2194 21.4496
58.2194 21.4496
66.6802 41.5274
84.7059 52.3956
81.6506 40.716
81.0851 38.5528
81.5427 62.3476
79.5637 69.2062
74.1887 87.8444
49.2682 93.2037
43.0566 83.0685
8.1795 86.2271
11.1316 102.4791
13.7496 101.9832
16.7022 77.7213
35.209 79.7859
40.1963 64.8871
50 50
