OFV: 610.0473889361373
Runtime: 0.41942890104837716
Gap: None
repPt: {0: (50, 50), 21: (46.474353161086775, 50.996341354639235), 22: (49.29131579770139, 80.76545761028989), 10: (45.54485991881901, 86.37012701894761), 9: (43.570656353385395, 73.82407593192514), 4: (44.139757989865075, 75.6979262438687), 3: (37.35387403230368, 44.99605119819115), 15: (36.91207968245479, 48.81106898601784), 16: (35.480154555013534, 61.164733125535335), 11: (32.124587398124255, 55.45396884061999), 12: (34.97680842734366, 85.22774074021518), 17: (35.133724188108694, 86.23725295421723), 18: (40.267397922961706, 119.46416023080583), 20: (34.6145482512574, 114.41956412604137), 19: (24.099766310535053, 91.39794067676767), 27: (17.93076936076077, 91.98878643232601), 28: (21.246021125638446, 121.12411403526771), 32: (15.116757659825549, 108.86759332215817), 31: (10.38449530638459, 89.40460326906634), 6: (19.671233909171956, 69.75013438232098), 5: (19.60756924289071, 56.907327600804514), 26: (14.112835799837296, 61.302508285276), 25: (14.394628120125372, 34.34109448043662), 2: (21.487634696733778, 37.6701231981809), 1: (21.447633071370213, 25.03467354133759), 37: (61.60500703960962, 11.100960418128665), 38: (66.54130627561035, 36.281039508991846), 23: (63.27230543947655, 36.79932510542705), 24: (67.11284937807396, 54.86326445865577), 7: (68.9600568232836, 52.28067754656621), 8: (74.14099913298999, 64.71711503336057), 39: (76.01974371804495, 69.23911079714665), 40: (81.69658079825156, 101.64850711029356), 30: (77.2830099870599, 97.35781722331016), 29: (75.59946527963405, 84.22677426527487), 36: (84.9479489909512, 83.77157770319933), 35: (78.62808849159158, 62.95918804027837), 33: (67.10008535265827, 57.498026931103695), 34: (66.26827497541814, 67.70658542833442), 14: (66.22533827080527, 68.23778862286335), 13: (60.039791278388996, 53.58072006993056)}
lowerBound: 610.0354869548086
upperBound: 610.0473889361373
solType: IP_Optimal
Path: 
50 50
46.4744 50.9963
49.2913 80.7655
45.5449 86.3701
43.5707 73.8241
44.1398 75.6979
37.3539 44.9961
36.9121 48.8111
35.4802 61.1647
32.1246 55.454
34.9768 85.2277
35.1337 86.2373
40.2674 119.4642
34.6145 114.4196
24.0998 91.3979
17.9308 91.9888
21.246 121.1241
15.1168 108.8676
10.3845 89.4046
19.6712 69.7501
19.6076 56.9073
14.1128 61.3025
14.3946 34.3411
21.4876 37.6701
21.4476 25.0347
61.605 11.101
66.5413 36.281
63.2723 36.7993
67.1128 54.8633
68.9601 52.2807
74.141 64.7171
76.0197 69.2391
81.6966 101.6485
77.283 97.3578
75.5995 84.2268
84.9479 83.7716
78.6281 62.9592
67.1001 57.498
66.2683 67.7066
66.2253 68.2378
60.0398 53.5807
50 50
