OFV: 364.98426656326967
Runtime: 4.408223795995582
Gap: 4.294585357935175e-08
repPt: {0: (50, 50), 10: (55.99946201234886, 57.9011303148804), 9: (60.48804158459833, 40.063547308189264), 7: (90.60410583562923, 27.510956547130434), 8: (91.85967321450187, 61.54651097839076), 1: (85.17277442630657, 72.61150788496025), 2: (78.96883490110801, 82.87693298564237), 5: (35.755142156691804, 76.49526677730202), 6: (35.552084616102256, 108.36272582926192), 12: (20.618891924777312, 115.87024384869501), 11: (18.958682232869066, 104.14169161280257), 14: (20.249264374240674, 105.9465571052649), 13: (19.909921940008687, 71.02919016167931), 4: (19.601760785270816, 39.294300452565494), 3: (19.358489091215475, 14.280567891426037)}
solType: IP_Optimal
lowerBound: 364.9842508887088
upperBound: 364.98426656326967
Path: 
50 50
55.9995 57.9011
60.488 40.0635
90.6041 27.511
91.8597 61.5465
85.1728 72.6115
78.9688 82.8769
35.7551 76.4953
35.5521 108.3627
20.6189 115.8702
18.9587 104.1417
20.2493 105.9466
19.9099 71.0292
19.6018 39.2943
19.3585 14.2806
50 50
