OFV: 603.512923920598
Runtime: 25.020117833977565
Gap: None
Path: 
50 50
39.664 43.0981
33.8397 76.1404
29.8336 80.3322
30.8461 66.8705
42.2405 63.0533
47.3314 85.903
49.4047 95.2173
46.9347 113.6082
40.59 111.2198
29.3817 97.849
14.8795 87.2143
10.3841 57.2023
10.1387 31.4103
9.928 9.225
18.7572 15.4259
25.9204 24.5719
42.3605 24.0645
50.9836 39.0821
54.1651 44.628
58.6276 48.5253
62.1033 70.1186
61.8952 70.9964
71.1582 65.7177
72.9704 89.0566
73.5392 93.0244
75.7249 112.6539
96.0327 114.8125
92.9348 102.2398
89.7389 89.2581
88.6786 87.9865
95.6419 92.9039
93.6722 76.2615
92.9527 70.2003
91.5865 58.6328
91.1055 41.7316
90.1183 26.3048
89.804 21.3837
88.8649 6.7457
84.0558 19.5533
78.9774 33.077
50 50
