OFV: 417.3877782289911
Runtime: 7.389686601003632
Gap: 2.316368983168594e-08
repPt: {0: (50, 50), 11: (27.48746108586985, 44.20935328256985), 12: (26.30953346677933, 71.95409601620088), 7: (25.581591083373, 89.10893802445726), 8: (24.5620601777231, 113.12702574749946), 14: (32.30383158180846, 106.98444831042328), 13: (32.459543340876145, 87.08134863902214), 5: (58.826667257589904, 88.38997152555031), 6: (66.99751823683721, 105.88221510224454), 4: (72.68284097967661, 101.42836836099286), 3: (71.985158920873, 78.80658857413343), 10: (89.0883240387885, 89.6696835146078), 9: (86.77063904856158, 71.84716589602894), 16: (74.87008422246038, 34.121028253185315), 15: (67.0229936570889, 9.240266571857664), 1: (30.108015775205438, 6.030927137247737), 2: (34.33088119269153, 30.588722379552895), 17: (34.819691780337685, 33.42362600062402), 18: (40.36805550707987, 65.65427239756072)}
solType: IP_Optimal
lowerBound: 417.3877685607501
upperBound: 417.3877782289911
Path: 
50 50
27.4875 44.2094
26.3095 71.9541
25.5816 89.1089
24.5621 113.127
32.3038 106.9844
32.4595 87.0813
58.8267 88.39
66.9975 105.8822
72.6828 101.4284
71.9852 78.8066
89.0883 89.6697
86.7706 71.8472
74.8701 34.121
67.023 9.2403
30.108 6.0309
34.3309 30.5887
34.8197 33.4236
40.3681 65.6543
50 50
