OFV: 1201.9165248582972
Runtime: 4.263714448781684
Gap: None
repPt: {0: (50, 50), 4: (58.09706867857353, 54.351735777635064), 3: (61.53810699332058, 41.028412017628696), 1: (62.83869284732396, 39.60179451706773), 2: (65.56261089951312, 51.50285663270604), 71: (79.66330535388475, 49.07203557665807), 72: (81.86845433037828, 75.85952529050483), 80: (74.95185192324503, 79.52184832811533), 79: (72.11926068850997, 60.6255579799418), 45: (72.57775707492651, 60.22046439476502), 46: (76.72354829670087, 87.51276782970463), 73: (76.66450244838983, 85.69930649219978), 74: (76.87586348954497, 106.51542210916745), 69: (72.71060331676328, 99.68685490702232), 70: (75.43719985098683, 112.45069817174115), 44: (83.91760320597344, 117.49183977772458), 43: (83.9294854110043, 99.54494471534451), 7: (84.48955246107684, 99.05851102479399), 8: (87.85365841658705, 112.9306910143796), 60: (91.04602881174644, 111.00127310316847), 59: (89.12925679066004, 77.67777618665511), 22: (103.62859086798507, 82.42991608277349), 21: (98.83584692260526, 65.14084650119472), 55: (96.0208102262269, 67.26380004328517), 56: (97.55060764982659, 95.15133908155029), 54: (95.6005992065569, 99.50168717448626), 53: (85.83490632584753, 73.09548131634766), 32: (85.83486509676771, 73.09548794295937), 31: (85.6979910642547, 47.66133575551206), 20: (85.74413188673603, 47.64264085125653), 19: (87.97171834801226, 33.41649047078825), 28: (88.70701670513691, 28.695208945141427), 27: (88.27767645221054, 4.439728860533643), 67: (90.28423345439377, 4.9224684460757935), 68: (92.1554776616052, 17.81084737378379), 15: (53.92479088606122, 30.066462328744784), 16: (53.975478920786784, 64.13425911700034), 61: (53.975488237629904, 64.1342640791123), 62: (56.75027234753847, 77.06310584099114), 9: (50.81057147987208, 73.53101946026155), 10: (52.284074484642495, 88.34207656705291), 64: (52.98897890824897, 88.38710127986819), 63: (47.65605331240335, 67.66640246224122), 34: (42.482081406175205, 67.64015347349412), 33: (41.194412595105085, 36.98279839242686), 49: (41.522592532956374, 34.99991492836957), 50: (45.28383086167694, 55.8785000549913), 66: (35.86048751552239, 53.218583728498324), 65: (29.360554781032118, 26.398511120485832), 5: (31.084825110334158, 27.669986495332942), 6: (34.18825232006373, 62.688026641966154), 29: (27.68234592898764, 60.83597384480727), 30: (29.227726527901698, 85.29309435172496), 76: (28.460950949591577, 87.50025414882157), 75: (23.395079563860133, 74.05720397557698), 12: (16.818241684889006, 81.87808861387279), 11: (16.67418349101202, 58.06710574171008), 40: (22.553839216912476, 57.80381444210271), 39: (22.778069163848006, 47.13608545547021), 52: (25.120379823772478, 50.00099655679339), 51: (23.445375357474695, 16.697486317391835), 37: (9.616148909506578, 6.142440852581139), 38: (7.48010110733006, 31.376439542456467), 13: (7.299356068873778, 33.53857852065823), 14: (11.529233040966549, 67.22279552167085), 47: (11.612642868727756, 67.88455421272074), 48: (15.52881621613341, 99.0854984654646), 17: (5.461542922047746, 91.09785410266353), 18: (13.89400338257063, 121.09847085488794), 26: (28.53365227097745, 117.29203955562627), 25: (26.00216524595512, 93.29076649319549), 41: (28.16609775706044, 97.93511786716643), 42: (33.28179083146888, 109.6325194107828), 77: (47.47327470615312, 100.69068764345974), 78: (50.2929254492477, 131.25355301727376), 24: (43.33687068356424, 123.5713728491089), 23: (39.84360595578899, 91.29009299827014), 36: (39.9817687382484, 93.80794800907566), 35: (38.68511636499471, 79.41109094880886), 58: (41.9110022648402, 80.72062777086113), 57: (41.56634795338833, 49.474903707185184)}
lowerBound: 1201.9163309089204
upperBound: 1201.9165248582972
solType: IP_Optimal
Path: 
50 50
58.0971 54.3517
61.5381 41.0284
62.8387 39.6018
65.5626 51.5029
79.6633 49.072
81.8685 75.8595
74.9519 79.5218
72.1193 60.6256
72.5778 60.2205
76.7235 87.5128
76.6645 85.6993
76.8759 106.5154
72.7106 99.6869
75.4372 112.4507
83.9176 117.4918
83.9295 99.5449
84.4896 99.0585
87.8537 112.9307
91.046 111.0013
89.1293 77.6778
103.6286 82.4299
98.8358 65.1408
96.0208 67.2638
97.5506 95.1513
95.6006 99.5017
85.8349 73.0955
85.8349 73.0955
85.698 47.6613
85.7441 47.6426
87.9717 33.4165
88.707 28.6952
88.2777 4.4397
90.2842 4.9225
92.1555 17.8108
53.9248 30.0665
53.9755 64.1343
53.9755 64.1343
56.7503 77.0631
50.8106 73.531
52.2841 88.3421
52.989 88.3871
47.6561 67.6664
42.4821 67.6402
41.1944 36.9828
41.5226 34.9999
45.2838 55.8785
35.8605 53.2186
29.3606 26.3985
31.0848 27.67
34.1883 62.688
27.6823 60.836
29.2277 85.2931
28.461 87.5003
23.3951 74.0572
16.8182 81.8781
16.6742 58.0671
22.5538 57.8038
22.7781 47.1361
25.1204 50.001
23.4454 16.6975
9.6161 6.1424
7.4801 31.3764
7.2994 33.5386
11.5292 67.2228
11.6126 67.8846
15.5288 99.0855
5.4615 91.0979
13.894 121.0985
28.5337 117.292
26.0022 93.2908
28.1661 97.9351
33.2818 109.6325
47.4733 100.6907
50.2929 131.2536
43.3369 123.5714
39.8436 91.2901
39.9818 93.8079
38.6851 79.4111
41.911 80.7206
41.5663 49.4749
50 50
