OFV: 1004.4084300139211
Runtime: 238.32656275993213
Gap: None
Path: 
50 50
54.2681 53.3827
49.9213 36.3423
49.2935 33.8812
42.9082 8.8484
34.251 6.0048
32.1356 30.0213
28.932 32.7395
29.0163 38.2271
29.0993 43.6356
29.1624 45.9076
29.192 46.9813
29.8533 52.5523
30.078 54.4465
30.2977 56.2982
30.7946 60.4853
31.2666 64.4632
31.6147 67.3964
32.0566 72.9227
32.3488 76.5817
32.7578 81.7136
33.1088 86.1297
33.6279 93.1425
34.0301 98.5759
36.4657 131.4951
12.7408 127.8053
11.5439 96.5032
11.3642 91.8113
10.8266 77.7593
15.1027 69.5736
15.5285 71.5164
18.8263 86.5631
19.8809 91.3745
28.8385 105.8738
29.4009 100.7283
28.9923 94.0433
28.5712 87.1523
28.0161 78.0685
28.002 77.8375
37.1221 77.6869
44.4 96.6086
44.4 96.6086
45.4326 92.9586
45.7162 78.4738
47.814 76.6585
52.7397 72.396
55.6128 69.9098
55.4575 75.1826
55.1964 84.0528
55.4717 86.1994
56.1941 91.8312
56.3962 93.4071
56.9619 97.8165
69.7045 109.4443
67.7735 95.387
66.6129 86.9389
65.3137 77.4812
57.21 79.4686
56.7149 76.9936
52.8989 57.9099
58.628 57.5409
57.8913 48.7122
57.2999 41.6246
57.8593 36.0315
60.1572 13.0557
68.3021 10.2047
73.9423 26.1926
65.4404 4.9958
65.4404 4.9958
65.4404 4.9958
67.3625 28.457
67.681 32.3435
67.8757 34.7191
68.6711 39.2733
70.4408 49.4074
71.6223 56.1726
75.8001 80.093
77.1653 87.9098
78.6205 96.2423
86.4053 94.8547
87.1016 88.301
86.8252 81.3706
86.5192 73.6962
86.3148 68.5715
85.2999 43.1203
85.691 35.8051
86.7985 15.0916
96.6421 24.5912
101.0304 51.5775
90.7364 46.3464
95.1009 78.7253
96.4545 80.7093
101.1419 100.6329
87.8936 103.8813
85.5674 101.8936
77.0574 78.3185
76.6416 77.1667
71.1593 71.3114
68.2389 57.6049
66.1659 47.8758
63.1914 33.9151
50 50
