OFV: 384.25380374270065
Runtime: 0.056148998090066016
Gap: None
repPt: {0: (50, 50), 9: (91.60104387813928, 30.9714666189311), 10: (92.6275970080105, 52.083874450864826), 5: (92.70764060612159, 53.719036985144946), 6: (93.47144589312967, 69.3466832580614), 3: (76.97092082362266, 60.06197042147278), 4: (79.53079751741262, 81.92398996290748), 11: (79.97452701574211, 85.7141870379111), 12: (82.1577889722695, 104.35730358939716), 14: (36.17481873355071, 83.32116735272527), 13: (27.306624519129123, 53.45734592285309), 8: (23.70977092364628, 51.76184535431994), 7: (15.292015601540395, 22.349622015016678), 15: (13.590281992751864, 25.041701507806753), 16: (15.367041437945467, 37.34348531712975), 2: (32.14002587772313, 28.48224896570903), 1: (32.52092674123198, 6.594508616597979), 19: (35.86193463720043, 10.402949377541493), 20: (39.1074869279258, 23.82647993644304), 17: (36.0753393667378, 32.19598204180101), 18: (39.66482720576931, 55.99294739667252)}
lowerBound: 384.253795389265
upperBound: 384.25380374270065
solType: IP_Optimal
Path: 
50 50
91.601 30.9715
92.6276 52.0839
92.7076 53.719
93.4714 69.3467
76.9709 60.062
79.5308 81.924
79.9745 85.7142
82.1578 104.3573
36.1748 83.3212
27.3066 53.4573
23.7098 51.7618
15.292 22.3496
13.5903 25.0417
15.367 37.3435
32.14 28.4822
32.5209 6.5945
35.8619 10.4029
39.1075 23.8265
36.0753 32.196
39.6648 55.9929
50 50
