OFV: 336.9000131353449
Runtime: 14.982444151013624
Gap: 1.564126635191769e-08
repPt: {0: (50, 50), 16: (68.36976774298434, 22.67984475834028), 15: (69.392738391242, 7.6593125795824335), 9: (20.09875001822392, 14.571939050772926), 10: (17.960559445808176, 27.82115256788279), 1: (12.5976711765326, 61.05258688176347), 2: (14.50826836085999, 80.29302022575303), 3: (15.07255360570019, 85.97699852686144), 4: (18.296862923493943, 115.03103252967213), 12: (65.16341749144726, 116.60617791141199), 8: (65.1634175882538, 116.60617752294253), 7: (63.33232943490263, 95.14569472969632), 11: (63.15596838272251, 93.07812634086847), 6: (74.48580289054681, 96.45619206425353), 5: (72.3175162432627, 83.6855238688114), 14: (71.83993381209038, 80.87262594289936), 13: (69.70127644218132, 68.27723183319253)}
solType: IP_Optimal
lowerBound: 336.9000078658021
upperBound: 336.9000131353449
Path: 
50 50
68.3698 22.6798
69.3927 7.6593
20.0988 14.5719
17.9606 27.8212
12.5977 61.0526
14.5083 80.293
15.0726 85.977
18.2969 115.031
65.1634 116.6062
65.1634 116.6062
63.3323 95.1457
63.156 93.0781
74.4858 96.4562
72.3175 83.6855
71.8399 80.8726
69.7013 68.2772
50 50
