OFV: 313.14849085909174
Runtime: 23.43384795001475
Gap: 6.20907439415923e-08
repPt: {0: (50, 50), 3: (61.86359099189075, 53.611259110753075), 4: (73.09770976542607, 76.40886894898422), 2: (87.62062872035818, 54.09266408983188), 1: (90.72465719034874, 41.939516779862196), 7: (90.43959094935414, 46.55487384453561), 8: (88.5040813469474, 77.67819122666714), 5: (87.7254643233706, 90.25954153739862), 6: (86.65786837876905, 107.49360948455558), 14: (72.63530764954506, 106.11453235482304), 13: (67.2494160088644, 96.51302655907543), 12: (15.088333194330794, 100.7334504079938), 11: (14.444628601851484, 88.95145904977238), 10: (14.144024476940988, 83.4511080428472), 9: (13.119359805451632, 64.73183421960853), 16: (23.821543633711673, 48.87661650153232), 15: (27.769145662196255, 37.276553204577844)}
solType: IP_Optimal
lowerBound: 313.148471415469
upperBound: 313.14849085909174
Path: 
50 50
61.8636 53.6113
73.0977 76.4089
87.6206 54.0927
90.7247 41.9395
90.4396 46.5549
88.5041 77.6782
87.7255 90.2595
86.6579 107.4936
72.6353 106.1145
67.2494 96.513
15.0883 100.7335
14.4446 88.9515
14.144 83.4511
13.1194 64.7318
23.8215 48.8766
27.7691 37.2766
50 50
