OFV: 521.4367320041076
Runtime: 1.070943895028904
Gap: None
repPt: {0: (50, 50), 13: (58.62556746639008, 54.995597108880936), 14: (65.70258654788213, 66.30049324875102), 34: (65.78172168929605, 65.80285350285327), 33: (66.74128792610705, 59.76800388965768), 39: (74.34065715392276, 70.45241146262738), 40: (81.12115523645586, 99.70824941859927), 30: (79.2709018839696, 96.91599450944535), 29: (77.53940611644599, 84.9509311156347), 36: (82.94894263897393, 83.2222624451321), 35: (76.43686094282167, 63.25397199545364), 8: (76.16213029028584, 62.865613145933374), 7: (70.01903945633877, 54.248025766112086), 24: (70.01901002934292, 54.248019086005115), 23: (65.72087686472088, 35.171689064841274), 38: (65.61276841284823, 34.691612675665425), 37: (60.69958997004965, 12.886118065911333), 1: (22.700404159798413, 26.66258963510961), 2: (20.275640588759963, 36.07410689472694), 25: (16.07495639470457, 35.57818218364118), 26: (15.470418763084671, 59.7728421333282), 5: (18.184211352274275, 58.398153406068445), 6: (17.659839724611324, 69.62876740275136), 31: (12.399615384587454, 89.16201617689318), 32: (17.080787895505853, 108.43573667047737), 28: (21.050502642635788, 119.11138513514456), 27: (19.329485636003636, 93.43030582542242), 19: (23.311238399169472, 93.24539878240003), 20: (36.23085616080792, 113.24158849872488), 18: (39.75195908500455, 117.49509646208482), 17: (36.33779105543897, 86.3066492445248), 12: (36.101134740617496, 84.14259644761707), 11: (33.15325709611866, 57.2026934197774), 16: (34.86072582916695, 59.256014086570225), 15: (36.47423394274326, 51.016796501126905), 3: (37.25783343610475, 46.99966551817902), 4: (43.31154580150156, 74.56802030340756), 9: (43.43491398614612, 75.12940993802779), 10: (45.4558169424004, 84.33098928089899), 22: (47.34372345401273, 80.3097991308632), 21: (48.55053937997618, 51.37185698137829)}
lowerBound: 521.4366752902181
upperBound: 521.4367320041076
solType: IP_Optimal
Path: 
50 50
58.6256 54.9956
65.7026 66.3005
65.7817 65.8029
66.7413 59.768
74.3407 70.4524
81.1212 99.7082
79.2709 96.916
77.5394 84.9509
82.9489 83.2223
76.4369 63.254
76.1621 62.8656
70.019 54.248
70.019 54.248
65.7209 35.1717
65.6128 34.6916
60.6996 12.8861
22.7004 26.6626
20.2756 36.0741
16.075 35.5782
15.4704 59.7728
18.1842 58.3982
17.6598 69.6288
12.3996 89.162
17.0808 108.4357
21.0505 119.1114
19.3295 93.4303
23.3112 93.2454
36.2309 113.2416
39.752 117.4951
36.3378 86.3066
36.1011 84.1426
33.1533 57.2027
34.8607 59.256
36.4742 51.0168
37.2578 46.9997
43.3115 74.568
43.4349 75.1294
45.4558 84.331
47.3437 80.3098
48.5505 51.3719
50 50
