OFV: 812.9614853057791
Runtime: 5.5645455160411075
Gap: None
repPt: {0: (50, 50), 14: (61.06203575805679, 28.20259747024505), 13: (64.8493016696223, 7.508707825519789), 21: (86.74094776401472, 11.430385820825405), 22: (93.22153469034063, 23.814349018401074), 37: (93.22154247750662, 23.814354929110713), 38: (94.60916443099042, 45.92064662381994), 58: (81.15309719738623, 45.5009658409477), 57: (67.78538990742213, 22.711671822802842), 54: (67.54782882484365, 22.305278118063967), 53: (58.49183373876163, 6.867120150411806), 23: (49.15898826759744, 11.11935467939479), 24: (49.525591978675656, 20.25687891526267), 44: (49.525616542360936, 20.256883674630522), 43: (46.94935445667168, 5.983507252222918), 3: (46.94933570221064, 5.983514469495563), 4: (41.967849430796065, 23.664021112504493), 52: (31.325513211140308, 26.007175247446344), 51: (22.950376825896914, 14.976071407487577), 45: (8.953086128393789, 11.497029186252313), 46: (11.110673903838677, 35.698542278321966), 17: (16.909442524187913, 33.67656544022351), 18: (20.903729045996045, 60.816951803394474), 59: (21.307952373411833, 63.57258325600697), 60: (26.097023002099963, 96.11441446779499), 35: (26.801151828004187, 96.85341034581758), 36: (30.133183666676672, 107.20349367009025), 19: (23.916767720926188, 102.37522108316419), 20: (22.124225874543317, 124.8332622218951), 2: (19.93875807326939, 118.04096848469013), 1: (12.267443266556308, 94.20489213950653), 28: (10.84907681391839, 89.78573265580349), 27: (7.038499384603802, 77.94109222903501), 48: (7.00815802156967, 77.84606874707801), 47: (5.527071797031859, 57.59485170904148), 55: (5.52707878683528, 57.5948408607852), 56: (11.969540195924498, 76.23711072653158), 8: (16.59214191836769, 75.94124293024893), 7: (20.446806505849466, 47.6210198402773), 40: (26.99101788684071, 53.90112990848847), 39: (28.363725362930907, 41.205996187996206), 49: (29.739263018033846, 41.91726158636699), 50: (33.390771506542805, 65.52199114528491), 25: (33.443200841225924, 65.864841990974), 26: (37.52588818451514, 92.25719084563296), 9: (44.57960156678042, 93.72479201151081), 10: (48.84356337455983, 104.51682193974796), 5: (48.093386020738635, 101.07898626864775), 6: (53.43179638428655, 124.28825816749708), 34: (59.70741602819501, 120.42758700153948), 33: (65.86005696149273, 90.81083956211718), 41: (75.83846830115127, 88.59401389795062), 42: (84.13317314419004, 117.80345067353392), 32: (56.72351227084474, 107.20063692663626), 31: (53.59188719823881, 84.31528575718889), 16: (53.671953496719766, 80.71760400185204), 15: (53.99730030279137, 65.43602190302767), 12: (54.86666648556704, 67.88105595184072), 11: (52.27563519489795, 54.99994063527482), 30: (51.21836286409819, 60.00477050981811), 29: (50.36222694792726, 52.978262255090804)}
lowerBound: 812.9608004646751
upperBound: 812.9614853057791
solType: IP_Optimal
Path: 
50 50
61.062 28.2026
64.8493 7.5087
86.7409 11.4304
93.2215 23.8143
93.2215 23.8144
94.6092 45.9206
81.1531 45.501
67.7854 22.7117
67.5478 22.3053
58.4918 6.8671
49.159 11.1194
49.5256 20.2569
49.5256 20.2569
46.9494 5.9835
46.9493 5.9835
41.9678 23.664
31.3255 26.0072
22.9504 14.9761
8.9531 11.497
11.1107 35.6985
16.9094 33.6766
20.9037 60.817
21.308 63.5726
26.097 96.1144
26.8012 96.8534
30.1332 107.2035
23.9168 102.3752
22.1242 124.8333
19.9388 118.041
12.2674 94.2049
10.8491 89.7857
7.0385 77.9411
7.0082 77.8461
5.5271 57.5949
5.5271 57.5948
11.9695 76.2371
16.5921 75.9412
20.4468 47.621
26.991 53.9011
28.3637 41.206
29.7393 41.9173
33.3908 65.522
33.4432 65.8648
37.5259 92.2572
44.5796 93.7248
48.8436 104.5168
48.0934 101.079
53.4318 124.2883
59.7074 120.4276
65.8601 90.8108
75.8385 88.594
84.1332 117.8035
56.7235 107.2006
53.5919 84.3153
53.672 80.7176
53.9973 65.436
54.8667 67.8811
52.2756 54.9999
51.2184 60.0048
50.3622 52.9783
50 50
