OFV: 346.1268128084504
Runtime: 3601.9693361170357
Gap: 0.11731594329286131
repPt: {0: (50, 50), 15: (74.26319606480695, 30.624161801949157), 16: (77.01646049088433, 48.22154181175513), 1: (71.84119858266652, 52.77728549045946), 2: (66.30059299200882, 63.800529376146315), 3: (57.09227536089611, 60.5065654373833), 4: (64.80092265088433, 83.70068669881468), 11: (92.64317093683543, 84.74030310030685), 12: (92.49768951452077, 107.91640959326494), 6: (24.09586379491472, 115.55255604208476), 5: (19.84641100820529, 98.52694055928963), 8: (19.405049683894074, 96.76027598961487), 7: (14.330886778298538, 74.91957626441757), 14: (37.1136123396075, 72.18483726168931), 10: (40.7743930855241, 71.47290615026496), 9: (38.97206781960462, 59.752047537662975), 13: (37.83023873705801, 52.33610134323332), 18: (37.058808157619524, 47.326289185860176), 17: (35.37550730284197, 36.386365135353365)}
solType: IP_TimeLimit
lowerBound: 305.5206192648754
upperBound: 346.1268128084504
Path: 
50 50
74.2632 30.6242
77.0165 48.2215
71.8412 52.7773
66.3006 63.8005
57.0923 60.5066
64.8009 83.7007
92.6432 84.7403
92.4977 107.9164
24.0959 115.5526
19.8464 98.5269
19.405 96.7603
14.3309 74.9196
37.1136 72.1848
40.7744 71.4729
38.9721 59.752
37.8302 52.3361
37.0588 47.3263
35.3755 36.3864
50 50
