OFV: 904.607039019513
Runtime: 32.403138597961515
Gap: None
Path: 
50 50
50.1322 51.5286
52.7423 81.7255
60.7113 84.2535
72.5346 117.9159
85.9409 126.1455
84.0531 120.3806
82.1557 114.5864
81.9953 108.7903
81.802 101.8089
81.4229 93.4532
81.3251 91.2961
80.9663 83.3855
80.9447 82.911
81.5636 82.3955
98.0113 93.2954
97.9516 92.1687
97.1022 76.1255
96.3749 62.3884
96.3217 61.3838
96.1657 58.437
95.9042 53.4979
95.289 41.8811
94.9038 34.6058
94.1689 20.7264
94.1426 20.2304
94.1168 19.7428
84.6184 39.6949
84.443 47.2152
84.2069 57.3478
83.8686 71.8644
76.1688 65.3591
71.3154 55.3638
66.3885 36.3243
63.7018 38.2827
55.8462 44.0077
56.8131 52.5883
58.7712 69.9623
60.7001 87.0775
58.0553 107.7701
55.6928 104.0045
53.0348 89.9891
50.0425 83.1846
45.4022 80.9504
40.8833 78.7747
39.3748 64.3373
39.0207 60.9497
30.3296 52.9872
20.4686 21.7761
10.1548 21.2757
8.2394 39.8187
4.3676 40.3641
4.3887 46.8395
7.3211 63.8406
9.4105 65.6938
11.5791 67.6173
13.5764 42.5366
15.7771 39.9116
18.3334 51.8462
20.173 72.8304
20.5471 77.0992
3.2408 86.8199
3.9543 89.9871
9.6179 115.1299
11.0895 117.0546
31.5741 129.1171
30.7485 100.2458
30.4161 88.6243
29.6054 60.2793
28.7255 50.6435
28.5205 48.3967
26.9071 30.7296
26.435 25.5567
25.7945 22.6188
27.1641 8.047
34.3011 5.5384
37.0488 30.7506
42.5064 20.1741
44.8706 31.0909
48.2155 46.5369
49.3358 51.7093
50 50
