OFV: 223.50428268199096
Runtime: 1.0180483459989773
Gap: -4.4642287145163747e-10
repPt: {0: (50, 50), 7: (85.09780169760955, 29.885139648758447), 8: (86.3002353481522, 54.752105899139806), 1: (84.27654720559644, 84.71365037823037), 2: (83.07912085844137, 102.45341297629265), 5: (75.53937854394931, 102.47917315162339), 6: (78.4160074886328, 114.23033268621104), 4: (80.79541207039297, 123.94727118125546), 3: (72.8394964196275, 92.3109946672906), 10: (58.25407740035195, 65.28824717494909), 9: (50.03590904564424, 50.06657575066143)}
solType: IP_Optimal
lowerBound: 223.50428278176838
upperBound: 223.50428268199096
Path: 
50 50
85.0978 29.8851
86.3002 54.7521
84.2765 84.7137
83.0791 102.4534
75.5394 102.4792
78.416 114.2303
80.7954 123.9473
72.8395 92.311
58.2541 65.2882
50.0359 50.0666
50 50
