OFV: 242.31771533386575
Runtime: 77.61385287495796
Gap: 3.1887615062975894e-08
repPt: {0: (50, 50), 8: (47.75412140490008, 41.87841748994892), 7: (45.37589122654724, 24.812780569242406), 12: (79.71129449420738, 26.364134083748283), 11: (75.23046834054989, 16.390903499561308), 5: (69.30477096147456, 12.34125246721731), 1: (70.42340784623936, 16.779889908002243), 3: (75.15145032513067, 35.53956282296505), 2: (75.86890406467059, 38.38666549257454), 6: (76.88227594455519, 42.40824292399113), 4: (82.98234198568487, 66.61519344064621), 9: (85.34739877831241, 72.9432997221721), 10: (93.03775265347585, 93.54721563473885), 14: (47.27556823020864, 61.03900982019273), 13: (41.68827029447084, 47.499149972473425)}
solType: IP_Optimal
lowerBound: 242.31770760693172
upperBound: 242.31771533386575
Path: 
50 50
47.7541 41.8784
45.3759 24.8128
79.7113 26.3641
75.2305 16.3909
69.3048 12.3413
70.4234 16.7799
75.1515 35.5396
75.8689 38.3867
76.8823 42.4082
82.9823 66.6152
85.3474 72.9433
93.0378 93.5472
47.2756 61.039
41.6883 47.4991
50 50
