OFV: 383.26504383322043
Runtime: 0.054206700064241886
Gap: None
repPt: {0: (50, 50), 11: (28.765750245354777, 45.74983195612748), 12: (27.289720188741892, 73.17462059517028), 7: (26.491663202180703, 88.07133167969569), 8: (25.25069960005882, 111.23988724869548), 14: (30.566718826493247, 105.98785571306028), 13: (33.51130189646622, 88.81405092502133), 5: (58.00302735848053, 90.23187335572096), 6: (66.98015651948873, 103.84648070879292), 4: (70.9596095912494, 100.40153763555593), 3: (72.89650963789212, 80.5882503979935), 10: (87.71966433249084, 88.18532939094365), 9: (84.84338134904166, 72.38878438899535), 16: (73.25005186976479, 34.99152046286628), 15: (65.7408928929827, 10.775568765181044), 1: (31.54974097570194, 7.417510991612134), 2: (35.16175191487576, 29.2627803511516), 17: (35.86492392013814, 33.522060697697334), 18: (40.85398602242671, 63.71235112430923)}
lowerBound: 383.2650237698206
upperBound: 383.26504383322043
solType: IP_Optimal
Path: 
50 50
28.7658 45.7498
27.2897 73.1746
26.4917 88.0713
25.2507 111.2399
30.5667 105.9879
33.5113 88.8141
58.003 90.2319
66.9802 103.8465
70.9596 100.4015
72.8965 80.5883
87.7197 88.1853
84.8434 72.3888
73.2501 34.9915
65.7409 10.7756
31.5497 7.4175
35.1618 29.2628
35.8649 33.5221
40.854 63.7124
50 50
