OFV: 248.52057067884476
Runtime: 3.4790238949935883
Gap: 4.285466216100173e-08
repPt: {0: (50, 50), 8: (50.14491793888355, 50.141861583893316), 7: (49.518237367615534, 37.30528374785306), 1: (43.251236974868135, 46.27032540116181), 2: (37.54169376215368, 69.2910975569276), 11: (8.80520641619691, 58.951752721354275), 12: (12.134700513182718, 73.92531483596754), 5: (18.933306913462935, 96.14025028878734), 6: (28.370906221613808, 126.99516769299755), 4: (67.8069624547899, 78.9763469352046), 3: (66.40429115218492, 66.36795963227252), 10: (54.79801754559996, 60.62807039853258), 9: (50.58782057566142, 51.3038207048681)}
solType: IP_Optimal
lowerBound: 248.52056002857967
upperBound: 248.52057067884476
Path: 
50 50
50.1449 50.1419
49.5182 37.3053
43.2512 46.2703
37.5417 69.2911
8.8052 58.9518
12.1347 73.9253
18.9333 96.1403
28.3709 126.9952
67.807 78.9763
66.4043 66.368
54.798 60.6281
50.5878 51.3038
50 50
