OFV: 506.74444813933985
Runtime: 205.1423698880244
Gap: None
Path: 
50 50
51.2342 57.0399
53.245 68.5337
54.815 77.4973
56.985 89.9164
53.3614 89.3854
46.4575 84.6369
42.3039 81.7781
38.2392 80.4596
34.8494 79.3598
34.8099 76.3041
34.6265 62.7086
34.0818 61.0854
33.0973 58.1424
32.1495 55.3047
31.2713 52.6803
30.2536 49.6337
29.4282 47.1695
28.5535 44.5577
27.5405 41.5306
26.1889 37.483
25.267 34.73
23.9981 30.9332
22.3286 25.9117
21.8154 24.6196
20.8854 22.2802
16.6613 11.7084
11.9319 7.4675
9.7697 17.1504
9.8874 20.6026
10.2214 30.4314
10.4913 38.4676
10.5669 40.7254
10.8432 48.9266
13.2017 54.6772
14.987 59.0242
16.5698 62.877
18.7029 68.0844
21.425 74.7216
29.8207 93.2492
32.9328 101.7346
39.0943 118.5222
46.9776 114.0053
59.9856 106.5608
73.4177 129.7361
89.6161 128.7961
88.5846 102.3275
88.3 95.1981
87.8006 82.5752
90.7572 75.1072
89.9994 68.9507
88.0249 52.8773
86.7162 42.2262
85.3895 38.8737
83.1884 33.3201
80.9542 27.6823
77.8005 19.7385
61.8832 27.6732
64.877 38.8368
68.1427 51.0197
69.7611 56.6418
50 50
