OFV: 875.1635793221575
Runtime: 3601.340420857072
Gap: None
repPt: {0: (50, 50), 80: (59.19195629569775, 48.41981424286928), 79: (65.10323210178565, 26.69793679749447), 97: (73.7261875056523, 31.902923177119316), 98: (79.71682676071151, 45.784312345566114), 72: (79.72756739200888, 45.67383160322551), 71: (80.59064161415044, 36.79316075813394), 63: (80.62091257289795, 40.338178258676116), 64: (80.75274277193812, 56.14984184752578), 31: (80.64688574809095, 56.14461618535058), 32: (79.83143832375366, 82.4383177518777), 88: (79.83143571126206, 82.43831903917663), 87: (73.49816944527005, 57.9749455678319), 67: (73.50817271695706, 57.98142620007489), 68: (77.77034247602796, 60.735441638503346), 9: (83.68616050353151, 59.67064524116839), 10: (98.00845995367402, 77.13102506597508), 36: (98.41107848740458, 77.37966586278138), 35: (95.94375032422347, 62.149242955027376), 5: (95.70313883505702, 60.66459588049692), 6: (96.22357131070967, 73.48280067066717), 91: (90.34392413088904, 72.8377446163923), 92: (90.07266405787021, 98.79780374359913), 23: (83.34561112227527, 97.24038193944945), 24: (82.35004157170125, 110.40017982403279), 14: (82.35003986270566, 110.40017828907897), 13: (80.58613344567729, 104.63434035263852), 49: (80.58612547163473, 104.63435768030271), 50: (72.41161456119937, 121.7793077147711), 86: (69.51291687818643, 121.92959414690593), 85: (59.85088529961972, 96.7912001477937), 42: (59.85088319264718, 96.79120456142203), 41: (58.61181327766563, 88.41220342085548), 53: (59.78469286200011, 86.73990006002438), 54: (62.82273631875909, 95.10549323747094), 33: (63.023003484321684, 94.38043461078087), 34: (70.68384703347915, 111.56167790530209), 62: (73.28495558513072, 117.39629982725181), 61: (69.49380330657839, 94.56427295155744), 44: (69.49380209939427, 94.56426520406883), 43: (65.32302085806789, 73.74137758228268), 16: (65.22339727458981, 73.24386545777996), 15: (64.07109488042704, 67.49128378512215), 46: (60.84022502331849, 72.75060996128514), 45: (57.26331335586383, 61.58096576257236), 55: (57.23092211964515, 61.47983679629198), 56: (54.66666468750638, 77.54091725544657), 19: (54.63078703243017, 77.54936143107204), 20: (47.83248151467104, 95.73295595052605), 37: (47.33867842160392, 95.7292023967257), 38: (44.22390977406107, 116.07767542780209), 90: (40.596198171706874, 116.5236313951519), 89: (35.52975017574865, 91.30421638421252), 39: (35.06522224866295, 88.9919899783402), 40: (32.72139107508223, 96.7223953385159), 51: (32.3797475529638, 97.85161124666318), 52: (31.115079238493813, 102.02448082915981), 100: (29.763209829699136, 99.30577630100996), 99: (19.54175299153584, 78.7488456831916), 77: (13.52587492180077, 82.62612485179613), 78: (10.86199243918712, 104.00136056699887), 96: (10.656810110020844, 102.75775078241718), 95: (9.415723666147214, 95.23151769804973), 58: (18.13221134423567, 98.60323816084654), 57: (17.09148461474245, 71.81862075523253), 69: (26.650946231043207, 76.21139542218847), 70: (33.185798171400876, 81.70923584731102), 4: (34.50397846486937, 82.81865487283525), 3: (26.849544039142273, 55.62673042612572), 8: (25.741728098613933, 51.68902303134673), 7: (22.077740262823543, 38.67095545378744), 60: (22.07298451031182, 38.654044896257815), 59: (18.456739433306282, 25.803853196514574), 76: (18.456738458128974, 25.803855266415976), 75: (14.864998501805408, 16.74873215943429), 18: (14.75086341620568, 16.460704514504066), 17: (12.026183380114619, 9.591768591466975), 1: (11.99999928316035, 10.602031942988132), 2: (12.5711784630872, 33.5140401829177), 82: (12.5711862781136, 33.51404051368129), 81: (16.59957715000168, 13.34543906459088), 73: (17.561467136869496, 14.21339768897436), 74: (24.89531994386272, 20.826165901764668), 94: (24.89532246118068, 20.826167249603255), 93: (25.0361143402619, 14.526180368948221), 66: (25.050129596158655, 13.902143122168702), 65: (25.170118403583075, 8.535332260426543), 21: (25.170123761863877, 8.535333598440692), 22: (36.4626952914269, 21.31151717740091), 11: (38.57819699885303, 23.705795537738584), 12: (41.40603425810731, 40.816870841342926), 47: (41.47695675683727, 41.245817434229224), 48: (43.944763352765534, 56.180561722841226), 83: (44.03803530577154, 56.7446386625245), 84: (45.86050870026927, 67.77234413318195), 26: (46.080911110408636, 69.10563877483804), 25: (47.46768268017688, 63.53870116862964), 28: (47.522000845699736, 63.319747387839804), 27: (48.929905935808975, 57.666755238931245), 30: (49.06814929904388, 57.63931639540117), 29: (49.958423749727736, 50.34222010668127)}
lowerBound: 845.3581853279328
upperBound: 875.1635793221575
solType: IP_TimeLimit
Path: 
50 50
59.192 48.4198
65.1032 26.6979
73.7262 31.9029
79.7168 45.7843
79.7276 45.6738
80.5906 36.7932
80.6209 40.3382
80.7527 56.1498
80.6469 56.1446
79.8314 82.4383
79.8314 82.4383
73.4982 57.9749
73.5082 57.9814
77.7703 60.7354
83.6862 59.6706
98.0085 77.131
98.4111 77.3797
95.9438 62.1492
95.7031 60.6646
96.2236 73.4828
90.3439 72.8377
90.0727 98.7978
83.3456 97.2404
82.35 110.4002
82.35 110.4002
80.5861 104.6343
80.5861 104.6344
72.4116 121.7793
69.5129 121.9296
59.8509 96.7912
59.8509 96.7912
58.6118 88.4122
59.7847 86.7399
62.8227 95.1055
63.023 94.3804
70.6838 111.5617
73.285 117.3963
69.4938 94.5643
69.4938 94.5643
65.323 73.7414
65.2234 73.2439
64.0711 67.4913
60.8402 72.7506
57.2633 61.581
57.2309 61.4798
54.6667 77.5409
54.6308 77.5494
47.8325 95.733
47.3387 95.7292
44.2239 116.0777
40.5962 116.5236
35.5298 91.3042
35.0652 88.992
32.7214 96.7224
32.3797 97.8516
31.1151 102.0245
29.7632 99.3058
19.5418 78.7488
13.5259 82.6261
10.862 104.0014
10.6568 102.7578
9.4157 95.2315
18.1322 98.6032
17.0915 71.8186
26.6509 76.2114
33.1858 81.7092
34.504 82.8187
26.8495 55.6267
25.7417 51.689
22.0777 38.671
22.073 38.654
18.4567 25.8039
18.4567 25.8039
14.865 16.7487
14.7509 16.4607
12.0262 9.5918
12.0 10.602
12.5712 33.514
12.5712 33.514
16.5996 13.3454
17.5615 14.2134
24.8953 20.8262
24.8953 20.8262
25.0361 14.5262
25.0501 13.9021
25.1701 8.5353
25.1701 8.5353
36.4627 21.3115
38.5782 23.7058
41.406 40.8169
41.477 41.2458
43.9448 56.1806
44.038 56.7446
45.8605 67.7723
46.0809 69.1056
47.4677 63.5387
47.522 63.3197
48.9299 57.6668
49.0681 57.6393
49.9584 50.3422
50 50
