OFV: 248.52057310536892
Runtime: 0.012196606025099754
Gap: None
repPt: {0: (50, 50), 8: (50.1454276769085, 50.14163049224985), 7: (49.51616842314231, 37.30468627143246), 1: (43.25185166121972, 46.26897031269601), 2: (37.54129443149546, 69.29131490334979), 11: (8.805177534969225, 58.951773109122506), 12: (12.134674957897555, 73.92491353482062), 5: (18.435012283110204, 94.51873576443506), 6: (28.37053574550551, 126.99509850954203), 4: (67.80654908386393, 78.97774399732377), 3: (66.40428762404186, 66.36795051097876), 10: (54.7971903135241, 60.627218208034385), 9: (50.97110641756379, 52.15232406215782)}
lowerBound: 248.5205654585136
upperBound: 248.52057310536892
solType: IP_Optimal
Path: 
50 50
50.1454 50.1416
49.5162 37.3047
43.2519 46.269
37.5413 69.2913
8.8052 58.9518
12.1347 73.9249
18.435 94.5187
28.3705 126.9951
67.8065 78.9777
66.4043 66.368
54.7972 60.6272
50.9711 52.1523
50 50
