OFV: 381.33028083192704
Runtime: 246.38697280699853
Gap: -1.3449638001602448e-07
repPt: {0: (50, 50), 8: (96.13429287624542, 25.762654921445808), 7: (95.0726184011991, 10.299928897520083), 19: (94.42981725958862, 18.309307259296205), 20: (93.08339939031985, 35.079494222538756), 11: (92.97081230855972, 35.02691677226695), 12: (92.88550199373043, 46.880833600032254), 17: (92.85827600442406, 50.71307522370082), 18: (92.67846870697105, 75.25465287995966), 10: (64.9542614648725, 110.71256180466484), 9: (57.77130906317331, 98.22025921344515), 6: (35.12690512106255, 70.03624233839723), 5: (24.30042211560103, 53.94275204330976), 1: (16.651857755545386, 52.31013560085138), 2: (17.789868131394588, 62.7245622617871), 16: (18.294683659898144, 62.73886818920032), 15: (19.610933715318275, 33.461962852874386), 13: (31.551713643817216, 11.943693769012103), 14: (36.827728538471185, 37.136607402508396), 3: (37.08386731254819, 38.361545045821195), 4: (41.44331206367264, 59.183824705106744)}
solType: IP_Optimal
lowerBound: 381.3303321194694
upperBound: 381.33028083192704
Path: 
50 50
96.1343 25.7627
95.0726 10.2999
94.4298 18.3093
93.0834 35.0795
92.9708 35.0269
92.8855 46.8808
92.8583 50.7131
92.6785 75.2547
64.9543 110.7126
57.7713 98.2203
35.1269 70.0362
24.3004 53.9428
16.6519 52.3101
17.7899 62.7246
18.2947 62.7389
19.6109 33.462
31.5517 11.9437
36.8277 37.1366
37.0839 38.3615
41.4433 59.1838
50 50
