OFV: 763.0627656203175
Runtime: 24.560624232981354
Gap: None
Path: 
50 50
58.5052 47.641
59.2992 52.0192
61.0764 61.8121
62.7149 70.8435
65.8794 88.268
67.2007 74.2984
67.4965 85.055
68.1001 93.8056
68.5711 100.6295
68.8949 105.3127
79.1241 125.84
76.9486 119.7468
76.3898 99.8106
76.1999 92.9828
76.399 80.7673
76.5488 71.5519
81.9696 56.869
83.1382 74.6208
79.286 74.1515
76.945 64.7741
75.2704 58.0619
74.5159 55.0365
72.0163 45.0216
70.349 38.3385
66.5557 23.156
66.4187 22.6065
63.0945 7.8959
61.0383 8.1756
45.1867 29.9347
42.5898 38.5476
44.7554 55.4737
46.1281 66.1918
46.6393 70.1822
49.4354 92.0407
45.8196 99.8295
42.7221 79.8345
36.0289 74.7368
35.299 84.3222
37.2325 99.3937
30.7808 96.2253
34.46 117.7111
34.9999 120.8605
29.109 120.3067
19.4402 95.3667
16.1458 96.7871
16.9425 112.9687
11.6676 110.9358
5.7495 85.0482
19.1884 65.077
16.6809 41.4368
15.8602 33.6982
11.5046 19.4228
7.8671 7.4993
4.9782 18.7608
5.1758 38.0453
7.3365 38.3988
27.6471 22.0762
36.5476 49.1707
36.5476 49.1707
38.9545 29.4483
50 50
