OFV: 770.3824074558568
Runtime: 23.122000868897885
Gap: None
repPt: {0: (50, 50), 3: (45.05872905225536, 57.18014914174852), 4: (49.245848918644555, 90.13306767505021), 19: (55.28377558123722, 81.09523809583007), 20: (55.67370703797938, 107.76833975468763), 56: (55.768051913866316, 114.20282494260549), 55: (57.045439612998194, 98.64034472368151), 28: (57.04544327384792, 98.64034624513731), 27: (55.64194475455592, 80.37054281573043), 12: (55.68897090332523, 80.70323057794758), 11: (53.188615708757084, 75.27377986109859), 47: (49.05174827868346, 80.86919975050795), 48: (43.19631706021269, 107.47766172171387), 50: (43.02029551503299, 108.27799634100818), 49: (39.353026354103385, 102.56178680924533), 18: (31.69576797143149, 103.7736504655012), 17: (29.467567736906705, 75.46923041236339), 43: (29.15307129878475, 71.47943032868395), 44: (31.500844040042633, 94.22631681155202), 16: (29.649773124329876, 93.36281816247013), 15: (23.049423551292197, 86.20782350035543), 21: (10.720925134307777, 81.17482816737719), 22: (8.766324334380222, 92.40276714412937), 39: (8.41368787222881, 89.08285684566302), 40: (10.114070611405138, 117.50130137979757), 14: (11.010966412393978, 109.01830014050518), 13: (12.96934590002779, 90.49473492499743), 2: (17.40675111578522, 91.59494555378494), 1: (18.471737244011184, 67.52465270397691), 42: (18.800343288005823, 67.19882354893852), 41: (15.505157799127161, 52.54632078574331), 54: (12.273509922603786, 38.174830312921756), 53: (8.34074958395506, 20.68907747205227), 8: (8.134583403315354, 19.771482238785634), 7: (4.757231954135392, 4.754539140204847), 5: (5.595628515645981, 5.55821856136625), 6: (12.893192758830903, 14.837702636262826), 36: (38.542375877844535, 29.990736059314358), 35: (39.61245497538638, 10.600308084712559), 45: (42.091055123968644, 11.557744500669717), 46: (54.66199196586475, 38.33168388381904), 29: (56.43918108615692, 36.06338353918999), 30: (57.980754815093036, 43.82683997709218), 37: (58.04543301390707, 44.15249448759842), 38: (61.51944786425314, 61.65042072739973), 33: (74.30718335791123, 64.83426639570358), 34: (82.22225135500948, 72.98279626353435), 25: (93.80446443182542, 76.03445412106906), 26: (94.42503732636085, 90.80679847698025), 24: (91.97456839587495, 91.95528927842867), 23: (90.84146353224949, 80.31282203026392), 58: (90.84054068924348, 80.30332694701643), 57: (88.56843556875756, 56.943453491352614), 10: (96.19236570086115, 52.339330627755174), 9: (95.1132725660036, 27.903851269950163), 51: (87.76043912458121, 38.51116182768759), 52: (85.5859325711338, 54.50298255812266), 60: (74.68259066297128, 44.63013641318135), 59: (66.60277747963794, 32.57769685783632), 31: (61.189461258640264, 24.503061254110527), 32: (60.46571549985711, 50.874071005493136)}
lowerBound: 770.3823432956867
upperBound: 770.3824074558568
solType: IP_Optimal
Path: 
50 50
45.0587 57.1801
49.2458 90.1331
55.2838 81.0952
55.6737 107.7683
55.7681 114.2028
57.0454 98.6403
57.0454 98.6403
55.6419 80.3705
55.689 80.7032
53.1886 75.2738
49.0517 80.8692
43.1963 107.4777
43.0203 108.278
39.353 102.5618
31.6958 103.7737
29.4676 75.4692
29.1531 71.4794
31.5008 94.2263
29.6498 93.3628
23.0494 86.2078
10.7209 81.1748
8.7663 92.4028
8.4137 89.0829
10.1141 117.5013
11.011 109.0183
12.9693 90.4947
17.4068 91.5949
18.4717 67.5247
18.8003 67.1988
15.5052 52.5463
12.2735 38.1748
8.3407 20.6891
8.1346 19.7715
4.7572 4.7545
5.5956 5.5582
12.8932 14.8377
38.5424 29.9907
39.6125 10.6003
42.0911 11.5577
54.662 38.3317
56.4392 36.0634
57.9808 43.8268
58.0454 44.1525
61.5194 61.6504
74.3072 64.8343
82.2223 72.9828
93.8045 76.0345
94.425 90.8068
91.9746 91.9553
90.8415 80.3128
90.8405 80.3033
88.5684 56.9435
96.1924 52.3393
95.1133 27.9039
87.7604 38.5112
85.5859 54.503
74.6826 44.6301
66.6028 32.5777
61.1895 24.5031
60.4657 50.8741
50 50
