OFV: 240.1793679640306
Runtime: 16.312579834004282
Gap: -3.887622989023618e-08
repPt: {0: (50, 50), 3: (68.33147048104442, 28.787391689347672), 4: (69.37360871077267, 37.987465152033415), 7: (69.72382061671176, 41.07681913773612), 8: (72.0272473942403, 61.42553765030957), 9: (72.07775217566274, 61.870386096352384), 10: (74.54592292632113, 83.67815132719642), 1: (72.60254130443413, 87.05887379120128), 2: (68.67649165779264, 93.88664722114319), 5: (57.61710576065729, 92.16122558833334), 6: (53.40001758157291, 118.67639772757701), 14: (33.032329356856636, 116.83289224551193), 13: (31.178283480586252, 97.84930580967082), 12: (30.88211213302186, 92.94376664578012), 11: (29.830522491813625, 75.4907933394167), 16: (29.179302835550104, 64.68390933779705), 15: (28.4181638873097, 52.05161138741334)}
solType: IP_Optimal
lowerBound: 240.17937730129893
upperBound: 240.1793679640306
Path: 
50 50
68.3315 28.7874
69.3736 37.9875
69.7238 41.0768
72.0272 61.4255
72.0778 61.8704
74.5459 83.6782
72.6025 87.0589
68.6765 93.8866
57.6171 92.1612
53.4 118.6764
33.0323 116.8329
31.1783 97.8493
30.8821 92.9438
29.8305 75.4908
29.1793 64.6839
28.4182 52.0516
50 50
