OFV: 327.3258201221132
Runtime: 42.86285685800249
Gap: -1.1057983758954885e-07
repPt: {0: (50, 50), 16: (66.4615580709459, 22.079383844979557), 15: (67.93795497765989, 9.035932000800802), 9: (21.539707882958737, 15.95977486221105), 10: (19.54411876398042, 28.96384277466397), 1: (14.594919134388952, 61.1666201314498), 2: (16.02840391101948, 79.97726728781342), 3: (16.500518975521203, 86.18121001355946), 4: (18.5190492939534, 112.70812313316985), 11: (57.65106334016604, 95.79413395159624), 12: (66.90064436308944, 113.64129090356823), 8: (66.99716745590008, 112.36725050208143), 7: (68.220867432983, 96.37760001438936), 6: (72.23515721465508, 95.95351426747759), 5: (70.1597153452592, 83.2781447955623), 14: (69.84864551298094, 81.3770278035626), 13: (67.8210724828876, 68.994371728438)}
solType: IP_Optimal
lowerBound: 327.32585631774924
upperBound: 327.3258201221132
Path: 
50 50
66.4616 22.0794
67.938 9.0359
21.5397 15.9598
19.5441 28.9638
14.5949 61.1666
16.0284 79.9773
16.5005 86.1812
18.519 112.7081
57.6511 95.7941
66.9006 113.6413
66.9972 112.3673
68.2209 96.3776
72.2352 95.9535
70.1597 83.2781
69.8486 81.377
67.8211 68.9944
50 50
