OFV: 705.4703326440958
Runtime: 30.398156967014074
Gap: None
Path: 
50 50
38.887 41.2552
35.6581 76.9786
29.1164 82.2043
29.3033 65.5957
43.2162 61.3074
49.2045 86.031
51.4017 95.1008
47.9055 115.3588
39.5862 112.9671
30.7317 96.373
13.0068 88.0091
8.393 57.3958
8.741 31.9242
9.0753 7.4122
19.9389 13.7716
25.181 26.4367
43.3581 22.3308
50.2563 41.4557
52.3225 48.0714
59.8539 72.1557
64.4726 68.8519
65.6937 47.4206
80.2064 34.7923
83.3725 19.0654
89.2011 4.7734
91.2007 21.2295
91.816 26.308
93.1045 41.3366
89.5945 59.1808
90.7039 74.1308
95.1255 72.8189
95.4988 95.8949
89.3806 100.6014
86.9004 86.9213
91.9023 88.9289
97.5595 116.1049
74.2373 113.9978
70.4131 91.3824
76.0753 90.6334
71.0221 62.9912
50 50
