OFV: 314.65959579728
Runtime: 0.029743672930635512
Gap: None
repPt: {0: (50, 50), 10: (51.547868426850386, 38.149609558045455), 9: (54.717606723589036, 13.853369362776071), 5: (87.00373612080402, 9.975736933558672), 6: (89.09762233602503, 19.525469109520042), 2: (61.222484674478224, 33.17056635050659), 1: (48.68765596228982, 7.5329004536394395), 11: (23.71503269290469, 19.889515024050564), 12: (23.297181068610886, 36.85329761406567), 7: (22.605094596516203, 64.76325572945701), 8: (22.22953283585122, 80.01969147191846), 13: (22.117315718511286, 84.60121563058786), 14: (21.730057385789333, 100.39988361078727), 4: (29.236881829248965, 104.49212799434947), 3: (34.56564633565791, 74.69769051075086)}
lowerBound: 314.65957780636404
upperBound: 314.65959579728
solType: IP_Optimal
Path: 
50 50
51.5479 38.1496
54.7176 13.8534
87.0037 9.9757
89.0976 19.5255
61.2225 33.1706
48.6877 7.5329
23.715 19.8895
23.2972 36.8533
22.6051 64.7633
22.2295 80.0197
22.1173 84.6012
21.7301 100.3999
29.2369 104.4921
34.5656 74.6977
50 50
