OFV: 640.1466672016224
Runtime: 160.83521993504837
Gap: None
Path: 
50 50
43.5149 37.2267
31.6879 13.9355
22.1907 6.9684
21.438 10.5854
19.5205 19.7929
18.1364 21.7262
7.1992 33.3626
6.6404 27.962
5.6362 18.2448
5.1947 13.9759
9.0995 14.4693
11.8062 44.9493
12.066 67.5434
12.4335 99.4031
7.697 98.9039
11.3631 107.9078
34.6151 121.2159
39.9951 124.2948
37.4787 97.0635
39.2863 95.3532
58.2413 81.6975
59.2915 80.9409
59.638 71.5275
59.7636 68.0669
59.7874 67.41
59.8002 67.0554
59.6119 57.0104
59.526 52.4095
58.3915 46.3562
57.719 42.769
57.3173 40.6278
56.3457 35.4432
55.4371 30.5953
55.0156 28.3486
54.5 25.6
54.5 25.6
61.0877 36.2041
67.626 46.728
79.1962 46.7118
83.5252 41.1263
84.0079 33.8108
84.6826 23.6061
85.214 15.5548
85.6071 9.5947
89.0203 10.339
93.5215 19.4718
94.5495 26.7837
97.5004 47.7665
93.4326 83.6242
93.0857 86.6776
92.7682 94.9757
92.4747 102.6539
92.112 112.1243
91.8569 118.8068
84.3821 124.5615
80.5621 127.5011
77.0753 95.4643
76.3446 92.4666
75.0981 87.3527
70.959 70.3811
50 50
