OFV: 655.2517656101326
Runtime: 0.4360851990059018
Gap: None
repPt: {0: (50, 50), 11: (50.031049735652, 50.08888282828217), 12: (61.85659861771792, 83.47734485485526), 38: (70.40899601096602, 81.58806735102443), 37: (69.09992929487771, 58.27994804268816), 5: (69.37349388889815, 51.69733151383925), 6: (68.02104375222189, 83.74901274121368), 3: (62.38721646011071, 84.87742489565237), 4: (67.43557160099384, 111.7272376459248), 30: (65.89551039435595, 108.06501702277404), 29: (54.018569214054246, 79.92449506301601), 33: (38.19054541369661, 67.60351166968347), 34: (41.92564013728622, 96.03024481349452), 35: (38.2841819479791, 88.66674419557586), 36: (41.445145302544965, 111.3127535362321), 40: (26.6473328106275, 109.717918815266), 39: (22.904730697570194, 95.98553099076591), 17: (22.71506306357443, 95.28341000634694), 18: (22.04518527995475, 107.23117346264637), 24: (17.850085029503575, 103.51979069486963), 23: (8.912133565926302, 70.19783348358818), 2: (13.038257950911941, 75.6983198615224), 1: (14.66391518007591, 63.36652130716567), 26: (16.89662883237714, 60.53177245095399), 25: (18.207641475343234, 39.06420953553898), 20: (7.98010893494669, 56.00320389163312), 19: (7.599157290992521, 34.64051640754845), 14: (11.75542079893459, 34.40462023585339), 13: (14.485073990025478, 13.01112232168642), 15: (29.92384950420246, 15.657172509538034), 16: (35.361716745660765, 33.03871837708899), 22: (46.94915719181835, 44.47320842945042), 21: (45.14676399490495, 17.80903789892045), 28: (44.13413037438271, 18.822636449093757), 27: (44.02432011446463, 6.514074783656604), 9: (48.016165209601816, 6.912037082756486), 10: (60.07151095894536, 35.782784592999775), 8: (67.59482965969251, 33.44950868949768), 7: (65.0350085756795, 9.30082542058568), 31: (53.027389899624794, 26.102924227741802), 32: (51.379694457632056, 52.664830322773895)}
lowerBound: 655.2517329996629
upperBound: 655.2517656101326
solType: IP_Optimal
Path: 
50 50
50.031 50.0889
61.8566 83.4773
70.409 81.5881
69.0999 58.2799
69.3735 51.6973
68.021 83.749
62.3872 84.8774
67.4356 111.7272
65.8955 108.065
54.0186 79.9245
38.1905 67.6035
41.9256 96.0302
38.2842 88.6667
41.4451 111.3128
26.6473 109.7179
22.9047 95.9855
22.7151 95.2834
22.0452 107.2312
17.8501 103.5198
8.9121 70.1978
13.0383 75.6983
14.6639 63.3665
16.8966 60.5318
18.2076 39.0642
7.9801 56.0032
7.5992 34.6405
11.7554 34.4046
14.4851 13.0111
29.9238 15.6572
35.3617 33.0387
46.9492 44.4732
45.1468 17.809
44.1341 18.8226
44.0243 6.5141
48.0162 6.912
60.0715 35.7828
67.5948 33.4495
65.035 9.3008
53.0274 26.1029
51.3797 52.6648
50 50
