OFV: 667.3697209810788
Runtime: 0.17407169507350773
Gap: None
repPt: {0: (50, 50), 30: (56.19010510677726, 59.511389562102266), 29: (56.68359782320622, 43.182778016425615), 23: (66.7790908941369, 38.793547685497316), 24: (70.3405803583959, 52.80073481737961), 19: (67.29840731272287, 50.49899509910631), 20: (69.5302945479648, 68.56446756312228), 21: (69.54571650563118, 68.68910295154612), 22: (72.73048404321423, 94.46731932908978), 37: (72.89696044255871, 95.8132293568949), 38: (77.01937658236328, 129.17445018052103), 34: (72.14266613334875, 129.858051034997), 33: (66.1467895380442, 99.01393138674253), 7: (65.89966946978325, 97.73945514118006), 8: (69.81985414227458, 116.08764528021567), 12: (79.01889310776372, 105.0638044035583), 11: (76.1658448055107, 83.17233576950365), 10: (76.81854044925323, 84.50356754428027), 9: (75.2699119472429, 62.77151203788077), 28: (94.8539075150822, 65.10374451791311), 27: (90.18806707647074, 32.68071542435154), 16: (88.55947209562386, 21.37219488515999), 15: (86.6496549649159, 8.105266705397504), 5: (77.55658259411061, 10.556480131090803), 6: (77.17494604847012, 24.34557769234569), 35: (56.240275418725545, 17.443653303351283), 36: (55.86970248659667, 41.68769497837371), 2: (50.0319348061452, 41.82428645118277), 1: (42.74004020811502, 11.181963903971488), 31: (19.00417272029619, 4.596864784533965), 32: (18.801822277199648, 24.695500346068982), 13: (16.797968736329334, 58.189621306440486), 14: (19.151265836209372, 75.713607389677), 17: (19.291582118594775, 76.7578495702525), 18: (21.660425865636608, 94.40060860927387), 25: (22.555095719935714, 89.29598820385822), 26: (29.160666119394612, 112.53790685888006), 40: (50.85975806305087, 108.15494433064308), 39: (48.35024260300155, 88.94229273645185), 4: (47.98760238808719, 86.15834819955614), 3: (43.361983603263894, 50.74960359480417)}
lowerBound: 667.3482540819929
upperBound: 667.3697209810788
solType: IP_Optimal
Path: 
50 50
56.1901 59.5114
56.6836 43.1828
66.7791 38.7935
70.3406 52.8007
67.2984 50.499
69.5303 68.5645
69.5457 68.6891
72.7305 94.4673
72.897 95.8132
77.0194 129.1745
72.1427 129.8581
66.1468 99.0139
65.8997 97.7395
69.8199 116.0876
79.0189 105.0638
76.1658 83.1723
76.8185 84.5036
75.2699 62.7715
94.8539 65.1037
90.1881 32.6807
88.5595 21.3722
86.6497 8.1053
77.5566 10.5565
77.1749 24.3456
56.2403 17.4437
55.8697 41.6877
50.0319 41.8243
42.74 11.182
19.0042 4.5969
18.8018 24.6955
16.798 58.1896
19.1513 75.7136
19.2916 76.7578
21.6604 94.4006
22.5551 89.296
29.1607 112.5379
50.8598 108.1549
48.3502 88.9423
47.9876 86.1583
43.362 50.7496
50 50
