OFV: 207.33431040349987
Runtime: 7.962346574997355
Gap: 5.724462273615346e-08
repPt: {0: (50, 50), 9: (50.56999395683608, 51.3311718879457), 10: (56.920535903422405, 66.1688276576617), 5: (71.38289951960422, 99.95973087868323), 6: (78.16073021232964, 115.80038011639667), 4: (80.77467088720415, 121.90807960771285), 2: (81.55063410560749, 107.10232946350033), 1: (82.38916991067717, 91.11398495992408), 3: (82.56487809965894, 87.75189612067399), 8: (84.30128695862837, 54.66588679851427), 7: (83.96564855741343, 31.542214203569387)}
solType: IP_Optimal
lowerBound: 207.3342985347255
upperBound: 207.33431040349987
Path: 
50 50
50.57 51.3312
56.9205 66.1688
71.3829 99.9597
78.1607 115.8004
80.7747 121.9081
81.5506 107.1023
82.3892 91.114
82.5649 87.7519
84.3013 54.6659
83.9656 31.5422
50 50
