OFV: 297.887920313429
Runtime: 0.1097049709642306
Gap: None
repPt: {0: (50, 50), 13: (61.74690819905861, 41.422011039643984), 14: (66.22752361489698, 52.81651548538856), 2: (66.22753731629658, 52.81650893861899), 1: (70.34123668892816, 46.78503702337735), 11: (91.6280420145727, 41.9595909719759), 12: (95.90091411488555, 59.154998312636906), 10: (92.76214736624196, 57.616128246072876), 9: (86.90791362534794, 53.77859580580871), 15: (75.46699604503058, 52.43243857423999), 16: (77.76593418139657, 70.87926086073759), 7: (77.77842796622812, 70.97927785242537), 8: (80.44292812956805, 92.35083086090958), 17: (76.51280160793557, 83.37312513793576), 18: (71.92493008457134, 102.30890142642481), 3: (71.92491095311033, 102.3089624156064), 4: (68.6121487855168, 111.46801759996725), 6: (14.487256816351323, 96.01252625533982), 5: (11.683657997351688, 75.57209167208289)}
lowerBound: 297.8879067983317
upperBound: 297.887920313429
solType: IP_Optimal
Path: 
50 50
61.7469 41.422
66.2275 52.8165
66.2275 52.8165
70.3412 46.785
91.628 41.9596
95.9009 59.155
92.7621 57.6161
86.9079 53.7786
75.467 52.4324
77.7659 70.8793
77.7784 70.9793
80.4429 92.3508
76.5128 83.3731
71.9249 102.3089
71.9249 102.309
68.6121 111.468
14.4873 96.0125
11.6837 75.5721
50 50
