OFV: 162.90801249925732
Runtime: 1278.7813406719943
Gap: 3.311352322904456e-07
repPt: {0: (50, 50), 11: (35.5048386992535, 72.58594847201984), 12: (34.13921824964645, 79.81659322344204), 10: (40.16760551180631, 70.76138740815938), 8: (40.48738546323038, 65.75098279144477), 9: (41.50949755161175, 49.81275296446289), 7: (41.57684828661282, 48.753383289575225), 4: (44.74101856495805, 42.07405675161295), 3: (52.46833160414907, 24.824749875554023), 1: (69.39749222363496, 18.669891396029946), 13: (69.51685667864669, 18.982177287019255), 2: (71.597639518423, 27.57603607049256), 5: (72.36780341301991, 30.752706228850315), 14: (75.36682292309571, 43.150234333717634), 6: (66.11326665984765, 45.648333018028886)}
solType: IP_Optimal
lowerBound: 162.90795855467476
upperBound: 162.90801249925732
Path: 
50 50
35.5048 72.5859
34.1392 79.8166
40.1676 70.7614
40.4874 65.751
41.5095 49.8128
41.5768 48.7534
44.741 42.0741
52.4683 24.8247
69.3975 18.6699
69.5169 18.9822
71.5976 27.576
72.3678 30.7527
75.3668 43.1502
66.1133 45.6483
50 50
