OFV: 389.63256585026477
Runtime: 1454.7817205130123
Gap: -5.5774896861409394e-08
repPt: {0: (50, 50), 15: (75.17302484099956, 28.827896220542463), 16: (79.25289662313442, 48.12962491154499), 1: (70.57834345076635, 51.08763476458812), 2: (73.16569735571271, 67.69157653375714), 11: (93.33254531617244, 82.3342159839645), 12: (95.25687798869166, 108.23752179234937), 4: (64.34363991945192, 85.98560698868393), 3: (50.07903895519594, 60.027869016482896), 9: (47.98267732916128, 60.43664130577854), 10: (41.99033074997325, 73.34090900862411), 6: (20.753750178218795, 116.34291740310545), 8: (17.030603733676582, 97.62551898560072), 5: (15.745580171223754, 91.16078384106028), 7: (12.370748303914084, 74.18352157672987), 14: (34.74031469934264, 75.49020198734767), 13: (34.38324504881991, 52.59701053616944), 18: (34.349835262344804, 50.52162724269375), 17: (34.10073893232971, 34.78225835582928)}
solType: IP_Optimal
lowerBound: 389.63258758198094
upperBound: 389.63256585026477
Path: 
50 50
75.173 28.8279
79.2529 48.1296
70.5783 51.0876
73.1657 67.6916
93.3325 82.3342
95.2569 108.2375
64.3436 85.9856
50.079 60.0279
47.9827 60.4366
41.9903 73.3409
20.7538 116.3429
17.0306 97.6255
15.7456 91.1608
12.3707 74.1835
34.7403 75.4902
34.3832 52.597
34.3498 50.5216
34.1007 34.7823
50 50
