OFV: 330.038074884876
Runtime: 1.8317889709724113
Gap: 4.1447215877955704e-08
repPt: {0: (50, 50), 5: (50.17168223108483, 73.79426356404758), 6: (50.388677975391154, 104.31343167322463), 1: (29.781627452328305, 82.2629129443777), 2: (36.182669551554525, 112.98709949041844), 10: (67.17617005853592, 110.10268244218032), 9: (64.71040163430536, 87.53038262519412), 8: (64.51321070263326, 85.72635026609065), 7: (61.979620943249394, 62.528585984526416), 4: (97.97731383247596, 32.783908330700086), 3: (93.50028968866688, 9.400217156438703), 11: (82.49475173613178, 10.447560175632356), 12: (81.0430158469507, 22.50700554862585)}
solType: IP_Optimal
lowerBound: 330.03806120571664
upperBound: 330.038074884876
Path: 
50 50
50.1717 73.7943
50.3887 104.3134
29.7816 82.2629
36.1827 112.9871
67.1762 110.1027
64.7104 87.5304
64.5132 85.7264
61.9796 62.5286
97.9773 32.7839
93.5003 9.4002
82.4948 10.4476
81.043 22.507
50 50
