OFV: 817.8952503313135
Runtime: 0.8807438190560788
Gap: None
repPt: {0: (50, 50), 51: (47.586341924773755, 47.7937879122765), 52: (51.84608918859801, 73.39698738107968), 18: (56.47702935726796, 73.4308743361528), 17: (51.31208006285074, 57.10420052432122), 8: (51.312067980765235, 57.10416603920246), 7: (40.78951253991885, 28.056306235072388), 50: (32.86561967745156, 25.79481008848733), 49: (27.55888450506096, 5.916784116943006), 25: (17.268427930158225, 15.832108817694131), 26: (16.145460822459178, 49.74987830248169), 20: (16.026599089397436, 53.345554398966556), 19: (9.216092478743263, 31.580586632880227), 37: (4.05391951931255, 32.52672795642791), 38: (7.971783985778012, 60.57495742484255), 41: (8.481545632818726, 62.13510206029041), 42: (14.685026844938, 89.2112737779768), 33: (4.978165971086472, 83.8885401603604), 34: (9.757216238188295, 113.97784387881462), 56: (23.747775915632428, 121.26140266051367), 55: (23.285764921209932, 104.38281138510177), 40: (23.058525617157446, 105.54355530530731), 39: (23.73830800776998, 95.9486825766171), 46: (23.80671621623302, 94.9821838981216), 45: (25.571886848825507, 70.0636201146617), 27: (35.104460593589764, 67.41118359947528), 28: (36.25542672580816, 74.51262827565483), 35: (34.47402842265378, 73.81934757656606), 36: (36.3013335687734, 98.29253081410951), 57: (43.4344118748494, 95.64981323703861), 58: (46.08412824703047, 109.83807477042487), 15: (45.73036088263691, 104.17055276893745), 16: (52.226849900803664, 119.80657795799101), 30: (53.01527665171873, 119.05261133399912), 29: (49.890353322647954, 85.78946219257253), 23: (49.67559684128613, 83.50389751149761), 24: (57.6765310292218, 109.45159160972995), 44: (62.471642829555904, 107.33818661841573), 43: (65.27048912277728, 82.52436616287176), 5: (65.54622627120186, 80.08004840487412), 6: (70.50485096880593, 96.63037583442559), 47: (72.84974535420388, 96.53683013328012), 48: (78.44288932271998, 116.85201560413498), 32: (93.82365218842423, 107.48182303540128), 31: (93.40801945488691, 77.72076020413662), 2: (93.3883311262326, 76.32081291193286), 1: (93.26821154409855, 67.73786433894922), 60: (97.63537325773285, 72.40783391830557), 59: (93.77094355539322, 60.951232299338656), 12: (83.40742078603527, 30.22570248597509), 11: (78.9659293368657, 11.385988056848568), 9: (80.10986657376151, 11.841156144807512), 10: (81.69360620253731, 21.26346004639692), 4: (78.72446801883011, 20.1964503846745), 3: (72.69220527779741, 10.698837894737663), 53: (67.32952838277674, 18.388773928522024), 54: (61.61873483663262, 52.51683939228623), 21: (61.25032873917583, 53.84414354991692), 22: (57.76398705865488, 66.39297572291184), 14: (54.959635279154305, 67.743915879084), 13: (50.06540283879317, 50.234026865869126)}
lowerBound: 817.8951353640795
upperBound: 817.8952503313135
solType: IP_Optimal
Path: 
50 50
47.5863 47.7938
51.8461 73.397
56.477 73.4309
51.3121 57.1042
51.3121 57.1042
40.7895 28.0563
32.8656 25.7948
27.5589 5.9168
17.2684 15.8321
16.1455 49.7499
16.0266 53.3456
9.2161 31.5806
4.0539 32.5267
7.9718 60.575
8.4815 62.1351
14.685 89.2113
4.9782 83.8885
9.7572 113.9778
23.7478 121.2614
23.2858 104.3828
23.0585 105.5436
23.7383 95.9487
23.8067 94.9822
25.5719 70.0636
35.1045 67.4112
36.2554 74.5126
34.474 73.8193
36.3013 98.2925
43.4344 95.6498
46.0841 109.8381
45.7304 104.1706
52.2268 119.8066
53.0153 119.0526
49.8904 85.7895
49.6756 83.5039
57.6765 109.4516
62.4716 107.3382
65.2705 82.5244
65.5462 80.08
70.5049 96.6304
72.8497 96.5368
78.4429 116.852
93.8237 107.4818
93.408 77.7208
93.3883 76.3208
93.2682 67.7379
97.6354 72.4078
93.7709 60.9512
83.4074 30.2257
78.9659 11.386
80.1099 11.8412
81.6936 21.2635
78.7245 20.1965
72.6922 10.6988
67.3295 18.3888
61.6187 52.5168
61.2503 53.8441
57.764 66.393
54.9596 67.7439
50.0654 50.234
50 50
