OFV: 369.3960738201054
Runtime: 101.75364282599185
Gap: 3.867232764055655e-09
repPt: {0: (50, 50), 11: (43.8133212583708, 48.75366370514076), 12: (45.364460561679756, 60.58615467200259), 5: (46.30943530440528, 67.79486673536681), 6: (50.26964326400761, 98.00429262889239), 4: (52.59334230516431, 96.30889687770507), 3: (55.97856536501608, 86.79800519310001), 9: (80.06056943866372, 92.61913616230211), 10: (82.66457569135385, 114.54781909756706), 8: (39.19190047810561, 122.88648704007149), 7: (31.76553456604127, 93.09353680119199), 14: (29.75952368850915, 85.04607824046006), 13: (26.108809721480117, 70.40075980307958), 18: (26.108808552787448, 70.40075906542688), 17: (25.95831907869643, 49.61661397613926), 16: (35.107119355038, 39.8119838835222), 15: (39.394510969317594, 22.661145899529682), 1: (80.87520101934193, 17.95531459678377), 2: (86.00206419037747, 42.18387143657685)}
solType: IP_Optimal
lowerBound: 369.3960723915648
upperBound: 369.3960738201054
Path: 
50 50
43.8133 48.7537
45.3645 60.5862
46.3094 67.7949
50.2696 98.0043
52.5933 96.3089
55.9786 86.798
80.0606 92.6191
82.6646 114.5478
39.1919 122.8865
31.7655 93.0935
29.7595 85.0461
26.1088 70.4008
26.1088 70.4008
25.9583 49.6166
35.1071 39.812
39.3945 22.6611
80.8752 17.9553
86.0021 42.1839
50 50
