OFV: 388.01721928019793
Runtime: 59.00985177399707
Gap: 7.933344104862005e-09
repPt: {0: (50, 50), 10: (33.336735848207994, 38.25005193885772), 9: (27.939553991220183, 20.100049874195836), 20: (39.14436482629239, 24.376809934575274), 19: (41.61361314285274, 11.723816992071898), 7: (44.35597748865827, 11.466343353139893), 8: (48.16253124413126, 36.0806485031664), 12: (67.5152469705332, 27.91892823753782), 11: (67.782880372372, 12.926017318861854), 1: (83.7752868162222, 3.740112170099655), 2: (85.26162266798354, 28.628602034234483), 3: (67.0179030139323, 49.4700405393262), 4: (63.60722520854994, 71.27751608116817), 17: (48.78565884146222, 86.93687560162455), 18: (46.31622680223177, 101.68855642092254), 14: (22.92581241072646, 88.28318140167185), 13: (16.851794631256862, 77.59633694723901), 6: (8.314828534013643, 89.66367818199596), 5: (4.237045591160908, 69.84951670662527), 16: (36.9395947215453, 65.81946571574187), 15: (38.94844858295774, 54.76675898969513)}
solType: IP_Optimal
lowerBound: 388.0172162019238
upperBound: 388.01721928019793
Path: 
50 50
33.3367 38.2501
27.9396 20.1
39.1444 24.3768
41.6136 11.7238
44.356 11.4663
48.1625 36.0806
67.5152 27.9189
67.7829 12.926
83.7753 3.7401
85.2616 28.6286
67.0179 49.47
63.6072 71.2775
48.7857 86.9369
46.3162 101.6886
22.9258 88.2832
16.8518 77.5963
8.3148 89.6637
4.237 69.8495
36.9396 65.8195
38.9484 54.7668
50 50
