OFV: 387.46757571463644
Runtime: 4.723999096022453
Gap: 1.6659802101159115e-08
repPt: {0: (50, 50), 10: (90.94431201164808, 39.87674831183496), 9: (89.11524534676492, 22.457266303676768), 3: (14.450825998073594, 17.189546171943874), 4: (14.55753379852115, 39.334712623723206), 5: (14.783789273608383, 89.28316117544543), 6: (14.923887012168867, 120.26558951833468), 8: (17.71759373724641, 114.06829481633949), 7: (20.951600551917917, 90.83554827796858), 14: (38.307133002848204, 94.09466679996703), 13: (40.616612476512074, 71.98745031246662), 1: (50.86280000440314, 73.70222978328113), 2: (54.741034671867574, 89.3042146396828), 12: (54.82558384423219, 88.69368325355484), 11: (56.3890373302283, 77.40437472363965), 16: (61.25885392307531, 79.431417929859), 15: (57.09351635688085, 50.93605395991447)}
solType: IP_Optimal
lowerBound: 387.4675692595033
upperBound: 387.46757571463644
Path: 
50 50
90.9443 39.8767
89.1152 22.4573
14.4508 17.1895
14.5575 39.3347
14.7838 89.2832
14.9239 120.2656
17.7176 114.0683
20.9516 90.8355
38.3071 94.0947
40.6166 71.9875
50.8628 73.7022
54.741 89.3042
54.8256 88.6937
56.389 77.4044
61.2589 79.4314
57.0935 50.9361
50 50
