OFV: 259.3253260484011
Runtime: 0.7071064320043661
Gap: 3.553161021526755e-08
repPt: {0: (50, 50), 3: (19.115593739756626, 12.73037112952781), 4: (22.272947036761717, 29.926912532233708), 5: (25.310782366234875, 46.461033869424384), 6: (30.846966926272543, 74.27806488662719), 1: (52.34734964258601, 77.45923501796116), 2: (60.38632142622649, 84.22087213585792), 10: (92.30973432880215, 97.26931845091076), 9: (89.69559195465366, 79.94921106265117), 8: (78.97994490141366, 65.88834549510783), 7: (70.38626624873964, 42.73123925079303)}
solType: IP_Optimal
lowerBound: 259.3253168341547
upperBound: 259.3253260484011
Path: 
50 50
19.1156 12.7304
22.2729 29.9269
25.3108 46.461
30.847 74.2781
52.3473 77.4592
60.3863 84.2209
92.3097 97.2693
89.6956 79.9492
78.9799 65.8883
70.3863 42.7312
50 50
