OFV: 900.4437109066081
Runtime: 0.5358362400438637
Gap: None
repPt: {0: (50, 50), 10: (47.658597807223536, 52.752463996867036), 9: (39.90209982376166, 30.100304860453644), 31: (39.26433822694435, 29.37278948575121), 32: (36.660518691565315, 48.87719905105655), 46: (36.429082072785214, 49.14702316970531), 45: (26.064427626199226, 20.951563855397985), 1: (8.991291987030497, 7.253329511997597), 2: (6.530892488878365, 38.74306792844595), 34: (5.336582323162832, 38.249838126786436), 33: (4.146534801723057, 20.495802553913833), 25: (11.485047652285301, 20.80931970631655), 26: (15.430828657049052, 37.7480606578652), 3: (17.623967343177558, 35.859881734800815), 4: (19.20688915453295, 65.0063315327916), 7: (5.730312181122013, 85.14286119899084), 8: (9.667799041202487, 109.91197662767993), 29: (13.765347022442583, 98.19543992798543), 30: (21.244176625712825, 113.81029883535233), 42: (26.10963388376492, 119.9462700732789), 41: (22.447637125182002, 94.96352217117783), 49: (26.302724712931678, 96.54509588835849), 50: (35.79866927158056, 118.2860186752904), 52: (36.535714667256144, 119.97447013402677), 51: (35.299264312006954, 84.33520869199604), 37: (35.2214188808874, 74.97025354588318), 38: (42.0146805033452, 99.19153093621257), 28: (43.9618712833729, 100.16717152202949), 27: (45.97298966530258, 81.22353979114291), 44: (51.277931947404845, 89.71774133385385), 43: (46.94363014683695, 69.2211013463535), 20: (46.94328193975617, 69.2194832932536), 19: (42.43486859068861, 39.28159058345482), 14: (60.778728866505084, 22.03719224819955), 13: (61.52846278256083, 7.810280240097524), 47: (63.04861012720936, 7.860583728429948), 48: (67.13406439482381, 22.41256632394689), 5: (72.03028452279464, 39.84568347732225), 6: (76.22307147378834, 54.780432233405556), 39: (80.15393383922414, 55.8887651448619), 40: (83.0692458132418, 74.68815564124331), 16: (79.26172309063719, 74.13027699582949), 15: (75.01026898872938, 59.914707183174556), 22: (75.18018567814174, 60.81418911262777), 21: (69.84486849886527, 46.90210705485426), 59: (62.26920923576688, 47.172325093093185), 60: (62.45832831520829, 66.53521751970261), 23: (63.125045629477675, 64.49906349421609), 24: (70.37336561541679, 91.10502809716995), 35: (73.47271932390292, 83.36941597352646), 36: (76.90936739769265, 119.56816835841398), 56: (79.49125105275473, 125.71106851235103), 55: (74.98315357180965, 95.36906205377616), 18: (74.97792283991338, 95.33393677753344), 17: (71.71254286370707, 73.33184595517305), 53: (69.36226128786889, 73.47877910320375), 54: (66.19243336173474, 100.3579445844824), 58: (65.86936382300053, 103.10284565141217), 57: (62.5910613533485, 87.29696889920248), 12: (62.55524907434516, 87.12449655772384), 11: (55.41999665272572, 52.72635814312616)}
lowerBound: 900.4436461882821
upperBound: 900.4437109066081
solType: IP_Optimal
Path: 
50 50
47.6586 52.7525
39.9021 30.1003
39.2643 29.3728
36.6605 48.8772
36.4291 49.147
26.0644 20.9516
8.9913 7.2533
6.5309 38.7431
5.3366 38.2498
4.1465 20.4958
11.485 20.8093
15.4308 37.7481
17.624 35.8599
19.2069 65.0063
5.7303 85.1429
9.6678 109.912
13.7653 98.1954
21.2442 113.8103
26.1096 119.9463
22.4476 94.9635
26.3027 96.5451
35.7987 118.286
36.5357 119.9745
35.2993 84.3352
35.2214 74.9703
42.0147 99.1915
43.9619 100.1672
45.973 81.2235
51.2779 89.7177
46.9436 69.2211
46.9433 69.2195
42.4349 39.2816
60.7787 22.0372
61.5285 7.8103
63.0486 7.8606
67.1341 22.4126
72.0303 39.8457
76.2231 54.7804
80.1539 55.8888
83.0692 74.6882
79.2617 74.1303
75.0103 59.9147
75.1802 60.8142
69.8449 46.9021
62.2692 47.1723
62.4583 66.5352
63.125 64.4991
70.3734 91.105
73.4727 83.3694
76.9094 119.5682
79.4913 125.7111
74.9832 95.3691
74.9779 95.3339
71.7125 73.3318
69.3623 73.4788
66.1924 100.3579
65.8694 103.1028
62.5911 87.297
62.5552 87.1245
55.42 52.7264
50 50
