OFV: 249.268115960178
Runtime: 0.020867175073362887
Gap: None
repPt: {0: (50, 50), 8: (47.770995216177454, 41.96230618627932), 7: (45.771060111440214, 24.338312073776518), 1: (63.1071021599979, 21.602067424389908), 2: (71.27220315269561, 32.23581333967875), 12: (78.9555206075472, 27.81609390641262), 11: (75.03726356199797, 16.149230909391086), 5: (69.330115983527, 12.323474919952062), 6: (76.07746320379695, 39.15463237651941), 3: (76.22579155946137, 39.74451349462784), 4: (82.98288661412374, 66.61697993005187), 9: (85.50028903811793, 73.34812712814309), 10: (93.03275188227946, 93.55107276117171), 14: (47.27659092946319, 61.04030370423335), 13: (41.689171645289214, 47.49813767739158)}
lowerBound: 249.26809329171567
upperBound: 249.268115960178
solType: IP_Optimal
Path: 
50 50
47.771 41.9623
45.7711 24.3383
63.1071 21.6021
71.2722 32.2358
78.9555 27.8161
75.0373 16.1492
69.3301 12.3235
76.0775 39.1546
76.2258 39.7445
82.9829 66.617
85.5003 73.3481
93.0328 93.5511
47.2766 61.0403
41.6892 47.4981
50 50
