OFV: 245.89091841882953
Runtime: 3.126154047989985
Gap: -1.0983335682448195e-07
repPt: {0: (50, 50), 11: (13.448270266212024, 47.81619927352633), 12: (16.285909855560828, 60.04873768680073), 3: (17.138159105870983, 63.7199643166142), 4: (24.045196807054847, 93.50553781369506), 10: (24.25397661510579, 94.40432035172535), 9: (26.914295755710985, 77.67954463318725), 1: (56.18768761443214, 70.96132886174118), 2: (67.23516636406235, 81.24134270836056), 5: (92.27183721922829, 85.77877235165275), 6: (95.41477427286162, 92.23551046717155), 8: (95.1612169668096, 91.50342585273599), 7: (87.0589857374448, 68.14023781169757)}
solType: IP_Optimal
lowerBound: 245.8909454258545
upperBound: 245.89091841882953
Path: 
50 50
13.4483 47.8162
16.2859 60.0487
17.1382 63.72
24.0452 93.5055
24.254 94.4043
26.9143 77.6795
56.1877 70.9613
67.2352 81.2413
92.2718 85.7788
95.4148 92.2355
95.1612 91.5034
87.059 68.1402
50 50
