OFV: 356.78945928084227
Runtime: 3601.7859310599742
Gap: 0.10905347260329672
repPt: {0: (50, 50), 15: (74.28349419502487, 30.632014133172163), 16: (77.11508066924908, 47.964505943991746), 1: (72.7657816742409, 51.18210295217093), 2: (75.1319342893988, 67.11205409734745), 11: (91.42333426179002, 82.9989472890208), 12: (94.2434404175813, 106.5129476784985), 4: (65.6415277975721, 84.44376731654546), 3: (49.62466179115135, 62.00904305106532), 9: (49.07444122368765, 62.11907796884492), 10: (42.66151317493963, 74.13715864164209), 6: (21.183930479678907, 114.38443023617506), 5: (18.072847104416713, 97.20468379420618), 8: (17.81533255243329, 95.78388733326838), 7: (14.094872327477077, 75.23663281567644), 14: (33.22147934378921, 74.17919319358404), 13: (34.09381515685072, 54.017134357373216), 18: (34.23446191845108, 50.74721441722922), 17: (34.84316809529151, 36.64011162908979)}
solType: IP_TimeLimit
lowerBound: 317.8803297580139
upperBound: 356.78945928084227
Path: 
50 50
74.2835 30.632
77.1151 47.9645
72.7658 51.1821
75.1319 67.1121
91.4233 82.9989
94.2434 106.5129
65.6415 84.4438
49.6247 62.009
49.0744 62.1191
42.6615 74.1372
21.1839 114.3844
18.0728 97.2047
17.8153 95.7839
14.0949 75.2366
33.2215 74.1792
34.0938 54.0171
34.2345 50.7472
34.8432 36.6401
50 50
