OFV: 222.06255772013375
Runtime: 109.07189517898951
Gap: 1.6746093875046463e-07
repPt: {0: (50, 50), 1: (40.83988805221435, 82.61541599788073), 3: (40.86146282694902, 84.47367566559902), 9: (40.99424918867505, 96.21647885177313), 2: (41.4526138667201, 102.8018839546292), 10: (41.825348823699436, 108.15679564848404), 4: (51.39499326485935, 105.56277050511827), 6: (74.4061140966483, 99.32818156125127), 5: (73.35167611396857, 82.96862018846811), 12: (72.60431513997867, 71.39000643724934), 8: (71.53206765810658, 54.76922098741212), 11: (70.13595337891373, 43.83452929343678), 14: (69.50474826591537, 38.87971421951652), 7: (66.87615954477299, 18.329715919598996), 13: (65.80792094430964, 12.055044198594473)}
solType: IP_Optimal
lowerBound: 222.06252053332938
upperBound: 222.06255772013375
Path: 
50 50
40.8399 82.6154
40.8615 84.4737
40.9942 96.2165
41.4526 102.8019
41.8253 108.1568
51.395 105.5628
74.4061 99.3282
73.3517 82.9686
72.6043 71.39
71.5321 54.7692
70.136 43.8345
69.5047 38.8797
66.8762 18.3297
65.8079 12.055
50 50
