OFV: 374.01208796659273
Runtime: 3601.926325982
Gap: 0.04846117045680002
repPt: {0: (50, 50), 3: (15.06890448427174, 28.180024898790546), 4: (15.567414519958568, 48.50678198478101), 9: (15.819566952746431, 58.78525551157227), 10: (16.557697418851266, 88.92181177727481), 13: (16.58949814467481, 90.2170227662616), 14: (18.34275825459465, 110.84005085028718), 15: (54.28646027039083, 75.77565374778956), 16: (60.34430936127573, 89.32649684382103), 5: (60.58887099028958, 89.87381153871999), 6: (63.4369962672626, 96.24627691460844), 20: (71.70139523018229, 99.1350149399987), 19: (75.3026781473042, 94.98753203118984), 1: (76.78860805285535, 93.27606369590816), 2: (85.71033523356975, 118.65128776330853), 12: (85.7103359691064, 118.65128861413027), 11: (88.07851340460718, 90.89028468955975), 18: (91.51797021335757, 88.1242920152313), 17: (90.03943988653305, 56.607914897426014), 8: (89.41967275846932, 43.39636859114982), 7: (88.79421572342852, 30.058834679213923)}
solType: IP_TimeLimit
lowerBound: 355.88702441874
upperBound: 374.01208796659273
Path: 
50 50
15.0689 28.18
15.5674 48.5068
15.8196 58.7853
16.5577 88.9218
16.5895 90.217
18.3428 110.8401
54.2865 75.7757
60.3443 89.3265
60.5889 89.8738
63.437 96.2463
71.7014 99.135
75.3027 94.9875
76.7886 93.2761
85.7103 118.6513
85.7103 118.6513
88.0785 90.8903
91.518 88.1243
90.0394 56.6079
89.4197 43.3964
88.7942 30.0588
50 50
