OFV: 228.8379930432946
Runtime: 6.812911318033002
Gap: -9.869914126713264e-08
repPt: {0: (50, 50), 14: (33.01398072664321, 52.280832943930946), 6: (32.89106076056586, 52.11954842698985), 13: (30.64528004634627, 38.40378636055057), 5: (27.368404336624497, 18.386206920542683), 1: (49.45021652898325, 18.96525565176233), 2: (56.14818605373797, 27.53361479461257), 11: (89.14911652223131, 11.839439731935471), 12: (89.2816768500047, 26.54953113784397), 3: (89.38446684562943, 37.77941449001439), 7: (89.54234606061164, 55.11633180156525), 8: (89.66688609923257, 68.75069472772509), 4: (89.41308103784337, 68.66489335610538), 10: (66.30171539013736, 60.8451756313542), 9: (59.138082119326604, 46.1792815562014)}
solType: IP_Optimal
lowerBound: 228.838015629408
upperBound: 228.8379930432946
Path: 
50 50
33.014 52.2808
32.8911 52.1195
30.6453 38.4038
27.3684 18.3862
49.4502 18.9653
56.1482 27.5336
89.1491 11.8394
89.2817 26.5495
89.3845 37.7794
89.5423 55.1163
89.6669 68.7507
89.4131 68.6649
66.3017 60.8452
59.1381 46.1793
50 50
