OFV: 327.3258640367836
Runtime: 0.0330954110249877
Gap: None
repPt: {0: (50, 50), 13: (67.820588939339, 68.9933795000369), 14: (69.61920632503052, 79.96603725828477), 5: (70.47895684092957, 85.23534250419824), 6: (72.2354463944831, 95.95314902882984), 7: (68.2224047758336, 96.37600761563021), 8: (67.03049801529868, 111.94256448869308), 12: (66.90193284830231, 113.64103446288408), 11: (57.65238390856221, 95.79459617317258), 4: (18.51891547782859, 112.70805117141904), 3: (16.528029480480026, 86.52888617035558), 2: (15.887897777525215, 78.18478348559557), 1: (14.594826486683665, 61.16907698004225), 10: (19.433938244923834, 29.64238707134518), 9: (21.537939780144082, 15.961527056025254), 15: (67.93916640613894, 9.03709209492856), 16: (66.46107321246743, 22.080844505271752)}
lowerBound: 327.3258185847516
upperBound: 327.3258640367836
solType: IP_Optimal
Path: 
50 50
67.8206 68.9934
69.6192 79.966
70.479 85.2353
72.2354 95.9531
68.2224 96.376
67.0305 111.9426
66.9019 113.641
57.6524 95.7946
18.5189 112.7081
16.528 86.5289
15.8879 78.1848
14.5948 61.1691
19.4339 29.6424
21.5379 15.9615
67.9392 9.0371
66.4611 22.0808
50 50
