OFV: 730.7894939002435
Runtime: 260.6792392960051
Gap: None
Path: 
50 50
43.4052 48.4006
38.4774 47.2073
34.0326 31.133
29.8394 15.9609
28.2955 10.3665
28.2955 10.3665
24.2115 15.3321
19.6645 26.9276
12.2866 24.879
9.9633 35.6174
7.1876 36.9795
5.0232 56.1443
11.3464 47.5525
11.4002 62.889
11.3099 75.8798
11.1993 91.6421
5.7285 96.9869
5.6847 87.5662
5.6616 82.9505
8.1996 82.2898
9.216 84.6536
11.8415 98.7631
12.6727 103.2452
16.4688 105.776
33.1087 101.7257
32.0719 92.0713
30.8947 80.6528
30.0039 72.0163
29.3486 65.6831
28.8208 60.5829
28.3672 56.2082
32.1791 55.3287
32.8397 56.9964
35.3473 63.3131
38.0741 70.1817
41.4283 78.628
45.9924 90.111
52.6478 99.4546
54.4216 107.0762
58.7347 120.6189
72.0309 95.2132
72.0309 95.2132
76.3172 113.6812
82.5044 123.5486
85.4163 113.4281
86.6796 105.0919
88.0647 95.9475
88.471 93.2741
89.2539 88.1145
90.0653 82.7659
91.5069 73.2449
92.4002 67.3539
90.8578 55.7648
88.7184 39.7173
87.2052 28.3496
85.5772 16.1228
73.252 16.5859
73.4639 17.1611
73.7036 17.8128
74.6159 34.1537
74.9962 40.9197
75.2506 45.4506
75.4787 49.5162
71.906 57.7042
66.8093 42.7732
59.2426 20.619
55.5808 12.3379
54.9235 10.848
55.2635 15.2218
55.5784 19.274
55.8645 22.9511
56.1195 26.2257
56.3937 29.7515
56.6499 33.0416
57.2082 40.2559
57.813 48.0748
58.5612 57.7973
59.7071 72.6758
52.6135 81.904
50.3029 53.7247
50 50
