OFV: 310.20628061422093
Runtime: 42.083962611010065
Gap: -2.2440089584299334e-08
repPt: {0: (50, 50), 1: (38.51419928278963, 50.030005928866046), 2: (33.38209541525229, 78.77143611341866), 12: (9.996989046421984, 87.15550124918104), 10: (9.606051062349517, 77.34558405841216), 9: (8.36799934051607, 56.275172902382934), 11: (8.3657668119883, 56.23723148561414), 16: (41.606067345785256, 38.34329936789706), 15: (44.50144863032399, 30.189281683863417), 13: (63.86907610759782, 36.55088872223739), 14: (71.32581888118875, 46.65711534871795), 7: (88.66963807452701, 60.89067384599821), 8: (93.69274252828352, 71.31012491192645), 5: (94.48972737548787, 72.96428482110639), 6: (96.95860980625186, 96.75224101180926), 4: (85.27953602720454, 101.0273919943442), 3: (77.48702195796248, 86.49273570812896)}
solType: IP_Optimal
lowerBound: 310.20628757527766
upperBound: 310.20628061422093
Path: 
50 50
38.5142 50.03
33.3821 78.7714
9.997 87.1555
9.6061 77.3456
8.368 56.2752
8.3658 56.2372
41.6061 38.3433
44.5014 30.1893
63.8691 36.5509
71.3258 46.6571
88.6696 60.8907
93.6927 71.3101
94.4897 72.9643
96.9586 96.7522
85.2795 101.0274
77.487 86.4927
50 50
