OFV: 337.86271774459806
Runtime: 3602.985976358992
Gap: 0.1017591806648893
repPt: {0: (50, 50), 12: (47.64871267696425, 35.75541509246102), 11: (43.919904623109346, 13.19982003284947), 16: (33.113776095938704, 32.926947298596204), 15: (25.065332592629026, 9.048415137925481), 1: (5.56307896125821, 8.676640597608507), 2: (9.69347177132125, 25.628544185053627), 3: (9.83456911995018, 26.207587869991837), 4: (16.052794248894955, 51.739967661028444), 17: (25.640531177003876, 51.51406318094627), 13: (34.751653469778475, 51.28562367682934), 18: (38.94206304916021, 71.56537543316902), 14: (43.359261837984256, 75.40592396349244), 10: (85.73347869449141, 112.20741088149903), 9: (84.37358435379285, 85.49031678998203), 6: (83.72409978983467, 72.71250351760253), 5: (83.06930551951565, 59.87339930501714), 8: (71.08972340962337, 54.11916074706818), 7: (63.86906895288217, 50.48262909817687)}
solType: IP_TimeLimit
lowerBound: 303.482084409695
upperBound: 337.86271774459806
Path: 
50 50
47.6487 35.7554
43.9199 13.1998
33.1138 32.9269
25.0653 9.0484
5.5631 8.6766
9.6935 25.6285
9.8346 26.2076
16.0528 51.74
25.6405 51.5141
34.7517 51.2856
38.9421 71.5654
43.3593 75.4059
85.7335 112.2074
84.3736 85.4903
83.7241 72.7125
83.0693 59.8734
71.0897 54.1192
63.8691 50.4826
50 50
