OFV: 303.7109426155064
Runtime: 9.647287579005933
Gap: 3.257887031199701e-09
repPt: {0: (50, 50), 1: (93.41554033035526, 37.61162276492042), 2: (93.67953203351414, 57.16331555517332), 14: (36.12926818138392, 103.07288945800154), 13: (32.57697072838988, 88.18817802118663), 12: (30.675203438554906, 80.21278775595692), 11: (26.778586124147427, 63.88222103015127), 6: (21.97792124827463, 75.0461726280353), 5: (19.448013371753454, 55.743844261252384), 4: (18.475737541014478, 48.310094106919856), 10: (17.462875279227486, 32.6466481898975), 9: (16.428813072823978, 16.6140456558332), 3: (16.41754412444597, 16.443660383967988), 7: (31.57006423546817, 15.812719933821281), 8: (45.223176134924515, 42.78807610525465)}
solType: IP_Optimal
lowerBound: 303.71094162605044
upperBound: 303.7109426155064
Path: 
50 50
93.4155 37.6116
93.6795 57.1633
36.1293 103.0729
32.577 88.1882
30.6752 80.2128
26.7786 63.8822
21.9779 75.0462
19.448 55.7438
18.4757 48.3101
17.4629 32.6466
16.4288 16.614
16.4175 16.4437
31.5701 15.8127
45.2232 42.7881
50 50
