OFV: 398.42184224711616
Runtime: 5.399208694987465
Gap: -1.0467660590537993e-07
repPt: {0: (50, 50), 7: (87.87738732137257, 5.382042097901081), 8: (86.33748074030945, 29.630166230481525), 1: (55.8333121919016, 63.186085145030866), 2: (57.773384714601036, 91.56504257778998), 6: (80.13032556467975, 99.0538672988054), 5: (78.26189819872995, 79.97570471862643), 3: (62.158628670170536, 86.71905737083078), 4: (60.50677458797442, 122.24313158450134), 14: (32.072255050400855, 104.46358422184362), 13: (25.29038570014066, 82.95166923409717), 10: (21.47152263521348, 74.19140060907827), 9: (13.29023780184263, 55.42730012045521), 11: (8.29972553093474, 53.84270414034344), 12: (12.065743781000833, 66.58008860362943)}
solType: IP_Optimal
lowerBound: 398.4218839525623
upperBound: 398.42184224711616
Path: 
50 50
87.8774 5.382
86.3375 29.6302
55.8333 63.1861
57.7734 91.565
80.1303 99.0539
78.2619 79.9757
62.1586 86.7191
60.5068 122.2431
32.0723 104.4636
25.2904 82.9517
21.4715 74.1914
13.2902 55.4273
8.2997 53.8427
12.0657 66.5801
50 50
