OFV: 662.6424243287897
Runtime: 72.14691574894823
Gap: None
Path: 
50 50
49.3868 44.4963
46.4765 18.3562
58.2634 8.7985
60.586 19.7577
61.7318 25.1662
65.1224 41.1582
66.9158 49.6208
67.8066 53.8259
69.089 59.8755
70.328 65.7134
72.6359 76.5952
81.9647 102.7783
93.1161 113.3349
93.1645 111.473
93.5677 95.9288
93.7347 89.4944
93.8476 85.1455
94.4326 62.5751
92.7306 54.9297
91.3173 48.5808
78.9817 24.5885
78.825 24.2841
79.0847 35.5608
79.2257 41.6653
79.3532 47.1829
79.6439 59.8245
80.0271 76.5992
74.701 79.9806
61.4205 86.3695
57.7206 77.2599
54.399 69.0808
51.4597 61.8428
49.6054 57.6853
47.5069 52.9804
40.5161 37.313
39.4947 37.9774
28.6761 45.0149
24.2382 34.2814
19.9271 23.8543
14.2787 10.1945
9.2442 25.7817
10.1359 40.6811
11.0435 55.8465
11.8845 69.8957
13.0366 89.1339
13.199 91.8542
14.6416 115.9356
15.1134 123.8299
42.7628 113.457
42.4762 111.5665
40.6542 99.552
40.1706 96.362
39.6833 93.147
39.5027 91.9554
38.3444 84.3168
37.1065 76.1533
35.0741 62.7537
28.0825 62.5867
28.3138 55.0374
34.1768 53.6756
50 50
