OFV: 283.3372708418823
Runtime: 8.029108905990142
Gap: 4.3875174147326475e-08
repPt: {0: (50, 50), 14: (44.39541654825833, 37.81152927366087), 13: (37.57940255184534, 22.990934966864486), 9: (9.406593102513796, 24.47882789228907), 10: (10.004087199006198, 35.665300807259854), 7: (10.378526133431379, 42.66265583400634), 8: (11.513263748160952, 63.96923983515999), 1: (11.099148683338331, 66.29066471047922), 2: (16.64621116434422, 92.6548391913543), 3: (34.97670706196568, 98.08985686697324), 4: (41.04580593435425, 101.24714210164795), 5: (43.96306919292236, 102.66005514102366), 6: (55.035503803011366, 123.13735072710116), 12: (85.64557871714534, 111.46378212112465), 11: (81.50402519685221, 99.75948368124415)}
solType: IP_Optimal
lowerBound: 283.3372584104102
upperBound: 283.3372708418823
Path: 
50 50
44.3954 37.8115
37.5794 22.9909
9.4066 24.4788
10.0041 35.6653
10.3785 42.6627
11.5133 63.9692
11.0991 66.2907
16.6462 92.6548
34.9767 98.0899
41.0458 101.2471
43.9631 102.6601
55.0355 123.1374
85.6456 111.4638
81.504 99.7595
50 50
