OFV: 289.67436608567795
Runtime: 0.016259405063465238
Gap: None
repPt: {0: (50, 50), 4: (72.79570408929506, 49.237928982432095), 3: (74.85261598842806, 29.97467585032485), 11: (79.73387187825381, 25.580216347679777), 12: (87.3654216073852, 56.479104738603084), 1: (90.08230746208562, 67.47812828594641), 2: (98.3677576357614, 101.01789482581097), 10: (95.4220174234528, 102.85163200354917), 9: (87.06579260573857, 88.25141658542238), 6: (43.37293764929845, 101.75436237975343), 5: (37.57267010598456, 77.6712761328303), 8: (18.103938938009637, 84.13156985094135), 7: (16.393144134686636, 73.17560765759028)}
lowerBound: 289.6743383511037
upperBound: 289.67436608567795
solType: IP_Optimal
Path: 
50 50
72.7957 49.2379
74.8526 29.9747
79.7339 25.5802
87.3654 56.4791
90.0823 67.4781
98.3678 101.0179
95.422 102.8516
87.0658 88.2514
43.3729 101.7544
37.5727 77.6713
18.1039 84.1316
16.3931 73.1756
50 50
