OFV: 268.8264089169593
Runtime: 0.01309975201729685
Gap: None
repPt: {0: (50, 50), 11: (4.250612051938224, 6.613852848960377), 12: (5.828070033967089, 26.960173652189315), 1: (9.989152392176795, 27.03281327999891), 2: (16.513832084003532, 60.356489098661754), 8: (11.291602636172339, 64.45606510422486), 7: (11.978909195280334, 49.93957976943985), 5: (12.220872826149959, 49.98782136077638), 6: (25.276707912597733, 71.64188826892337), 3: (68.69952515466241, 78.17024829100215), 4: (70.5775389624969, 89.19484748211158), 10: (66.30166578760908, 87.43092055268788), 9: (54.565445709715185, 60.485506986708224)}
lowerBound: 268.82137083477244
upperBound: 268.8264089169593
solType: IP_Optimal
Path: 
50 50
4.2506 6.6139
5.8281 26.9602
9.9892 27.0328
16.5138 60.3565
11.2916 64.4561
11.9789 49.9396
12.2209 49.9878
25.2767 71.6419
68.6995 78.1702
70.5775 89.1948
66.3017 87.4309
54.5654 60.4855
50 50
