OFV: 524.4351743379423
Runtime: 30.06810684700031
Gap: None
repPt: {0: (50, 50), 16: (58.613357559205554, 41.23455093686118), 15: (59.221977142833154, 32.14336934684427), 34: (59.221976220630914, 32.14337157821864), 33: (59.48560468112406, 10.810767634945535), 29: (67.80148289144417, 13.171702956934597), 30: (72.07551742588095, 15.954968017569765), 21: (92.4760427982944, 9.048282867107595), 22: (96.17497085712633, 28.360581722073366), 6: (97.74390704528338, 36.552546880123295), 5: (97.01789186816052, 23.59972023323371), 37: (96.90022084450263, 21.499999996516266), 38: (95.33412496875995, 49.404982861308184), 13: (94.43613471221549, 65.42452470047728), 14: (93.29247967281322, 85.73046690740792), 7: (93.22658256056994, 86.91082682026818), 8: (92.74767139770414, 95.45231852150282), 28: (92.74766732575623, 95.45231189697091), 27: (90.65828223424023, 90.4860729529261), 1: (91.46834523475968, 91.58498709106246), 2: (97.20412507192259, 114.43096954991744), 12: (84.29944292044578, 115.5208645623464), 11: (76.5274223210277, 93.48343931421535), 23: (48.86857282328906, 104.72452078042318), 24: (43.70993093618646, 115.19072349470845), 40: (38.83170082814717, 115.0157916902204), 39: (25.561577421112176, 91.60585362384174), 10: (11.677671284793934, 92.90425400832206), 9: (11.18269448482748, 83.39191232100842), 18: (16.437717456750917, 56.45522901749361), 17: (18.640432450032677, 45.1667005233282), 4: (17.263351442345044, 52.00050143175254), 3: (20.838701461896783, 39.79907600287189), 20: (25.99188946032787, 28.982888125873774), 19: (30.50784638984014, 17.79939338172491), 25: (30.548106116123794, 17.907240747892267), 26: (38.86870524239887, 40.194902147011014), 35: (40.331884314397186, 42.883302633066734), 36: (55.58017971770997, 70.88482642071752), 32: (57.66382739421419, 70.88797758772058), 31: (52.836651845550044, 57.731337867479354)}
lowerBound: 524.4351334846589
upperBound: 524.4351743379423
solType: IP_Optimal
Path: 
50 50
58.6134 41.2346
59.222 32.1434
59.222 32.1434
59.4856 10.8108
67.8015 13.1717
72.0755 15.955
92.476 9.0483
96.175 28.3606
97.7439 36.5525
97.0179 23.5997
96.9002 21.5
95.3341 49.405
94.4361 65.4245
93.2925 85.7305
93.2266 86.9108
92.7477 95.4523
92.7477 95.4523
90.6583 90.4861
91.4683 91.585
97.2041 114.431
84.2994 115.5209
76.5274 93.4834
48.8686 104.7245
43.7099 115.1907
38.8317 115.0158
25.5616 91.6059
11.6777 92.9043
11.1827 83.3919
16.4377 56.4552
18.6404 45.1667
17.2634 52.0005
20.8387 39.7991
25.9919 28.9829
30.5078 17.7994
30.5481 17.9072
38.8687 40.1949
40.3319 42.8833
55.5802 70.8848
57.6638 70.888
52.8367 57.7313
50 50
