OFV: 194.45557939705378
Runtime: 4.464888833000259
Gap: 4.9004365438711266e-08
repPt: {0: (50, 50), 6: (50.01033421127597, 49.1999463783135), 5: (50.16739927350591, 37.18538765861219), 4: (50.1974588763291, 34.86958212743376), 3: (50.39393223352002, 19.513959442496844), 1: (53.645640395631716, 10.195688652162769), 2: (61.367325323132135, 28.11907450473405), 9: (87.93820264168363, 24.693733783802404), 10: (89.1629243988972, 44.826538664549304), 8: (46.57394670265014, 76.09040721723835), 7: (41.69673341183353, 50.05816819970385)}
solType: IP_Optimal
lowerBound: 194.4555698678815
upperBound: 194.45557939705378
Path: 
50 50
50.0103 49.1999
50.1674 37.1854
50.1975 34.8696
50.3939 19.514
53.6456 10.1957
61.3673 28.1191
87.9382 24.6937
89.1629 44.8265
46.5739 76.0904
41.6967 50.0582
50 50
