OFV: 234.39260704905007
Runtime: 1.1254984000115655
Gap: 5.486510410919089e-08
repPt: {0: (50, 50), 1: (14.289902237471932, 78.92832158077904), 2: (13.823917138343504, 95.91848518455774), 8: (28.775273348680997, 79.54466171319946), 7: (31.679537162339102, 56.04158606545069), 3: (45.71910282716822, 26.68682315786171), 9: (47.45154306018164, 33.25370735119259), 4: (49.69920204285115, 53.4288860535838), 10: (54.46507746845172, 64.4044989324387), 6: (73.17197315493303, 64.68540584429489), 5: (72.89163903114844, 52.430554691847846)}
solType: IP_Optimal
lowerBound: 234.39259418907528
upperBound: 234.39260704905007
Path: 
50 50
14.2899 78.9283
13.8239 95.9185
28.7753 79.5447
31.6795 56.0416
45.7191 26.6868
47.4515 33.2537
49.6992 53.4289
54.4651 64.4045
73.172 64.6854
72.8916 52.4306
50 50
