OFV: 297.88789616824107
Runtime: 3600.4547749040066
Gap: 0.15610997727647682
repPt: {0: (50, 50), 5: (11.683174828797751, 75.57317034998752), 6: (14.486942815544186, 96.01216214783227), 4: (68.60938432278438, 111.46942921085977), 3: (71.92502133268628, 102.30876737362455), 18: (71.92504967491615, 102.3086791887564), 17: (76.51305589169905, 83.37310721154955), 8: (80.44506964834083, 92.35023791647467), 7: (77.78372702326537, 71.00763953092797), 16: (77.77248998087595, 70.91754600878816), 15: (75.46725947703702, 52.432177116340476), 9: (86.90580304367607, 53.7778305606678), 10: (92.76414700520976, 57.61727657440515), 12: (95.90236516676299, 59.15382135849816), 11: (91.63011693386053, 41.96087244626238), 1: (70.34118465269788, 46.78507604934595), 2: (66.22753963898921, 52.81650734141672), 14: (66.22753347578325, 52.81651441041085), 13: (61.744195403958315, 41.42122578995338)}
solType: IP_TimeLimit
lowerBound: 251.38462346647947
upperBound: 297.88789616824107
Path: 
50 50
11.6832 75.5732
14.4869 96.0122
68.6094 111.4694
71.925 102.3088
71.925 102.3087
76.5131 83.3731
80.4451 92.3502
77.7837 71.0076
77.7725 70.9175
75.4673 52.4322
86.9058 53.7778
92.7641 57.6173
95.9024 59.1538
91.6301 41.9609
70.3412 46.7851
66.2275 52.8165
66.2275 52.8165
61.7442 41.4212
50 50
