OFV: 289.6743396783585
Runtime: 0.8368098799983272
Gap: -3.557983840575567e-08
repPt: {0: (50, 50), 4: (72.79604650723314, 49.23760730578629), 3: (74.85308654425381, 29.973772896837588), 11: (79.73211928409931, 25.579679820570753), 12: (86.79750524555958, 54.18548448790333), 1: (90.36890579025882, 68.64616468161049), 2: (98.36754647462271, 101.01840795615074), 10: (95.42304994965916, 102.8518909360126), 9: (87.06504614640617, 88.25112441478989), 6: (43.37300975792794, 101.75439977238501), 5: (37.57222245744493, 77.67103128066803), 8: (18.103328606747436, 84.13119557737079), 7: (16.393417739818805, 73.17497773533572)}
solType: IP_Optimal
lowerBound: 289.6743499849247
upperBound: 289.6743396783585
Path: 
50 50
72.796 49.2376
74.8531 29.9738
79.7321 25.5797
86.7975 54.1855
90.3689 68.6462
98.3675 101.0184
95.423 102.8519
87.065 88.2511
43.373 101.7544
37.5722 77.671
18.1033 84.1312
16.3934 73.175
50 50
