OFV: 359.39860040196277
Runtime: 223.49309618400002
Gap: -1.0351285579093258e-07
repPt: {0: (50, 50), 3: (35.69620993645643, 69.21628943906293), 4: (34.94621048656374, 81.35075711423926), 17: (34.39327915787608, 90.34991946030657), 18: (33.26879817790775, 118.38800447932638), 12: (16.997549515333592, 103.58327353409145), 11: (10.08979957073954, 82.46859207121229), 10: (29.273587304069725, 79.05860660233209), 9: (31.417817069112964, 70.17655015495681), 14: (32.38448858869204, 70.5016614561087), 13: (33.72870155619238, 56.82208773839414), 16: (35.89759802664793, 34.77938385857877), 15: (38.45334536813377, 8.815860595766637), 5: (72.09015393968505, 7.0648272971046255), 6: (77.22698921640516, 18.545738405857346), 7: (96.98545282086782, 10.132598398009256), 8: (96.43980903845338, 29.92715256503553), 1: (96.40041644508074, 31.37585986237802), 2: (95.98466303814526, 46.646107187065596)}
solType: IP_Optimal
lowerBound: 359.39863760433826
upperBound: 359.39860040196277
Path: 
50 50
35.6962 69.2163
34.9462 81.3508
34.3933 90.3499
33.2688 118.388
16.9975 103.5833
10.0898 82.4686
29.2736 79.0586
31.4178 70.1766
32.3845 70.5017
33.7287 56.8221
35.8976 34.7794
38.4533 8.8159
72.0902 7.0648
77.227 18.5457
96.9855 10.1326
96.4398 29.9272
96.4004 31.3759
95.9847 46.6461
50 50
