OFV: 273.75116900337247
Runtime: 0.02558752801269293
Gap: None
repPt: {0: (50, 50), 10: (94.56387403500739, 94.91507291536719), 9: (85.60089679357895, 72.25298092835418), 4: (80.77257044873409, 66.46480122111913), 3: (74.47666647472909, 39.77710985758624), 6: (74.47667035100321, 39.777099621616756), 5: (68.30723683507951, 10.594562130915095), 11: (76.74041788508829, 15.078620124873956), 12: (80.8319053341693, 28.50866189934924), 2: (71.2460138992104, 34.28458240822954), 1: (63.54280940258599, 19.61071266280934), 7: (43.863727468605546, 23.502513928815755), 8: (41.825983462183636, 40.20073268805817), 13: (41.499242103829836, 42.887035798042845), 14: (43.03017394020903, 60.55369630918695)}
lowerBound: 273.7511537937075
upperBound: 273.75116900337247
solType: IP_Optimal
Path: 
50 50
94.5639 94.9151
85.6009 72.253
80.7726 66.4648
74.4767 39.7771
74.4767 39.7771
68.3072 10.5946
76.7404 15.0786
80.8319 28.5087
71.246 34.2846
63.5428 19.6107
43.8637 23.5025
41.826 40.2007
41.4992 42.887
43.0302 60.5537
50 50
