OFV: 267.55258394492995
Runtime: 3601.5875448359875
Gap: 0.27096007002780165
repPt: {0: (50, 50), 3: (49.521003091088886, 48.99264635164405), 4: (47.24923551602003, 55.16324929247243), 19: (45.36765230314026, 60.27227511475887), 17: (45.506641953482024, 61.13272095286151), 18: (48.21454119307384, 77.88610346848529), 20: (49.382278479905004, 85.11511790857138), 10: (74.47874805218767, 71.45198510748948), 9: (84.32230216000647, 43.80475895091926), 13: (90.60082273991705, 33.45875367207658), 14: (93.78870167088921, 55.60847416772246), 6: (84.6364486238047, 51.49291888159557), 8: (78.60746591515147, 48.398326592172694), 16: (71.8805953794816, 44.94531896506499), 5: (67.57363980679229, 27.84203519381243), 7: (64.44496853760978, 26.499263554986147), 15: (57.200441121149105, 23.38967914018226), 12: (40.76289488004024, 16.329766360895036), 11: (32.77421033712665, 8.145207135686169), 1: (26.01555225254445, 19.88408729367492), 2: (28.93532963206726, 33.48893622234395)}
solType: IP_TimeLimit
lowerBound: 195.05651706309246
upperBound: 267.55258394492995
Path: 
50 50
49.521 48.9926
47.2492 55.1632
45.3677 60.2723
45.5066 61.1327
48.2145 77.8861
49.3823 85.1151
74.4787 71.452
84.3223 43.8048
90.6008 33.4588
93.7887 55.6085
84.6364 51.4929
78.6075 48.3983
71.8806 44.9453
67.5736 27.842
64.445 26.4993
57.2004 23.3897
40.7629 16.3298
32.7742 8.1452
26.0156 19.8841
28.9353 33.4889
50 50
