OFV: 275.2143926323232
Runtime: 0.8965599260118324
Gap: 1.0683470907515806e-07
repPt: {0: (50, 50), 1: (82.74448689333622, 15.191403455085267), 2: (86.30740719474417, 37.43432212096434), 5: (87.65232655697099, 45.834200940425404), 6: (92.33577961288242, 75.07687630845537), 7: (92.54164365512312, 76.36234716175792), 9: (94.05923944752578, 101.3709282901623), 8: (94.30947958582098, 105.53582275155384), 10: (91.31670831992284, 123.53471166760033), 4: (35.321900088383565, 83.61342278730042), 3: (29.210057874967475, 57.01572918846408)}
solType: IP_Optimal
lowerBound: 275.21436322987364
upperBound: 275.2143926323232
Path: 
50 50
82.7445 15.1914
86.3074 37.4343
87.6523 45.8342
92.3358 75.0769
92.5416 76.3623
94.0592 101.3709
94.3095 105.5358
91.3167 123.5347
35.3219 83.6134
29.2101 57.0157
50 50
