OFV: 355.3917150320027
Runtime: 164.95338469100534
Gap: 2.136151824725912e-08
repPt: {0: (50, 50), 16: (44.14469186227128, 40.34882770369687), 15: (40.140361839204616, 21.84541684973665), 1: (80.75095145098827, 17.862739726685973), 2: (85.21019153105165, 45.21905563105553), 9: (83.72097326620164, 89.49332091193719), 10: (82.88080717200889, 114.2729627648979), 8: (39.52313205094699, 123.11745356460642), 7: (37.60131163320092, 96.06484430840227), 6: (48.13364796630423, 97.60276810402765), 4: (52.327991729642946, 96.70193337148272), 3: (48.843511177574605, 83.94135347490288), 5: (44.533593075974345, 72.5141374794268), 14: (31.26187845972729, 80.28904470648158), 18: (26.70229286424821, 71.70788487669137), 13: (26.105713804576563, 63.839357234988434), 17: (25.130282201979774, 51.013867269906534), 11: (38.430128118392304, 49.69560745257633), 12: (43.131596580130065, 55.728339348467145)}
solType: IP_Optimal
lowerBound: 355.3917074402961
upperBound: 355.3917150320027
Path: 
50 50
44.1447 40.3488
40.1404 21.8454
80.751 17.8627
85.2102 45.2191
83.721 89.4933
82.8808 114.273
39.5231 123.1175
37.6013 96.0648
48.1336 97.6028
52.328 96.7019
48.8435 83.9414
44.5336 72.5141
31.2619 80.289
26.7023 71.7079
26.1057 63.8394
25.1303 51.0139
38.4301 49.6956
43.1316 55.7283
50 50
