OFV: 323.5750800009913
Runtime: 3602.4977941099933
Gap: 0.06031547114815211
repPt: {0: (50, 50), 16: (46.16905895031491, 40.073162050910895), 15: (41.82141550331812, 22.933051147299697), 1: (79.46884818368557, 19.39920084500239), 2: (83.2116679409746, 45.30370430886001), 9: (82.01014280709488, 88.36513621441226), 10: (81.3247308317229, 113.01596526671494), 8: (40.77535809614363, 121.55731070714252), 7: (39.55229275536568, 96.91143775980001), 6: (46.92247791475233, 96.02253265366102), 4: (50.675528968330035, 95.57162953233517), 3: (46.98452548222369, 84.68222489345614), 5: (43.30481244107308, 74.17322533302767), 14: (32.37365954591056, 78.55163277667387), 18: (28.59711709848313, 71.06317223820838), 13: (27.58032132300646, 62.86232973116671), 17: (26.318063487568686, 52.68048587076972), 12: (40.45959883620631, 54.035257915539475), 11: (43.52312734596345, 51.36467730640142)}
solType: IP_TimeLimit
lowerBound: 304.0584965989305
upperBound: 323.5750800009913
Path: 
50 50
46.1691 40.0732
41.8214 22.9331
79.4688 19.3992
83.2117 45.3037
82.0101 88.3651
81.3247 113.016
40.7754 121.5573
39.5523 96.9114
46.9225 96.0225
50.6755 95.5716
46.9845 84.6822
43.3048 74.1732
32.3737 78.5516
28.5971 71.0632
27.5803 62.8623
26.3181 52.6805
40.4596 54.0353
43.5231 51.3647
50 50
