OFV: 420.49201890821746
Runtime: 0.061106264940463006
Gap: None
repPt: {0: (50, 50), 16: (57.6923925950627, 53.39365933116762), 15: (84.30460785059633, 65.13175765091464), 11: (94.65388503864408, 67.18921209070787), 12: (123.46224877677177, 72.91348238663527), 4: (85.7411556223658, 68.38023227523374), 3: (81.77813556779509, 51.22355669850229), 6: (57.89300076474496, 49.87508403346946), 5: (47.6369049767497, 72.59348293613246), 9: (10.073846068273701, 87.7454362635172), 10: (-0.796329783094937, 91.91566816195196), 2: (-13.968219206257954, 27.41257181496877), 1: (1.9762541997848326, 18.773690740948517), 14: (29.045876561952202, -4.206462314170111), 13: (43.06492064723183, 10.3940664108492), 7: (40.333075028775575, 10.810534564469016), 8: (41.16401333842406, 44.259635145988625)}
lowerBound: 420.4919986156849
upperBound: 420.49201890821746
solType: IP_Optimal
Path: 
50 50
57.6924 53.3937
84.3046 65.1318
94.6539 67.1892
123.4622 72.9135
85.7412 68.3802
81.7781 51.2236
57.893 49.8751
47.6369 72.5935
10.0738 87.7454
-0.7963 91.9157
-13.9682 27.4126
1.9763 18.7737
29.0459 -4.2065
43.0649 10.3941
40.3331 10.8105
41.164 44.2596
50 50
