OFV: 853.3542685475164
Runtime: 3600.721364576835
Gap: None
repPt: {0: (50, 50), 10: (55.997056790538174, 49.042512138587384), 9: (60.20677059051033, 70.33719639049599), 65: (60.20677188644197, 70.33720282222416), 66: (63.37647536135917, 80.50222489309401), 74: (63.376488755331515, 80.50220011633988), 73: (40.15701798255274, 75.89823873222079), 26: (40.15695308803601, 75.89826023518344), 25: (21.05882141667865, 79.76178484623168), 7: (21.07546067807059, 79.6946554757339), 8: (26.426079967696225, 58.23908900630058), 59: (26.426060184644996, 58.239101439464505), 60: (29.49383932831118, 65.45674363804214), 50: (29.49384415888695, 65.45673030267558), 49: (27.881184307225418, 67.55534035762027), 72: (27.925537538567852, 67.56106892167071), 71: (18.891140103310534, 79.49723514821397), 61: (18.891124888432, 79.4972397443259), 62: (27.16740095962577, 103.50908774132714), 57: (16.311418254834344, 94.19141809229536), 58: (23.628227912419927, 110.16017761214063), 56: (26.111232522708544, 111.82067896283823), 55: (26.214768780277257, 82.12054552219224), 21: (26.224095730127438, 82.11297864725127), 22: (46.29868859825874, 65.8137962824481), 33: (48.4383308969753, 64.64725969797959), 34: (64.59710805536253, 55.824181139120086), 11: (57.35141810117291, 57.12327782837), 12: (73.92585946118245, 64.39887025143805), 29: (73.92586465427134, 64.3988683434399), 30: (92.28664840147509, 76.90575052919523), 18: (91.84256096381516, 76.87427498255919), 17: (87.97430796547974, 76.60235542796045), 16: (87.9743169661531, 76.60236309408053), 15: (88.1445351229491, 87.88819699727469), 23: (88.15309967335956, 88.42883070274337), 24: (102.33929141732067, 81.4457922840403), 75: (102.97423772916692, 85.00085055250499), 76: (126.07537520284046, 97.5013349920458), 70: (94.97534470417379, 63.74111359680281), 69: (88.66862001528533, 59.61503677287113), 43: (88.66859492976613, 59.61502866220649), 44: (99.3440383089588, 40.42273928758399), 53: (100.84593331870879, 37.72408681674612), 54: (117.1638610482936, 46.63483737258375), 40: (114.50723232197711, 44.52995158169022), 39: (97.73317608481376, 28.347519399841456), 77: (94.95768363480023, 25.668530050182177), 78: (113.84282672231654, 14.150199707459375), 67: (104.84442249279611, 15.669425439311556), 68: (114.30570025599171, 3.982437764765231), 4: (110.39157575994923, -0.12508073277538578), 3: (101.85005925635495, 1.5827845905408036), 2: (101.43779493103803, 1.6655707057106595), 1: (92.3453578264132, 5.759941124819202), 64: (90.7155803073503, 6.494558058652403), 63: (76.7811948415783, 11.312755871658721), 41: (76.78119025861946, 11.312750699074064), 42: (74.22112402487136, 40.17494527991652), 35: (74.07694623693045, 41.80066978652918), 36: (83.87337605574686, 42.27435990169183), 20: (83.48083648896687, 41.33024643486253), 19: (72.01433060287204, 41.97857915735847), 32: (71.85825502009786, 41.9874964191371), 31: (56.91625733456811, 42.83176517542498), 5: (55.679477902042564, 39.556819178709056), 6: (50.81393548067272, 5.589106444716718), 52: (49.37714919857375, -4.4429600258457675), 51: (23.385979732409876, -0.012704066118398138), 46: (24.163388285740645, -5.400497364441), 45: (16.211272161490662, 4.2103201326845445), 27: (18.089476943667034, 4.797665599405589), 28: (24.296117282289416, 6.742196666596879), 13: (21.627073396224752, 15.226423327264948), 14: (28.227596710841603, 18.421972738014254), 47: (28.22759247951705, 18.421963655059905), 48: (35.37823310162913, 11.085840968718095), 37: (34.808798926000996, 11.0980032458652), 38: (49.54468091316689, 21.179835228886116), 80: (50.16212298975853, 21.602188932871996), 79: (32.836091903548954, 24.552584423604763)}
lowerBound: 840.7586317675828
upperBound: 853.3542685475164
solType: IP_TimeLimit
Path: 
50 50
55.9971 49.0425
60.2068 70.3372
60.2068 70.3372
63.3765 80.5022
63.3765 80.5022
40.157 75.8982
40.157 75.8983
21.0588 79.7618
21.0755 79.6947
26.4261 58.2391
26.4261 58.2391
29.4938 65.4567
29.4938 65.4567
27.8812 67.5553
27.9255 67.5611
18.8911 79.4972
18.8911 79.4972
27.1674 103.5091
16.3114 94.1914
23.6282 110.1602
26.1112 111.8207
26.2148 82.1205
26.2241 82.113
46.2987 65.8138
48.4383 64.6473
64.5971 55.8242
57.3514 57.1233
73.9259 64.3989
73.9259 64.3989
92.2866 76.9058
91.8426 76.8743
87.9743 76.6024
87.9743 76.6024
88.1445 87.8882
88.1531 88.4288
102.3393 81.4458
102.9742 85.0009
126.0754 97.5013
94.9753 63.7411
88.6686 59.615
88.6686 59.615
99.344 40.4227
100.8459 37.7241
117.1639 46.6348
114.5072 44.53
97.7332 28.3475
94.9577 25.6685
113.8428 14.1502
104.8444 15.6694
114.3057 3.9824
110.3916 -0.1251
101.8501 1.5828
101.4378 1.6656
92.3454 5.7599
90.7156 6.4946
76.7812 11.3128
76.7812 11.3128
74.2211 40.1749
74.0769 41.8007
83.8734 42.2744
83.4808 41.3302
72.0143 41.9786
71.8583 41.9875
56.9163 42.8318
55.6795 39.5568
50.8139 5.5891
49.3771 -4.443
23.386 -0.0127
24.1634 -5.4005
16.2113 4.2103
18.0895 4.7977
24.2961 6.7422
21.6271 15.2264
28.2276 18.422
28.2276 18.422
35.3782 11.0858
34.8088 11.098
49.5447 21.1798
50.1621 21.6022
32.8361 24.5526
50 50
