OFV: 557.629332360535
Runtime: 3.446796639938839
Gap: None
repPt: {0: (50, 50), 40: (52.935255943454706, 50.301669599467616), 39: (40.698010578503364, 54.1331229699597), 14: (42.61356470695555, 54.635570770487256), 13: (38.97858730596246, 56.09213927705489), 35: (36.50820232380735, 57.08280934377459), 36: (39.963699784143486, 31.879425626688217), 20: (39.96371419672121, 31.87942437869238), 19: (14.278838850584672, 28.420408700422175), 24: (13.445677534867306, 25.872874441859047), 23: (7.218072770795971, 6.831936078550422), 7: (19.262461367838448, 16.257774629984773), 8: (27.07439349830028, 17.925200245840944), 21: (33.204737800253056, 19.234127282149053), 22: (44.57618448205267, 9.084427762168595), 37: (45.645494847703986, 12.068287161103179), 38: (52.259137539553436, 30.492019655959666), 27: (51.771552080124536, 31.198970705729966), 28: (73.81424016522666, 10.574766847706055), 26: (93.29322579285798, -7.646269847572656), 25: (82.32044425600233, -1.883038788879343), 16: (80.75274474276745, -1.0619390447270085), 15: (68.09993877814334, 28.92927630859792), 31: (69.51024074232555, 32.34912618610608), 32: (79.64479135629296, 43.44415478807233), 2: (83.20903981520246, 47.34436578542616), 1: (73.58589118389605, 55.94122972566766), 3: (74.2783834285709, 56.207392276054506), 4: (97.39332601510293, 44.772844390829704), 30: (101.13952096687474, 64.07607188970276), 29: (80.52676124154661, 72.5599396628828), 12: (72.05913378054865, 76.03931632345817), 11: (48.829254307702655, 71.87291239165833), 33: (46.55585525143617, 70.44131466406856), 34: (60.80493712111806, 91.03714011244017), 10: (45.22139419552456, 110.30738205168599), 9: (29.93802378694756, 87.40852379429114), 17: (19.461507818173484, 71.7144638362193), 18: (22.211398501504824, 57.38129440524167), 5: (22.88533634788539, 59.31177202094062), 6: (49.428911555884945, 56.871685919019995)}
lowerBound: 557.6292591046754
upperBound: 557.629332360535
solType: IP_Optimal
Path: 
50 50
52.9353 50.3017
40.698 54.1331
42.6136 54.6356
38.9786 56.0921
36.5082 57.0828
39.9637 31.8794
39.9637 31.8794
14.2788 28.4204
13.4457 25.8729
7.2181 6.8319
19.2625 16.2578
27.0744 17.9252
33.2047 19.2341
44.5762 9.0844
45.6455 12.0683
52.2591 30.492
51.7716 31.199
73.8142 10.5748
93.2932 -7.6463
82.3204 -1.883
80.7527 -1.0619
68.0999 28.9293
69.5102 32.3491
79.6448 43.4442
83.209 47.3444
73.5859 55.9412
74.2784 56.2074
97.3933 44.7728
101.1395 64.0761
80.5268 72.5599
72.0591 76.0393
48.8293 71.8729
46.5559 70.4413
60.8049 91.0371
45.2214 110.3074
29.938 87.4085
19.4615 71.7145
22.2114 57.3813
22.8853 59.3118
49.4289 56.8717
50 50
