OFV: 560.0316681911057
Runtime: 0.8733068010769784
Gap: None
repPt: {0: (50, 50), 16: (46.10473873943495, 53.06131436888451), 15: (36.599282270311704, 52.902386603184), 6: (34.43628124775946, 54.76032841544286), 5: (25.793692706887466, 55.22555920870344), 11: (27.723566746913562, 56.19366273276094), 12: (40.40343505883107, 79.54972938941644), 9: (44.180760433373266, 75.73318246213668), 10: (59.112341777707954, 79.9174681667297), 29: (71.7746510495528, 83.4680859731073), 30: (85.8783501081745, 87.42728631526423), 40: (109.40781669237262, 75.0794741903047), 39: (81.00356913377487, 63.99451434533254), 34: (77.60622954841836, 62.67347559227563), 33: (70.24646786847792, 56.74670960012726), 35: (77.51295003802737, 57.32197164840983), 36: (77.5808398014289, 38.218899596863515), 8: (74.2195296438047, 36.33237986806829), 7: (65.77594227326662, 45.75311119211689), 13: (64.40876918776472, 46.964959432245486), 14: (65.79985315716438, 35.07422420473644), 23: (65.79988226378764, 35.073907515829845), 24: (69.82798059973948, 13.626714310654181), 38: (81.42603282836203, -8.875085851167809), 37: (66.27365798818292, 10.968551988641654), 4: (62.77376249246695, 15.546058032696298), 3: (42.1698332973257, 42.54841316249042), 21: (43.02302395146316, 44.39637707398037), 22: (43.96929514507639, 19.064795757750627), 2: (26.122133668918558, 11.31577752483909), 1: (20.970917676309018, 24.510673384838757), 25: (17.646562145072764, 33.0291604345844), 26: (13.988474000215762, 61.99186021444692), 32: (13.068932048200772, 69.3326311588093), 31: (11.013114183019432, 85.64378734733178), 27: (13.84823138278858, 85.41691269441266), 28: (37.30000176718457, 68.09579621092728), 20: (35.1555057414014, 66.5127543241919), 19: (27.901201952665094, 84.36102832031445), 17: (29.81710267944507, 81.37430765953088), 18: (48.374796078554944, 52.5318879176364)}
lowerBound: 560.0315938415678
upperBound: 560.0316681911057
solType: IP_Optimal
Path: 
50 50
46.1047 53.0613
36.5993 52.9024
34.4363 54.7603
25.7937 55.2256
27.7236 56.1937
40.4034 79.5497
44.1808 75.7332
59.1123 79.9175
71.7747 83.4681
85.8784 87.4273
109.4078 75.0795
81.0036 63.9945
77.6062 62.6735
70.2465 56.7467
77.513 57.322
77.5808 38.2189
74.2195 36.3324
65.7759 45.7531
64.4088 46.965
65.7999 35.0742
65.7999 35.0739
69.828 13.6267
81.426 -8.8751
66.2737 10.9686
62.7738 15.5461
42.1698 42.5484
43.023 44.3964
43.9693 19.0648
26.1221 11.3158
20.9709 24.5107
17.6466 33.0292
13.9885 61.9919
13.0689 69.3326
11.0131 85.6438
13.8482 85.4169
37.3 68.0958
35.1555 66.5128
27.9012 84.361
29.8171 81.3743
48.3748 52.5319
50 50
