OFV: 405.12856590852124
Runtime: 0.31617445199992744
Gap: -4.8199682846689375e-08
repPt: {0: (50, 50), 1: (58.9468914262594, 98.87275196880204), 2: (34.798595334005974, 121.9148937639031), 6: (-2.8149810425600714, 68.09947049892722), 5: (8.492309722866898, 57.353332734326095), 10: (16.05912045062416, 36.78890968583349), 9: (26.099075029614905, 22.425367379248666), 11: (26.364230064782074, 20.24918777170939), 12: (29.532926811521005, -5.565056983150614), 3: (80.48384367995628, 29.50116678169389), 4: (108.85936802996493, 12.268985107773862), 8: (101.8963014012255, 34.981389512156966), 7: (86.77248280895515, 36.523655894333814)}
solType: IP_Optimal
lowerBound: 405.1285854355896
upperBound: 405.12856590852124
Path: 
50 50
58.9469 98.8728
34.7986 121.9149
-2.815 68.0995
8.4923 57.3533
16.0591 36.7889
26.0991 22.4254
26.3642 20.2492
29.5329 -5.5651
80.4838 29.5012
108.8594 12.269
101.8963 34.9814
86.7725 36.5237
50 50
