OFV: 156.53355088440975
Runtime: 2.3840262349986006
Gap: 8.049035970747142e-08
repPt: {0: (50, 50), 1: (19.840480936613723, 28.228857115081524), 2: (11.743410920833906, 39.87988380171942), 4: (5.455340421233304, 48.930641826084226), 5: (20.299696130710707, 49.23616660613258), 6: (31.455706790611227, 46.25682119656692), 3: (34.564483080200766, 46.24900986043886), 9: (44.364190621708225, 66.11918661212209), 10: (54.19917153559529, 60.51848916063088), 8: (59.070998508099635, 61.27591079480138), 7: (64.83389973640516, 51.54809978345699)}
solType: IP_Optimal
lowerBound: 156.53353828496793
upperBound: 156.53355088440975
Path: 
50 50
19.8405 28.2289
11.7434 39.8799
5.4553 48.9306
20.2997 49.2362
31.4557 46.2568
34.5645 46.249
44.3642 66.1192
54.1992 60.5185
59.071 61.2759
64.8339 51.5481
50 50
