OFV: 405.8792313506165
Runtime: 3601.784811950987
Gap: 0.11077849151994136
repPt: {0: (50, 50), 8: (110.80852649248709, 47.931223665863484), 7: (93.4143406134113, 24.034723742312604), 9: (88.70710330580027, 22.176648639395857), 16: (72.05499242739589, 15.603265515997695), 10: (63.86986961206912, 12.37342030803919), 4: (58.983158338935915, 10.446254806832211), 15: (54.59504067279834, 8.716243838184354), 3: (54.31963877488833, 27.420064793691804), 1: (21.93665450206145, -0.29298689531587074), 2: (1.2940979538581467, -17.959393890827293), 11: (-2.3699956727914118, 9.144978783716526), 12: (-25.700443320210017, 25.32090657230868), 14: (-4.5610764073349035, 39.27628413103108), 18: (6.754426217848157, 20.276034282623165), 13: (16.294423845068472, 18.66435279931737), 17: (30.3036583234508, 24.088691813390835), 6: (34.91718372206514, 25.873971188806557), 5: (25.298073135475825, 51.797425693022035)}
solType: IP_TimeLimit
lowerBound: 360.91654236232193
upperBound: 405.8792313506165
Path: 
50 50
110.8085 47.9312
93.4143 24.0347
88.7071 22.1766
72.055 15.6033
63.8699 12.3734
58.9832 10.4463
54.595 8.7162
54.3196 27.4201
21.9367 -0.293
1.2941 -17.9594
-2.37 9.145
-25.7004 25.3209
-4.5611 39.2763
6.7544 20.276
16.2944 18.6644
30.3037 24.0887
34.9172 25.874
25.2981 51.7974
50 50
