OFV: 391.64862859937364
Runtime: 3601.367573557014
Gap: 0.05168070110567435
repPt: {0: (50, 50), 7: (20.120270835360515, 15.653562239589382), 8: (35.16745047715496, 6.363152744590369), 5: (50.18429490719988, -2.9101139239444467), 6: (56.32525673789437, -22.152278965311158), 20: (80.74046850127621, -9.980965945945579), 19: (71.39840540564762, 4.207431031805492), 3: (71.04502768128592, 4.7435233678244195), 4: (96.96030723976807, 7.758150283663794), 15: (100.78666516216532, 55.768791421437136), 16: (104.79679590630535, 60.614419363279495), 14: (107.41142674840322, 65.45593172604057), 13: (87.2306334221366, 83.0762764165964), 9: (79.99888997316847, 71.4743412284394), 10: (71.1525675791955, 93.30164979493978), 1: (71.15250934690404, 93.30141997776774), 2: (78.14224407459606, 98.26796145118475), 12: (70.44548448013354, 106.77577132715153), 11: (65.88452026680552, 80.58836706896001), 17: (49.33510496981394, 82.34452602328453), 18: (49.936002684679735, 53.02890080765809)}
solType: IP_TimeLimit
lowerBound: 371.40795288628215
upperBound: 391.64862859937364
Path: 
50 50
20.1203 15.6536
35.1675 6.3632
50.1843 -2.9101
56.3253 -22.1523
80.7405 -9.981
71.3984 4.2074
71.045 4.7435
96.9603 7.7582
100.7867 55.7688
104.7968 60.6144
107.4114 65.4559
87.2306 83.0763
79.9989 71.4743
71.1526 93.3016
71.1525 93.3014
78.1422 98.268
70.4455 106.7758
65.8845 80.5884
49.3351 82.3445
49.936 53.0289
50 50
