OFV: 976.5453654029257
Runtime: 229.19101661397144
Gap: None
Path: 
50 50
50.9386 51.6548
57.4773 45.4606
64.306 40.6018
69.1161 52.402
74.4729 52.2123
81.8907 51.9506
87.2451 50.5882
89.5384 48.8709
103.6959 55.3139
116.1464 60.98
111.5688 64.8327
103.6495 71.4921
98.0991 74.6227
83.6215 73.608
83.3313 73.5874
86.1208 47.0168
86.2036 46.2244
108.6613 38.6345
124.6049 29.6211
102.9983 19.8351
98.4883 6.6912
67.6188 5.0531
68.4919 5.677
81.4702 14.9662
83.1987 26.2226
84.741 36.2665
77.5517 43.6063
74.5374 39.8351
66.8218 30.1859
54.8724 15.2533
54.3428 15.0567
39.7723 9.6596
34.9955 7.8888
30.3233 29.057
28.108 39.1209
42.0178 19.216
49.3526 8.7165
63.3788 -11.3526
69.734 -10.6962
71.7926 3.7127
71.841 4.0521
74.0443 19.4692
74.7086 24.1212
72.1967 23.8422
69.7113 23.5661
63.7312 28.8584
57.1145 34.7151
54.1697 37.3243
50.8986 40.2225
47.3726 43.3459
32.2148 43.7113
31.156 47.8619
31.132 49.4136
31.1113 50.7496
31.028 55.7346
30.9101 63.0665
24.3062 71.0283
19.4419 69.676
21.3815 73.0875
28.8471 86.2325
31.5925 91.0623
36.4163 99.5513
41.9783 109.3397
51.237 125.6512
30.3108 120.1346
13.4797 94.7391
11.5634 80.5029
19.3005 80.9643
26.9031 77.9183
37.4757 73.6823
41.9551 71.8876
42.9115 71.5044
50.939 66.8474
58.8906 62.2354
61.2459 60.8931
66.3407 57.9878
66.3428 57.9865
34.6444 56.7509
34.1126 56.7302
38.6667 64.1911
44.3237 70.9993
46.5676 73.6969
49.6555 76.3556
51.9001 78.2887
55.6193 81.4905
59.4949 84.8263
62.2169 87.1702
65.7449 87.752
71.8019 90.8215
86.5513 98.286
89.3528 75.7551
90.8996 63.2999
87.9088 69.5846
85.6268 74.3762
83.0742 78.3753
81.2221 81.2777
77.4507 78.4177
73.9379 75.3756
68.9047 71.0161
60.5414 63.7736
50 50
