OFV: 789.7426558286691
Runtime: 46.90261834091507
Gap: None
Path: 
50 50
51.4155 50.0432
75.7187 50.7921
91.4114 52.0812
94.6438 59.2951
101.4753 61.1252
112.1564 63.9882
123.206 85.592
94.5342 79.9929
88.673 80.5005
69.0098 78.2166
74.3688 93.3447
82.3349 115.8342
72.9696 107.2951
62.151 82.2903
50.2977 70.2061
48.8126 68.6918
44.1611 63.9496
36.713 64.2615
22.6226 64.8529
15.7841 65.1393
6.9917 78.7651
22.6398 89.0385
31.7508 95.0189
28.6053 98.4313
36.7551 102.2229
46.5957 106.8021
51.7005 109.1766
49.5742 98.7925
49.5667 93.9142
47.7063 88.4133
43.3838 75.624
35.6771 67.0519
25.7465 45.486
4.9016 30.5873
14.7448 28.3526
31.1461 24.6267
36.5002 17.2449
28.0521 6.0276
17.6234 12.9281
45.2125 19.5036
47.1276 19.839
53.5666 -8.6938
73.713 1.0944
77.5012 2.9357
89.1428 6.3423
94.8276 9.2751
88.4306 11.0173
91.03 18.3567
93.8202 26.2269
65.5905 20.5798
63.7083 33.8651
63.1195 35.9377
60.3517 45.6852
58.8128 51.1033
57.3254 56.3402
51.4571 77.015
50.9887 78.6634
71.8996 56.8932
71.5691 56.7515
48.7209 46.9501
50 50
