OFV: 1390.3772892666902
Runtime: 43.46516592300031
Gap: None
repPt: {0: (50, 50), 79: (59.25018946801497, 42.60950307396625), 80: (76.17853873091305, 24.081956049335233), 27: (72.7766378289753, 22.754846829903062), 28: (93.71499940195598, 36.038197215847966), 12: (93.11537894693404, 43.433391273216294), 11: (78.83522422473897, 25.759738396859923), 18: (78.78361130976147, 25.695851051973136), 17: (75.77584769454963, 45.434096190519526), 8: (76.30800976334143, 44.919076296617966), 7: (57.30794301427445, 31.271366504321154), 5: (55.38819898659719, 29.892775356515934), 6: (61.568218603329335, -1.9184029271507423), 23: (61.46120910711054, 1.6737733312892393), 24: (71.89019520177825, -22.013147786058553), 66: (57.28077287237437, -20.24688242027501), 65: (49.50759274310071, 10.368899889362151), 89: (44.685705231816755, 6.7189036661907515), 90: (55.96955131232882, 15.388531899458382), 34: (54.161452274325896, 14.449408388882148), 33: (24.657529769086004, 9.767065405268514), 50: (24.472757380026994, 9.737675611718283), 49: (9.96864553688075, 7.40463756066759), 35: (10.436754393856596, 8.218786011360274), 36: (23.10048615049736, 30.24599382774308), 83: (17.679566250540347, 38.93773169805097), 84: (33.42089934930546, 28.24357647027645), 19: (33.44563440949628, 28.28088478547742), 20: (43.157785457739415, 42.914019123767396), 48: (37.43056197463375, 46.763996120875284), 47: (34.71322157360868, 26.55599670515503), 82: (34.67790936194656, 26.292967943509808), 81: (12.92936266981312, 38.86633444750314), 98: (11.961203813271755, 39.42626932507477), 97: (5.191572831289834, 25.906297319572985), 94: (12.059266778977562, 32.36859585281122), 93: (9.026610214239174, 16.262340500663953), 99: (7.000182773878366, 11.425917757006573), 100: (33.985561790887935, 17.473868761362326), 39: (37.20926369108858, 18.19659736934658), 40: (45.70239389616649, -8.308000565754458), 30: (45.21266045599839, -7.264725675310298), 29: (34.902252723259636, 14.684891346312513), 21: (34.874984626097635, 14.742991598814678), 22: (49.28074966707366, 23.62338833621916), 3: (53.06046828236191, 29.7262150324517), 4: (65.56706456331717, 28.787155920605567), 67: (65.00621963376189, 29.16712151676409), 68: (77.35442454130639, 13.811898284109445), 9: (77.20269015151635, 18.203592463886235), 10: (89.99713220197317, 21.501572856422914), 61: (89.99715327425125, 21.501556583325712), 62: (101.83288745935256, 20.957006578905812), 85: (95.79059118372234, 18.80279674176386), 86: (129.17064581247988, 25.54721251846544), 44: (113.93871381171047, 36.75393829438954), 43: (101.78545857006024, 45.695020552595636), 38: (117.69805824567132, 63.13925427738052), 37: (98.39999384106899, 69.4999953808141), 52: (98.40000822492136, 69.499993831331), 51: (78.55233694914448, 54.9859869034034), 41: (78.20294083957428, 54.730643815257686), 42: (85.5370980495054, 20.430284544171133), 31: (85.78049592534441, 20.185899005790553), 32: (91.78148579133925, 45.827150408406425), 1: (91.8117277850229, 45.95613327626147), 2: (98.50910690953317, 74.57369144778531), 91: (89.14611272357324, 78.8112874433437), 92: (94.13873411375361, 70.6018053433057), 76: (94.13874977920787, 70.60180218119994), 75: (81.59435159182179, 66.98913171455638), 88: (82.74447953852065, 67.2853167947398), 87: (52.4346835163747, 64.46650656050852), 57: (54.24343187907958, 61.98900866498031), 58: (62.78242435237856, 79.24833535199035), 64: (65.48783142730903, 80.18224086399843), 63: (60.67879792281245, 93.15603782811414), 13: (60.76097991125017, 93.85291643498631), 14: (70.24854825588972, 76.22651215514682), 16: (69.14756340448282, 79.09066249581575), 15: (42.01734788452955, 64.729439633246), 25: (42.00103280473502, 64.7207917345857), 26: (50.01356943190705, 91.69984941940046), 96: (50.1421002051134, 92.13246173197162), 95: (36.95912464305834, 68.20851872598013), 59: (37.21942240010173, 68.08233828291016), 60: (60.42738732210911, 56.8202983894926), 46: (60.32627522595752, 57.511143524097875), 45: (58.31704486570909, 71.26837108193787), 53: (59.76800593022654, 72.54989093385201), 54: (79.83401641914114, 90.27569311497548), 77: (80.41527222306712, 95.76354338729173), 78: (88.20397325605454, 107.14872392738076), 56: (83.46472339399004, 85.98645424034034), 55: (57.888971299102224, 97.6531834365718), 70: (49.485387843457836, 114.6863546087895), 69: (32.785619991399734, 102.47511297638138), 74: (22.51327477612647, 115.14423461617936), 73: (12.743957900220426, 87.31272216184), 71: (28.09948460070997, 80.80038663595164), 72: (51.60000902564345, 51.993727469031555)}
lowerBound: 1390.377128162775
upperBound: 1390.3772892666902
solType: IP_Optimal
Path: 
50 50
59.2502 42.6095
76.1785 24.082
72.7766 22.7548
93.715 36.0382
93.1154 43.4334
78.8352 25.7597
78.7836 25.6959
75.7758 45.4341
76.308 44.9191
57.3079 31.2714
55.3882 29.8928
61.5682 -1.9184
61.4612 1.6738
71.8902 -22.0131
57.2808 -20.2469
49.5076 10.3689
44.6857 6.7189
55.9696 15.3885
54.1615 14.4494
24.6575 9.7671
24.4728 9.7377
9.9686 7.4046
10.4368 8.2188
23.1005 30.246
17.6796 38.9377
33.4209 28.2436
33.4456 28.2809
43.1578 42.914
37.4306 46.764
34.7132 26.556
34.6779 26.293
12.9294 38.8663
11.9612 39.4263
5.1916 25.9063
12.0593 32.3686
9.0266 16.2623
7.0002 11.4259
33.9856 17.4739
37.2093 18.1966
45.7024 -8.308
45.2127 -7.2647
34.9023 14.6849
34.875 14.743
49.2807 23.6234
53.0605 29.7262
65.5671 28.7872
65.0062 29.1671
77.3544 13.8119
77.2027 18.2036
89.9971 21.5016
89.9972 21.5016
101.8329 20.957
95.7906 18.8028
129.1706 25.5472
113.9387 36.7539
101.7855 45.695
117.6981 63.1393
98.4 69.5
98.4 69.5
78.5523 54.986
78.2029 54.7306
85.5371 20.4303
85.7805 20.1859
91.7815 45.8272
91.8117 45.9561
98.5091 74.5737
89.1461 78.8113
94.1387 70.6018
94.1387 70.6018
81.5944 66.9891
82.7445 67.2853
52.4347 64.4665
54.2434 61.989
62.7824 79.2483
65.4878 80.1822
60.6788 93.156
60.761 93.8529
70.2485 76.2265
69.1476 79.0907
42.0173 64.7294
42.001 64.7208
50.0136 91.6998
50.1421 92.1325
36.9591 68.2085
37.2194 68.0823
60.4274 56.8203
60.3263 57.5111
58.317 71.2684
59.768 72.5499
79.834 90.2757
80.4153 95.7635
88.204 107.1487
83.4647 85.9865
57.889 97.6532
49.4854 114.6864
32.7856 102.4751
22.5133 115.1442
12.744 87.3127
28.0995 80.8004
51.6 51.9937
50 50
