OFV: 359.5402224311009
Runtime: 51.67544890800491
Gap: 5.982392748343275e-08
repPt: {0: (50, 50), 14: (49.950016243596835, 50.0122246372618), 13: (30.19272696711791, 54.84650025747581), 6: (13.471576081417142, 58.93763405597631), 5: (13.810381995801265, 70.05724703983827), 11: (14.49192777185915, 92.42544963832455), 12: (40.78185552377652, 102.28410757577159), 8: (66.80521748054494, 101.02260986178075), 7: (77.08891466096978, 74.46495766426969), 1: (97.03493914107291, 22.962169161771712), 2: (106.17499127817067, -0.6417505138669872), 16: (93.92246875681734, 2.5503564032507686), 15: (64.90817857337711, 10.10573604721028), 4: (37.52834174527045, 19.393884453697147), 3: (35.265020953654464, 48.6493617259209), 10: (38.753434507169686, 47.42578511170748), 9: (51.482221319672085, 42.96080931472522)}
solType: IP_Optimal
lowerBound: 359.5402009219927
upperBound: 359.5402224311009
Path: 
50 50
49.95 50.0122
30.1927 54.8465
13.4716 58.9376
13.8104 70.0572
14.4919 92.4254
40.7819 102.2841
66.8052 101.0226
77.0889 74.465
97.0349 22.9622
106.175 -0.6418
93.9225 2.5504
64.9082 10.1057
37.5283 19.3939
35.265 48.6494
38.7534 47.4258
51.4822 42.9608
50 50
