OFV: 354.31036326942365
Runtime: 669.2774796170124
Gap: -9.492221283957826e-08
repPt: {0: (50, 50), 12: (52.41561722539497, 66.18247985577813), 16: (54.07868307025585, 77.32873372185934), 11: (69.59468798873239, 89.89864093427286), 15: (77.58312122692655, 90.66292506175219), 14: (90.43628519690648, 92.08206084148063), 4: (88.04456771952366, 89.20392776764027), 13: (70.97062490360581, 68.65061337987213), 3: (65.58528414441236, 65.21617176376243), 1: (60.99519309860279, 46.65955058200897), 2: (64.35768834098835, 36.4031215700834), 9: (62.546568958455595, 6.105960206320169), 10: (58.871133695382454, -15.161698979448564), 18: (57.53437116996764, -19.95514505784608), 17: (43.27483572119424, -2.8125637836285406), 6: (9.79928096972866, -2.2412776066111375), 5: (6.425672288679267, -0.8764065657630526), 8: (-12.46521879150598, -5.117608746805855), 7: (6.487199922962107, 11.604714603981684)}
solType: IP_Optimal
lowerBound: 354.31039690134736
upperBound: 354.31036326942365
Path: 
50 50
52.4156 66.1825
54.0787 77.3287
69.5947 89.8986
77.5831 90.6629
90.4363 92.0821
88.0446 89.2039
70.9706 68.6506
65.5853 65.2162
60.9952 46.6596
64.3577 36.4031
62.5466 6.106
58.8711 -15.1617
57.5344 -19.9551
43.2748 -2.8126
9.7993 -2.2413
6.4257 -0.8764
-12.4652 -5.1176
6.4872 11.6047
50 50
