OFV: 251.7697379156688
Runtime: 4.416630154009908
Gap: 9.906295207888234e-08
repPt: {0: (50, 50), 7: (55.27323862137401, 23.824714283503464), 8: (33.50972595047535, 18.267866906742363), 12: (34.31238048463556, 25.183970145594543), 11: (31.928903577947242, 35.13772683371963), 1: (28.455551293495255, 51.56381905767775), 2: (26.044886310735833, 62.95933381932495), 10: (25.796008441154843, 64.13562628183556), 9: (21.81633723113039, 82.99070522786332), 3: (34.95526730578732, 83.4633411959618), 4: (43.835443347025276, 89.36654057674389), 6: (94.68696230950835, 92.59412222829425), 5: (73.02778571614407, 71.95001257483104)}
solType: IP_Optimal
lowerBound: 251.76971297461532
upperBound: 251.7697379156688
Path: 
50 50
55.2732 23.8247
33.5097 18.2679
34.3124 25.184
31.9289 35.1377
28.4556 51.5638
26.0449 62.9593
25.796 64.1356
21.8163 82.9907
34.9553 83.4633
43.8354 89.3665
94.687 92.5941
73.0278 71.95
50 50
