OFV: 344.5591724943212
Runtime: 12.443682126000567
Gap: 2.1222697466094428e-08
repPt: {0: (50, 50), 12: (53.219613241847895, 67.96132679979893), 11: (35.73270164651178, 86.9616391366476), 4: (57.0410832394467, 83.21806012567589), 3: (64.74299942743045, 50.50611039344816), 8: (58.72089459223437, 41.11577403676028), 7: (51.49953602650788, 29.853544675686386), 15: (52.942144754999966, 33.24939331036329), 16: (75.73991096244504, 9.505478471580107), 17: (58.85770767348575, 6.216106995878386), 18: (32.5981825568117, 1.093203756848172), 13: (7.469388376823591, 2.5534680631138578), 14: (18.282911295384473, 14.800424325328521), 1: (16.832696517310165, 20.431892464899285), 2: (14.468343208883375, 34.13023658785668), 6: (35.20700708708337, 12.988285427551157), 5: (47.42434800633841, 13.465560231317689), 9: (47.403456989851485, 15.1016141201182), 10: (47.052572772276996, 42.36866756452568)}
solType: IP_Optimal
lowerBound: 344.55916518184614
upperBound: 344.5591724943212
Path: 
50 50
53.2196 67.9613
35.7327 86.9616
57.0411 83.2181
64.743 50.5061
58.7209 41.1158
51.4995 29.8535
52.9421 33.2494
75.7399 9.5055
58.8577 6.2161
32.5982 1.0932
7.4694 2.5535
18.2829 14.8004
16.8327 20.4319
14.4683 34.1302
35.207 12.9883
47.4243 13.4656
47.4035 15.1016
47.0526 42.3687
50 50
