OFV: 310.34372287150205
Runtime: 29.360522985458374
Gap: 0
repPt: {0: (50, 50), 1: (20.372374991135416, 64.47929920160213), 2: (-10.247927008320218, 71.06017551904455), 3: (37.02009167697359, 62.23603878767156), 4: (2.275115802929221, 66.92048332346006), 5: (8.504038484672453, 7.632318001150381), 6: (16.17379172960453, 10.423580927356559), 7: (5.5966855142121315, 6.575101247855893), 8: (0.7366210929447368, 26.362770623532683), 9: (90.34498906850712, 19.765957631413233), 10: (91.85034773547781, -3.567338172144038), 11: (47.783520328170695, 66.55898176087008), 12: (41.53341092947902, 70.61801690234057)}
solType: IP_Optimal
lowerBound: 310.34370059341927
upperBound: 310.34372287150205
Path: 
50 50
90.345 19.766
91.8503 -3.5673
16.1738 10.4236
8.504 7.6323
5.5967 6.5751
0.7366 26.3628
-10.2479 71.0602
2.2751 66.9205
20.3724 64.4793
37.0201 62.236
41.5334 70.618
47.7835 66.559
50 50
