OFV: 1201.0421493738022
Runtime: 196.25499766203575
Gap: None
Path: 
50 50
41.4478 46.816
16.2746 37.4334
16.2746 37.4334
34.4161 29.4419
34.3222 24.8583
34.0446 11.0864
20.311 -2.4013
9.6444 6.8975
6.6428 9.517
26.757 16.3194
25.9424 19.3977
21.9208 34.6382
15.4927 36.7263
3.1032 40.7559
5.6052 43.4565
20.0637 59.0847
28.7939 68.5176
32.7796 72.8224
30.7935 111.4431
23.5318 93.8645
18.035 80.5559
10.0352 71.0596
4.0543 69.6765
15.2626 56.8259
18.0694 58.0359
51.0378 73.3964
59.5146 77.3445
71.0638 76.2955
82.571 76.0998
84.2485 76.1628
75.6541 73.3015
76.8488 69.1388
81.5307 52.7777
84.0758 43.8951
84.235 43.3431
84.994 14.0299
85.0671 11.1429
92.7774 -16.7012
89.7064 -16.4836
84.3202 3.5124
93.4534 13.8306
96.8894 13.6408
113.7022 12.7081
114.8917 11.7179
119.5448 -17.6346
92.7467 2.2629
95.9714 6.0756
112.5733 25.7233
117.2933 22.3595
99.044 24.2299
95.8033 27.2684
96.3067 32.9009
96.5255 37.9409
97.2673 55.2581
99.0258 62.0929
99.1949 77.8944
99.2384 82.2103
114.9939 79.733
113.1372 87.403
97.5124 84.8987
95.8053 85.0725
75.8704 87.1025
72.1185 89.8243
55.7549 83.4277
52.1419 82.0125
59.9662 74.4634
68.3317 66.3931
70.2186 64.5754
74.6793 56.5025
83.4355 40.6638
85.5867 51.6748
56.8926 48.665
56.9705 47.4409
57.0173 46.6996
64.3334 29.7533
64.2737 29.1998
60.9492 29.4204
56.1715 27.9445
44.873 16.2239
36.3819 7.416
33.6076 4.5383
33.4997 4.4265
43.9224 11.4025
50.9462 -2.9107
51.5828 -0.758
68.9215 5.502
73.8002 7.266
65.8444 9.9401
55.1983 13.5233
45.5723 16.7605
43.9942 19.9449
37.2009 33.6647
51.2213 24.6566
31.8625 17.9885
28.5155 19.8481
13.6847 28.0971
9.8931 30.2038
31.7096 46.5395
27.485 50.9193
43.0822 44.5708
50 50
