OFV: 405.7350444190845
Runtime: 28.55840896999871
Gap: 3.902268310995396e-07
repPt: {0: (50, 50), 1: (39.01347689468426, 6.752970036942688), 2: (46.49168906614427, -0.5657611464359489), 18: (56.18110595907603, 18.41572104028612), 17: (66.548534488905, 38.726632040652554), 13: (66.8140510298365, 39.247482884035776), 14: (78.09954581705152, 61.34916812444295), 11: (94.78944140799084, 43.515700120168916), 12: (70.15897682938663, 57.879359799816996), 4: (68.19251213272516, 63.526387235014035), 3: (79.29231085355096, 86.83810732284812), 5: (79.29225812149386, 86.83810697964148), 6: (61.926282073098946, 85.04241011967291), 7: (62.34848555619265, 87.68780889665636), 8: (64.86988288834955, 108.1533435421414), 20: (64.975484858629, 109.007506098987), 19: (38.14031484526396, 92.87883295812722), 9: (36.38616504635749, 93.53015994919161), 10: (14.328138738227636, 103.27250889439603), 15: (12.07735007499903, 99.06284572127075), 16: (-4.55845517411234, 67.95905887220557)}
solType: IP_Optimal
lowerBound: 405.73488609038384
upperBound: 405.7350444190845
Path: 
50 50
39.0135 6.753
46.4917 -0.5658
56.1811 18.4157
66.5485 38.7266
66.8141 39.2475
78.0995 61.3492
94.7894 43.5157
70.159 57.8794
68.1925 63.5264
79.2923 86.8381
79.2923 86.8381
61.9263 85.0424
62.3485 87.6878
64.8699 108.1533
64.9755 109.0075
38.1403 92.8788
36.3862 93.5302
14.3281 103.2725
12.0774 99.0628
-4.5585 67.9591
50 50
