OFV: 348.00020964220664
Runtime: 9.337495826999657
Gap: 7.124330460950625e-08
repPt: {0: (50, 50), 1: (38.03191910979439, 42.830306083810434), 2: (28.26953770735044, 54.487159514097776), 16: (23.68964676648925, 59.95531684218472), 15: (34.904713358786395, 65.41134458632982), 7: (46.285451259331786, 74.726790926988), 8: (51.29317700698133, 103.10911859026663), 4: (-2.456046026649843, 109.25951747938313), 3: (7.893922915739042, 86.51097636648676), 9: (12.942112599332933, 67.65243181894932), 10: (12.873868852194665, 32.71045785458274), 14: (17.11633611967364, 12.508425471438287), 13: (37.40172728258268, 3.065368791407617), 6: (55.772058830116826, -5.486645359077417), 5: (62.700570599991075, 13.875527287275343), 11: (62.39122715421207, 14.82993683212922), 12: (55.89104262186668, 34.91934396632507)}
solType: IP_Optimal
lowerBound: 348.0001848495217
upperBound: 348.00020964220664
Path: 
50 50
38.0319 42.8303
28.2695 54.4872
23.6896 59.9553
34.9047 65.4113
46.2855 74.7268
51.2932 103.1091
-2.456 109.2595
7.8939 86.511
12.9421 67.6524
12.8739 32.7105
17.1163 12.5084
37.4017 3.0654
55.7721 -5.4866
62.7006 13.8755
62.3912 14.8299
55.891 34.9193
50 50
