OFV: 810.6275685589707
Runtime: 1.9248648419743404
Gap: None
repPt: {0: (50, 50), 44: (51.29305304639171, 50.56014144503522), 43: (32.64060684248682, 69.57759934249832), 17: (30.247930855055493, 73.47624903489276), 18: (51.32747512575227, 85.70278395220298), 47: (47.146062758931706, 83.04244644937266), 48: (49.917345560471745, 107.84821624429696), 56: (66.28320548994992, 110.45651408026602), 55: (54.61469625167995, 98.00746645563711), 50: (52.96743908218413, 96.25083791904473), 49: (42.93791261098454, 93.24239909038339), 16: (36.226037631124605, 90.91330103134015), 15: (24.989231888585433, 87.01634387605058), 39: (12.325133573867028, 86.60862902163875), 40: (27.541729000522693, 111.32374868025039), 14: (21.05259074514022, 105.21290970468989), 13: (12.017025303672533, 91.0179014698323), 22: (12.217758398679964, 91.91463227452375), 21: (13.153533951565766, 78.00133599837781), 1: (17.79639888934586, 67.55412430105062), 2: (28.287821896111225, 43.945594239652735), 41: (22.575203428432733, 47.37586853702424), 42: (23.5733226572334, 37.35314146556725), 6: (14.320799397748262, 17.80669100219689), 5: (9.300166196774423, 7.199999997237864), 53: (6.28560902460654, 13.568104985013619), 54: (7.2144518482028825, 1.6907659348858908), 7: (7.280074993505396, 0.8457930781534337), 8: (9.267497377511475, -18.796721184169215), 46: (51.69852373835634, -23.872943399963635), 45: (41.619120186440995, 4.747418221090808), 35: (41.61902969862142, 4.747499257631316), 36: (61.19076490160237, 6.338784951974365), 30: (60.47481594498585, 15.239698550089846), 29: (59.5606470794904, 26.600449692667144), 31: (61.51558335991043, 24.3964639608112), 32: (89.76981488250581, 28.515992155286547), 51: (86.7999073480182, 33.33686372323677), 52: (99.5460700417272, 27.065022677377826), 9: (99.54608049448511, 27.065021263640006), 10: (123.68586844562654, 25.026081514094102), 58: (109.22542272851442, 37.369091685845454), 57: (88.7626540457016, 54.83796474023316), 34: (88.41601661213863, 55.13359728118752), 33: (81.79170151321566, 60.78795138992623), 25: (95.06662613560223, 75.07383696002108), 26: (105.56306236381512, 86.36854578922218), 24: (103.96647517854787, 84.71059763595328), 23: (88.53431642254282, 80.6330633495107), 20: (86.38079489104636, 80.06416181058944), 19: (60.67881147686484, 73.27195455259194), 12: (60.80959068540818, 61.87965239813774), 11: (57.80128943688395, 68.47173272223833), 27: (56.78641729132913, 70.69298430855535), 28: (61.90285638412762, 51.46898426656288), 37: (59.236232370613905, 43.6241849536869), 38: (73.79168846840902, 50.4342396979941), 60: (73.9216594523489, 46.796263426893006), 59: (66.7656301745303, 32.98140675149733), 4: (66.01830940882145, 31.538517978064164), 3: (44.23326064438913, 53.044867418469714)}
lowerBound: 810.627476483945
upperBound: 810.6275685589707
solType: IP_Optimal
Path: 
50 50
51.2931 50.5601
32.6406 69.5776
30.2479 73.4762
51.3275 85.7028
47.1461 83.0424
49.9173 107.8482
66.2832 110.4565
54.6147 98.0075
52.9674 96.2508
42.9379 93.2424
36.226 90.9133
24.9892 87.0163
12.3251 86.6086
27.5417 111.3237
21.0526 105.2129
12.017 91.0179
12.2178 91.9146
13.1535 78.0013
17.7964 67.5541
28.2878 43.9456
22.5752 47.3759
23.5733 37.3531
14.3208 17.8067
9.3002 7.2
6.2856 13.5681
7.2145 1.6908
7.2801 0.8458
9.2675 -18.7967
51.6985 -23.8729
41.6191 4.7474
41.619 4.7475
61.1908 6.3388
60.4748 15.2397
59.5606 26.6004
61.5156 24.3965
89.7698 28.516
86.7999 33.3369
99.5461 27.065
99.5461 27.065
123.6859 25.0261
109.2254 37.3691
88.7627 54.838
88.416 55.1336
81.7917 60.788
95.0666 75.0738
105.5631 86.3685
103.9665 84.7106
88.5343 80.6331
86.3808 80.0642
60.6788 73.272
60.8096 61.8797
57.8013 68.4717
56.7864 70.693
61.9029 51.469
59.2362 43.6242
73.7917 50.4342
73.9217 46.7963
66.7656 32.9814
66.0183 31.5385
44.2333 53.0449
50 50
