OFV: 427.45633413215234
Runtime: 3607.4691731710336
Gap: 0.10585928109160568
repPt: {0: (50, 50), 5: (48.23136104759439, 92.87937412678296), 6: (65.15431104386826, 117.80169815652589), 4: (82.05832050985894, 95.16051470209145), 3: (84.022180977383, 83.18959281265245), 8: (80.54766693311021, 85.04003813257232), 7: (70.54037332178844, 76.54946202976883), 12: (61.549846273947566, 67.59348685836834), 11: (33.23339640729786, 66.04463331059615), 17: (30.481922172117628, 62.29382142962797), 18: (26.640137810910353, 57.05698735860398), 1: (26.64013907210394, 57.05698867062012), 2: (11.038150417940114, 50.19346413629493), 20: (14.010142724931443, -22.092177049832774), 19: (33.67158226430977, 0.5981968318359472), 10: (46.98113446331214, 15.957494688295593), 9: (59.6992031750505, 11.834602755811629), 15: (60.66391198113767, 11.52112933782185), 16: (88.62757399353501, 2.4596916281650154), 14: (69.79681532705897, 25.638124650576337), 13: (59.56328206664544, 38.23173728836665)}
solType: IP_TimeLimit
lowerBound: 382.2061139028695
upperBound: 427.45633413215234
Path: 
50 50
48.2314 92.8794
65.1543 117.8017
82.0583 95.1605
84.0222 83.1896
80.5477 85.04
70.5404 76.5495
61.5498 67.5935
33.2334 66.0446
30.4819 62.2938
26.6401 57.057
26.6401 57.057
11.0382 50.1935
14.0101 -22.0922
33.6716 0.5982
46.9811 15.9575
59.6992 11.8346
60.6639 11.5211
88.6276 2.4597
69.7968 25.6381
59.5633 38.2317
50 50
