OFV: 367.9209586290201
Runtime: 2.535967519041151
Gap: 0.0
repPt: {0: (50, 50), 9: (50.44659641115217, 53.311889301135764), 10: (52.55840635451424, 68.95242384739004), 4: (59.4588069064687, 56.58110254040255), 3: (67.1763534431347, 33.919959664505676), 11: (64.4639806484716, 40.95294098364598), 12: (97.16582668922408, 36.884585139578384), 7: (89.18107681140279, 59.71319203043202), 8: (86.19215407862025, 39.81684562464852), 1: (96.26354696623056, 6.4858335845829025), 2: (100.39504833728047, -28.168366111092972), 6: (15.291039809125285, -8.598804990909127), 5: (26.774721581492184, 2.4657979211768652)}
solType: IP_Optimal
lowerBound: 367.9210062696226
upperBound: 367.9209586290201
Path: 
50 50
50.4466 53.3119
52.5584 68.9524
59.4588 56.5811
67.1764 33.92
64.464 40.9529
97.1658 36.8846
89.1811 59.7132
86.1922 39.8168
96.2635 6.4858
100.395 -28.1684
15.291 -8.5988
26.7747 2.4658
50 50
