OFV: 583.1652551212122
Runtime: 18.173477240023203
Gap: None
Path: 
50 50
55.9641 44.5984
61.2094 41.8473
80.9845 31.4686
84.2667 21.4882
84.7103 21.2723
94.3919 16.5622
93.7522 4.5855
106.0353 0.2985
99.7916 25.7095
103.1332 34.6749
101.2698 49.261
100.4767 55.4779
87.0224 59.5902
78.4146 62.2203
93.734 74.2699
110.1414 88.2133
117.1162 73.3866
103.5274 79.3235
94.1547 83.4177
92.5413 84.1223
86.1869 86.8979
71.1914 93.449
59.2865 110.9
46.0044 91.6327
36.5472 90.8897
36.9083 82.8883
37.217 76.0569
30.6231 67.1375
41.9652 73.7519
36.3006 47.3865
35.3381 42.907
8.3184 53.5401
9.4399 31.4903
10.5944 8.8042
22.6943 11.721
36.8469 15.1307
61.366 3.0252
49.527 21.3295
49.4235 22.478
46.608 54.0783
50 50
