OFV: 365.962138783293
Runtime: 37.03551755199442
Gap: 0.0
repPt: {0: (50, 50), 2: (50.14021850600106, 64.12497840385475), 1: (31.628526297047355, 60.12735777819767), 7: (9.516360427270303, 86.66010694575218), 8: (9.694607920352931, 96.6090541993997), 11: (6.8198035865176365, 99.96787684467864), 12: (-5.556118829861268, 114.42659570705764), 4: (40.78247231993896, 91.41320588963373), 3: (59.59797413373068, 70.64383221749698), 9: (88.982898691144, 59.81511621298825), 10: (101.66053996122055, 55.1431637047634), 6: (51.549830566456286, -3.20225490466635), 5: (37.79560814239933, 10.988494958827898), 14: (36.78432673375907, 18.35154538655318), 13: (46.321236500160815, 26.71380210619197)}
solType: IP_Optimal
lowerBound: 365.9621492267942
upperBound: 365.962138783293
Path: 
50 50
50.1402 64.125
31.6285 60.1274
9.5164 86.6601
9.6946 96.6091
6.8198 99.9679
-5.5561 114.4266
40.7825 91.4132
59.598 70.6438
88.9829 59.8151
101.6605 55.1432
51.5498 -3.2023
37.7956 10.9885
36.7843 18.3515
46.3212 26.7138
50 50
