OFV: 338.3827793187167
Runtime: 1.979589330003364
Gap: 0.0
repPt: {0: (50, 50), 11: (49.37215219046062, 67.79605468499517), 12: (41.50460407964358, 72.69953905475124), 3: (37.36885378954329, 60.121240028858914), 4: (5.439017933432545, 61.69427612758333), 1: (8.971241040380889, 64.6589635190863), 2: (-11.698115841340444, 72.44532732970652), 8: (-0.08759835714737035, 23.33844280096399), 7: (4.247104179697257, 5.005300423592345), 5: (6.707117951254, 6.47502068078481), 6: (16.420847217079086, 12.467838661355996), 10: (93.29179012033893, -4.964977461382235), 9: (92.12193907165167, 20.684924619121134)}
solType: IP_Optimal
lowerBound: 338.3827864852753
upperBound: 338.3827793187167
Path: 
50 50
49.3722 67.7961
41.5046 72.6995
37.3689 60.1212
5.439 61.6943
8.9712 64.659
-11.6981 72.4453
-0.0876 23.3384
4.2471 5.0053
6.7071 6.475
16.4208 12.4678
93.2918 -4.965
92.1219 20.6849
50 50
