OFV: 1247.5376723201914
Runtime: 78.30935932102147
Gap: None
Path: 
50 50
53.0297 58.6309
72.9303 31.0703
77.9085 24.1749
85.8215 -2.3759
97.8105 -0.698
127.756 -2.6602
114.2485 29.3735
83.3832 19.4545
74.1556 16.5481
57.065 30.3191
54.4577 32.4207
29.3091 29.6589
25.1863 33.3181
31.0837 52.8134
38.068 39.5056
48.8033 27.4174
52.4394 23.3239
62.657 11.8181
58.7949 0.7473
47.2787 5.728
46.7868 9.0341
59.5022 -17.1384
42.392 -16.1809
8.3126 -1.3419
3.6274 -1.4162
13.8628 -24.5725
35.3916 -26.784
26.9862 1.6876
34.7572 6.1778
55.6899 17.3573
57.739 18.4508
62.1072 35.6083
61.8938 37.5315
58.9243 64.3817
62.2652 64.0223
34.214 73.0289
30.3729 77.1921
12.0073 97.0945
10.6026 97.7834
8.8911 95.5002
7.7859 85.2903
11.5854 73.0771
8.3289 71.7379
6.2439 82.6871
29.4982 96.9284
43.8406 105.7112
67.2205 85.0938
85.0047 81.6891
83.51 82.6129
80.1786 70.0509
90.4466 65.9791
99.5857 72.4136
102.8781 70.2793
112.4869 55.4367
113.9696 64.4577
95.2892 92.0857
95.4123 92.0444
118.6739 84.2617
97.6705 86.8378
85.0586 70.1429
77.8407 67.7967
57.1755 76.7645
54.8629 77.7684
39.8108 78.0476
38.7829 79.5198
45.9722 96.6792
50.5262 107.5479
58.6497 123.7635
50.7566 115.8063
47.0947 96.2224
48.2362 79.0361
49.3383 62.4478
70.4984 53.662
62.5912 54.616
41.8509 56.4037
29.369 56.5699
29.8505 57.2606
42.4498 75.3292
40.9642 67.062
49.5179 50.9099
50 50
