OFV: 425.10639235405387
Runtime: 0.031860385090112686
Gap: None
repPt: {0: (50, 50), 2: (33.702957551670096, 50.19165856718993), 1: (15.70000829615995, 50.4000082604828), 15: (10.667148530651705, 32.342740538082424), 16: (29.464136449594804, 2.9002277772430562), 17: (18.502954008867242, 8.291517269464729), 18: (20.615829403025035, 37.17819298553867), 10: (40.66021645798833, 36.699203073522625), 9: (57.84839703905521, 36.43240912737619), 7: (61.274231304540045, 30.146937902993532), 8: (70.05236275318724, 7.059816287780205), 3: (87.06969442875273, 4.942734025451866), 4: (67.69999723116617, 28.39897269784971), 12: (115.96923831990887, 86.75920568376849), 11: (96.36446612299272, 96.20002170956893), 6: (91.56440769319371, 98.51167848674335), 5: (79.50695510414495, 89.81603948207345), 13: (62.2114921510784, 77.33366417283175), 14: (41.75033510521932, 62.55638692981795)}
lowerBound: 425.10634839105563
upperBound: 425.10639235405387
solType: IP_Optimal
Path: 
50 50
33.703 50.1917
15.7 50.4
10.6671 32.3427
29.4641 2.9002
18.503 8.2915
20.6158 37.1782
40.6602 36.6992
57.8484 36.4324
61.2742 30.1469
70.0524 7.0598
87.0697 4.9427
67.7 28.399
115.9692 86.7592
96.3645 96.2
91.5644 98.5117
79.507 89.816
62.2115 77.3337
41.7503 62.5564
50 50
