OFV: 898.172317316742
Runtime: 3603.3986096450826
Gap: None
repPt: {0: (50, 50), 83: (49.16301760626364, 50.32196177987861), 84: (57.00000468967372, 50.10000351725222), 29: (56.999994205918235, 50.10000434555664), 30: (62.345743452252506, 52.251066515951365), 55: (62.65760663433245, 52.37665175224358), 56: (81.74335676073396, 60.05390717644914), 91: (83.7724584145713, 60.87061790084386), 92: (99.74852336637345, 38.968877981908314), 36: (117.41609441873534, 49.87413063516207), 35: (101.34867160211105, 50.75135165701361), 5: (101.34863960750978, 50.7513095900115), 6: (98.17443339913548, 33.923033694149694), 72: (97.36555609273282, 33.591284902354055), 71: (87.89939227390975, 29.707762285736248), 10: (88.73741618150828, 29.337846027870725), 9: (88.49826709541853, 46.52365489507791), 98: (90.85245876730822, 43.64462241083386), 97: (84.91354929760156, 31.045655443955845), 63: (84.9135569372688, 31.04566951277267), 64: (96.41125526179933, 27.50673515214064), 32: (96.41125266068934, 27.506729711213094), 31: (77.45434623789286, 45.19900027885967), 67: (77.26608698204268, 45.37472496156371), 68: (78.72149951297924, 42.400425242534936), 80: (78.72148947105114, 42.400440292643815), 79: (69.44738746458226, 21.056625599060194), 88: (69.7312538231662, 20.687323026132024), 87: (71.1570186098676, 46.46082747134931), 44: (71.19077404907885, 47.071493643183565), 43: (72.04327776486778, 62.47836383943959), 15: (72.0432775003125, 62.478352616996915), 16: (75.50029935118597, 62.23526340298899), 46: (75.4732220341712, 62.23283941695271), 45: (60.46843149131669, 60.890101419732105), 38: (57.96282875166639, 65.36971482782393), 37: (47.06344885050014, 84.84815310917449), 41: (48.84478023967031, 83.1166041807338), 42: (54.25280353583917, 77.86000700027994), 19: (54.252796670537144, 77.86001083443801), 20: (66.25147590568906, 87.95128314812608), 85: (66.25146038863465, 87.95127540701779), 86: (95.44825635819393, 83.19835508295853), 62: (99.92373096936532, 84.1240916633635), 61: (76.72050980367128, 85.05383584578156), 23: (76.72052495444802, 85.05384055353942), 24: (79.5440201563599, 72.16940628395298), 34: (78.83041007645542, 72.75537398231542), 33: (67.25309185060536, 82.26111706110083), 53: (67.25308791887844, 82.26110518414991), 54: (76.15069038248745, 90.48859256017424), 13: (78.50122165899091, 98.4989601457496), 14: (82.15560816116319, 110.9506062714832), 49: (77.83260587428693, 105.93016246030072), 50: (73.544131432132, 121.45686186422643), 90: (52.03831962474781, 114.7704920505145), 89: (40.73596494774935, 92.04593059202784), 40: (42.21872018115366, 92.57515496334617), 39: (38.980558407739814, 88.01494817008124), 52: (39.16373693048898, 88.38810693096589), 51: (32.37217081299069, 87.66507356198026), 78: (32.10509963852728, 87.63665503743981), 77: (10.38163673543253, 85.32358911139967), 95: (10.381627186563819, 85.32360761049289), 96: (13.657948591796718, 75.70741072875337), 57: (16.463609958721467, 67.47276753201697), 58: (27.082643133381374, 36.2928023437825), 7: (27.082636138600584, 36.292793858551796), 8: (35.44816357418114, 32.71547541592202), 60: (35.44816374106473, 32.715485765148486), 59: (27.607256512587128, 22.419184684344767), 2: (27.562611161683172, 22.360526071486607), 1: (11.91865924311838, 9.535972614256286), 17: (14.940838457176513, 4.913668419009264), 18: (24.058771027106214, -9.032304081874804), 22: (39.13981382961602, -10.671394764612016), 21: (33.684325738337655, -1.1833828848306998), 94: (33.684345450904715, -1.1833845843363757), 93: (27.991067518900152, 3.6887278645408212), 73: (27.13787941540737, 4.418424170891356), 74: (32.48969440169863, 0.6878461061237209), 66: (32.48970511156352, 0.6878621222839834), 65: (27.86212921314284, -1.1000841994386645), 76: (27.862136702396043, -1.1001024028422695), 75: (21.48734709794362, 6.588236193464553), 81: (21.399997102630312, 6.6936310780149695), 82: (37.9876615861117, 26.63071530897085), 11: (43.43364776131914, 27.544692185344466), 12: (58.438120507954935, 31.47045634932359), 4: (53.41751605336678, 31.707932840551663), 3: (35.6941349049828, 49.299385280887655), 100: (35.69414163372322, 49.29936692514401), 99: (26.593373825803212, 67.306507877341), 69: (30.68367636653388, 65.7347003471678), 70: (44.91344588134702, 60.264060574255346), 25: (47.19411393532452, 59.38780850189145), 26: (55.00704520270651, 56.38436661584552), 48: (54.96911602249859, 56.30343879658278), 47: (47.87000047165577, 41.146809530897876), 28: (49.55005285681997, 42.55248484650692), 27: (49.963983298421404, 49.40157360485573)}
lowerBound: 872.4971297534252
upperBound: 898.172317316742
solType: IP_TimeLimit
Path: 
50 50
49.163 50.322
57.0 50.1
57.0 50.1
62.3457 52.2511
62.6576 52.3767
81.7434 60.0539
83.7725 60.8706
99.7485 38.9689
117.4161 49.8741
101.3487 50.7514
101.3486 50.7513
98.1744 33.923
97.3656 33.5913
87.8994 29.7078
88.7374 29.3378
88.4983 46.5237
90.8525 43.6446
84.9135 31.0457
84.9136 31.0457
96.4113 27.5067
96.4113 27.5067
77.4543 45.199
77.2661 45.3747
78.7215 42.4004
78.7215 42.4004
69.4474 21.0566
69.7313 20.6873
71.157 46.4608
71.1908 47.0715
72.0433 62.4784
72.0433 62.4784
75.5003 62.2353
75.4732 62.2328
60.4684 60.8901
57.9628 65.3697
47.0634 84.8482
48.8448 83.1166
54.2528 77.86
54.2528 77.86
66.2515 87.9513
66.2515 87.9513
95.4483 83.1984
99.9237 84.1241
76.7205 85.0538
76.7205 85.0538
79.544 72.1694
78.8304 72.7554
67.2531 82.2611
67.2531 82.2611
76.1507 90.4886
78.5012 98.499
82.1556 110.9506
77.8326 105.9302
73.5441 121.4569
52.0383 114.7705
40.736 92.0459
42.2187 92.5752
38.9806 88.0149
39.1637 88.3881
32.3722 87.6651
32.1051 87.6367
10.3816 85.3236
10.3816 85.3236
13.6579 75.7074
16.4636 67.4728
27.0826 36.2928
27.0826 36.2928
35.4482 32.7155
35.4482 32.7155
27.6073 22.4192
27.5626 22.3605
11.9187 9.536
14.9408 4.9137
24.0588 -9.0323
39.1398 -10.6714
33.6843 -1.1834
33.6843 -1.1834
27.9911 3.6887
27.1379 4.4184
32.4897 0.6878
32.4897 0.6879
27.8621 -1.1001
27.8621 -1.1001
21.4873 6.5882
21.4 6.6936
37.9877 26.6307
43.4336 27.5447
58.4381 31.4705
53.4175 31.7079
35.6941 49.2994
35.6941 49.2994
26.5934 67.3065
30.6837 65.7347
44.9134 60.2641
47.1941 59.3878
55.007 56.3844
54.9691 56.3034
47.87 41.1468
49.5501 42.5525
49.964 49.4016
50 50
