OFV: 475.5384909878022
Runtime: 0.015182733070105314
Gap: None
repPt: {0: (50, 50), 7: (19.25044556336206, 47.1659900842552), 8: (-3.7039816825439744, 56.68299213015817), 3: (21.315954478213897, 89.61204968302152), 4: (51.835677630991405, 101.77182008543922), 6: (59.451594889927726, 106.5934567564195), 5: (57.15083551842918, 92.08169515676425), 2: (51.02540274852448, 87.73515564961131), 1: (61.4545925975988, 68.94407330647604), 13: (99.2084419358044, 85.6433999271082), 14: (119.56606135121928, 84.09475831250548), 10: (125.59314648555514, 45.93568871121544), 9: (96.46841216997176, 50.94264183019963), 15: (83.99586505929082, 10.657443929093285), 16: (91.24366799927948, -6.243202193633928), 18: (62.31642182402621, -1.304256833932044), 17: (35.683385827030826, 22.98470943316038), 12: (40.478478332707574, 25.786485405734723), 11: (52.78574231816019, 32.9778120603328)}
lowerBound: 475.53848062991295
upperBound: 475.5384909878022
solType: IP_Optimal
Path: 
50 50
19.2504 47.166
-3.704 56.683
21.316 89.612
51.8357 101.7718
59.4516 106.5935
57.1508 92.0817
51.0254 87.7352
61.4546 68.9441
99.2084 85.6434
119.5661 84.0948
125.5931 45.9357
96.4684 50.9426
83.9959 10.6574
91.2437 -6.2432
62.3164 -1.3043
35.6834 22.9847
40.4785 25.7865
52.7857 32.9778
50 50
