OFV: 368.4343432389058
Runtime: 969.851225661987
Gap: 3.41201371197519e-08
repPt: {0: (50, 50), 6: (50.76247248356356, 41.049299845127294), 5: (38.59411743694804, 38.27647041683378), 9: (38.59411743157253, 38.27647028276158), 10: (62.935917525737665, 55.50556850695592), 14: (84.80076712810622, 83.90896223740702), 13: (94.86307230079638, 66.97136467693629), 16: (104.0913830596012, 51.43689153747426), 15: (80.75695144672783, 52.126819605798715), 19: (72.44392494063841, 52.372877262070105), 20: (73.44282844888143, 23.31376287062738), 3: (71.16784841727008, 23.364018445201122), 4: (38.1631017868134, 24.09307665414662), 1: (17.792788782855176, 59.96558933928021), 2: (-4.865730277925881, 39.68987138099967), 12: (-6.442439733432204, 45.64382451648033), 11: (1.9345177415362196, 40.916023911974484), 8: (5.683536109625122, 38.80014678751498), 7: (24.845739518007985, 27.985336372655436), 18: (25.666988008608772, 27.819032803380253), 17: (44.94550586711978, 45.392592173700294)}
solType: IP_Optimal
lowerBound: 368.4343306678755
upperBound: 368.4343432389058
Path: 
50 50
50.7625 41.0493
38.5941 38.2765
38.5941 38.2765
62.9359 55.5056
84.8008 83.909
94.8631 66.9714
104.0914 51.4369
80.757 52.1268
72.4439 52.3729
73.4428 23.3138
71.1678 23.364
38.1631 24.0931
17.7928 59.9656
-4.8657 39.6899
-6.4424 45.6438
1.9345 40.916
5.6835 38.8001
24.8457 27.9853
25.667 27.819
44.9455 45.3926
50 50
