OFV: 221.70233771657686
Runtime: 6.213788986206055
Gap: 0
repPt: {0: (50, 50), 1: (44.39366466786699, 13.341084210305802), 2: (69.76570645539967, -9.08930398624658), 3: (45.433335728919225, 46.58795494737056), 4: (44.38003582788181, 12.90580614682854), 5: (70.73445607757417, 6.450793650793651), 6: (61.21774187087806, 12.621329094852937), 7: (64.53177516201252, 89.85936711104975), 8: (56.48225458060592, 72.64601104833778), 9: (68.24214371614362, 61.24782533431784), 10: (59.53316190387594, 39.985187577318435)}
solType: IP_Optimal
lowerBound: 221.70233961135764
upperBound: 221.70233771657686
Path: 
50 50
45.4333 46.588
44.3937 13.3411
44.38 12.9058
69.7657 -9.0893
70.7345 6.4508
61.2177 12.6213
59.5332 39.9852
68.2421 61.2478
64.5318 89.8594
56.4823 72.646
50 50
