OFV: 696.5747468599244
Runtime: 0.17145330808125436
Gap: None
repPt: {0: (50, 50), 20: (26.380015191956506, 42.63816385727004), 19: (18.983527016065914, 21.7722062231286), 35: (15.455766519963099, 5.88630501368775), 36: (48.435533882731825, 12.07862986690766), 27: (45.89508282248666, 17.613556774420687), 28: (58.335058894044685, 26.304409956624976), 37: (55.22745919090299, 12.111200428686386), 38: (66.51231971675917, 15.631663199096195), 7: (71.13330860302312, 23.847783630313728), 8: (85.18353086968749, 11.985243950579704), 9: (90.15659792148851, 7.786545843279875), 10: (101.11530897709508, -1.4659178714395242), 11: (86.08565632967043, 26.793007107547346), 12: (91.52262609512775, 44.83225052418617), 40: (84.1307902182045, 57.19618835286457), 39: (59.83195285688485, 87.92589998250646), 3: (51.14330408101915, 98.91419679728297), 4: (47.84621547136068, 118.77578382287416), 22: (36.66079443098733, 114.11890442570161), 21: (30.012877754195703, 96.30960383822544), 15: (26.704377725630053, 96.10140854902752), 16: (36.31169103145297, 82.43153824351675), 32: (31.600143931841416, 82.25052032212982), 31: (14.362814491776035, 65.03075241742057), 1: (14.360950513374961, 65.02879667519628), 2: (21.672568386083263, 78.99718871734298), 33: (15.238316224665345, 81.77196439692193), 34: (34.92950412078237, 68.71769023637555), 17: (36.26722699210532, 80.72593179428263), 18: (67.00148018147166, 82.59177024179442), 23: (71.21949900715023, 84.77854926408952), 24: (89.65846423382361, 88.810655937824), 5: (89.65844276571408, 88.8106532182699), 6: (121.95780454773886, 99.28607456640052), 14: (100.46513049715519, 117.6537103954504), 13: (84.11126270994987, 86.60453955970668), 30: (84.11125649460362, 86.60454129738588), 29: (66.84813573879885, 61.75542386122398), 26: (77.55891300158687, 54.56344416934655), 25: (53.00482348762883, 56.10471469394431)}
lowerBound: 696.5746778588701
upperBound: 696.5747468599244
solType: IP_Optimal
Path: 
50 50
26.38 42.6382
18.9835 21.7722
15.4558 5.8863
48.4355 12.0786
45.8951 17.6136
58.3351 26.3044
55.2275 12.1112
66.5123 15.6317
71.1333 23.8478
85.1835 11.9852
90.1566 7.7865
101.1153 -1.4659
86.0857 26.793
91.5226 44.8323
84.1308 57.1962
59.832 87.9259
51.1433 98.9142
47.8462 118.7758
36.6608 114.1189
30.0129 96.3096
26.7044 96.1014
36.3117 82.4315
31.6001 82.2505
14.3628 65.0308
14.361 65.0288
21.6726 78.9972
15.2383 81.772
34.9295 68.7177
36.2672 80.7259
67.0015 82.5918
71.2195 84.7785
89.6585 88.8107
89.6584 88.8107
121.9578 99.2861
100.4651 117.6537
84.1113 86.6045
84.1113 86.6045
66.8481 61.7554
77.5589 54.5634
53.0048 56.1047
50 50
