OFV: 359.54021459691876
Runtime: 0.055385111016221344
Gap: None
repPt: {0: (50, 50), 9: (51.48309339213389, 42.96157517994775), 10: (40.19021162445158, 46.91985631552967), 3: (35.265098943745635, 48.64942066086252), 4: (37.52800360665944, 19.39431905251115), 15: (64.91013397819417, 10.105170668971008), 16: (92.6713234486962, 2.873778169858346), 2: (106.17345596712687, -0.6434736688773803), 1: (96.77010441477356, 23.626465066515358), 7: (77.07665783983029, 74.47620847299582), 8: (66.8062664283392, 101.02185369647302), 12: (40.78086610673762, 102.28395138396888), 11: (14.491919562028805, 92.42543846538136), 5: (13.800580611804008, 69.7378169452886), 6: (13.47162741967139, 58.93756627043943), 13: (29.7456110402892, 54.956069373827674), 14: (49.835949825690115, 50.03997689712569)}
lowerBound: 359.5402093923965
upperBound: 359.54021459691876
solType: IP_Optimal
Path: 
50 50
51.4831 42.9616
40.1902 46.9199
35.2651 48.6494
37.528 19.3943
64.9101 10.1052
92.6713 2.8738
106.1735 -0.6435
96.7701 23.6265
77.0767 74.4762
66.8063 101.0219
40.7809 102.284
14.4919 92.4254
13.8006 69.7378
13.4716 58.9376
29.7456 54.9561
49.8359 50.04
50 50
