OFV: 356.8257420836525
Runtime: 2428.835711956024
Gap: 0
repPt: {0: (50, 50), 1: (86.42163621680062, 8.544446155922543), 2: (74.4053022262626, 22.95906678596063), 3: (90.88469186998569, 2.916552194759532), 4: (79.51681938253068, -3.746863736966982), 5: (49.4625710009031, 46.26828440820302), 6: (51.974060406290675, 76.32421702375184), 7: (12.062716893453148, 83.5005755264975), 8: (-2.799406584245725, 108.84945633979419), 9: (53.60166026644298, 78.50579690767978), 10: (51.63307347184861, 107.19713654674656), 11: (50.78579953402108, 51.3148715262103), 12: (68.57903903298808, 29.96055689476791), 13: (19.73042189574575, 20.115546352800635), 14: (29.866792288384268, 9.290891910717466)}
solType: IP_Optimal
lowerBound: 356.8260105069767
upperBound: 356.8257420836525
Path: 
50 50
49.4626 46.2683
51.9741 76.3242
53.6017 78.5058
51.6331 107.1971
-2.7994 108.8495
12.0627 83.5006
19.7304 20.1155
29.8668 9.2909
79.5168 -3.7469
90.8847 2.9166
86.4216 8.5444
74.4053 22.9591
68.579 29.9606
50.7858 51.3149
50 50
