OFV: 284.023317878859
Runtime: 1.1565342929970939
Gap: 1.392510980318275e-08
repPt: {0: (50, 50), 4: (69.26976766395114, -15.900486704261217), 3: (77.70637649837705, 10.225887476049994), 7: (79.15986991618085, 24.567863475535937), 8: (82.40974631834862, 45.71202608380808), 6: (81.23661138461061, 88.34894063047996), 5: (68.3734134297833, 81.10436371847867), 2: (51.6398769150661, 71.67995364599423), 1: (20.663621791705364, 65.18819408361863), 9: (25.470063733585818, 47.48241770056084), 10: (39.81448400767811, 45.7527838047854)}
solType: IP_Optimal
lowerBound: 284.02331392380313
upperBound: 284.023317878859
Path: 
50 50
69.2698 -15.9005
77.7064 10.2259
79.1599 24.5679
82.4097 45.712
81.2366 88.3489
68.3734 81.1044
51.6399 71.68
20.6636 65.1882
25.4701 47.4824
39.8145 45.7528
50 50
