OFV: 450.3946362079968
Runtime: 2.8890060969861224
Gap: 4.792581375854049e-09
repPt: {0: (50, 50), 6: (41.030835387272205, 7.611762814945007), 5: (64.80944411361124, 12.428073977178311), 15: (85.21424453027188, 13.948728482544706), 16: (91.42261409508777, 44.82305766633191), 1: (94.96852050412153, 58.336168651492834), 2: (119.67229485427505, 61.24885136719536), 11: (95.95971518123531, 96.30062696710138), 12: (72.81295756324731, 109.55614507173468), 3: (67.93011135961913, 87.5716152271412), 4: (40.9929811613283, 80.2592187867327), 18: (20.522439490581785, 94.11493488380862), 17: (6.036329049371084, 61.68520498680405), 7: (6.225509045617191, 35.827364985412075), 8: (6.355109209527844, 18.057663410303036), 9: (31.068552638266432, 23.836468480385566), 14: (32.21742744123558, 24.94023453094482), 13: (45.30155416238091, 31.322908890432906), 10: (57.08563317202219, 46.68833189014526)}
solType: IP_Optimal
lowerBound: 450.3946340494439
upperBound: 450.3946362079968
Path: 
50 50
41.0308 7.6118
64.8094 12.4281
85.2142 13.9487
91.4226 44.8231
94.9685 58.3362
119.6723 61.2489
95.9597 96.3006
72.813 109.5561
67.9301 87.5716
40.993 80.2592
20.5224 94.1149
6.0363 61.6852
6.2255 35.8274
6.3551 18.0577
31.0686 23.8365
32.2174 24.9402
45.3016 31.3229
57.0856 46.6883
50 50
