OFV: 704.2017334566796
Runtime: 9.747418804909103
Gap: None
Path: 
50 50
45.7052 55.8734
47.4972 21.6827
47.5358 20.9309
66.3755 2.4154
89.3484 0.0607
106.903 -1.7371
96.8681 16.7243
82.7506 20.1836
82.2718 24.285
56.0908 40.2657
62.9588 43.1003
84.5124 33.505
94.638 28.9956
105.3106 35.2043
101.1311 49.2373
76.4394 60.6999
86.4135 61.0231
103.4552 61.5786
117.707 70.1048
97.1659 86.5486
108.9152 91.1559
98.2331 73.0875
98.7159 74.2743
92.0707 79.081
83.9866 83.7291
70.1719 91.6695
59.2818 112.9001
47.1828 89.9954
34.9915 92.1513
39.1273 75.4647
28.9001 66.036
38.3568 78.9521
42.1818 76.5306
37.1504 38.6022
34.9199 21.7879
20.9677 14.0283
9.0736 7.4131
8.1938 31.629
7.3336 55.3063
36.1309 49.2911
50 50
