OFV: 754.6044962719257
Runtime: 481.43969626701437
Gap: None
Path: 
50 50
52.2212 42.1457
33.0517 22.7735
28.0619 17.7297
17.6698 10.3178
16.1682 12.3166
14.0597 15.1234
34.5922 -9.2782
31.9035 1.154
31.8845 1.227
50.1022 -0.0047
57.5161 -11.8678
62.4395 -10.4647
64.5895 -9.8515
64.0887 -1.5693
63.4055 9.729
59.7002 11.5333
59.7002 11.5333
65.6843 15.7976
71.0892 19.6488
74.9888 22.4266
87.6476 31.4526
89.899 33.0553
95.8539 37.2981
95.6849 24.8665
95.5387 14.1946
97.9805 10.3121
94.0352 10.0942
83.9248 9.5302
79.3791 12.724
73.1182 17.1229
60.8881 25.7158
60.7542 26.0997
61.8645 36.6337
62.4803 42.4571
63.7025 54.062
45.1376 62.783
31.279 69.2876
15.7377 76.5844
10.1728 79.1946
8.7 79.885
10.5841 80.7584
11.6713 81.2619
20.0269 85.7423
24.4524 88.1136
27.5388 89.7668
32.8952 92.6384
53.465 103.6893
68.3722 116.3
91.1373 96.7139
92.9978 95.2625
95.99 92.927
91.7612 65.8886
97.1913 72.4966
103.8043 80.5555
98.7698 81.5758
91.9337 82.9633
84.615 84.4484
76.92 86.0103
72.9108 86.8224
74.9619 67.545
76.2389 55.5716
76.3997 54.0665
69.3992 51.6773
57.1988 48.1457
52.8068 53.9201
49.1442 74.1586
43.6599 71.2898
38.5436 68.6111
28.5797 63.4014
21.6905 59.7954
9.8111 56.3592
8.9333 46.0885
8.3098 38.7753
31.4852 38.2629
31.5893 38.6108
31.7274 39.0725
35.1125 50.3233
37.0594 56.8051
38.491 56.3453
45.4153 54.129
50 50
