OFV: 800.8954980357996
Runtime: 42.91532522602938
Gap: None
Path: 
50 50
56.3526 44.6258
30.5395 39.2117
18.2479 34.3418
9.6148 44.8245
9.4512 46.4348
8.0746 59.9913
7.8875 61.9419
7.3246 67.8077
5.4886 86.9632
5.4886 86.9633
5.4887 86.9633
15.3612 82.0861
22.4366 82.3062
36.9494 82.7567
39.8034 81.7737
63.7059 70.3579
62.9819 69.9222
36.1927 53.7989
36.111 53.8433
49.968 48.0924
60.8979 59.5489
63.0542 58.2887
66.4072 56.3291
79.8356 27.6411
74.0847 25.9115
74.0912 41.5628
75.4438 44.6114
83.655 63.1158
89.9047 67.4624
93.0396 69.6429
117.062 70.0923
118.6083 70.1211
106.7792 58.0567
89.9515 40.8958
88.7124 39.6328
62.7758 24.2263
46.4316 18.4162
53.281 4.4721
56.3708 -1.818
63.8552 -18.6577
33.0116 -19.8678
30.0563 1.6178
26.8857 24.6782
25.0504 32.3776
21.0797 49.0499
25.8941 59.9922
30.0215 63.4325
33.8516 66.6252
48.0972 73.8811
59.231 72.6535
60.4216 72.5222
88.3646 86.4743
86.0184 93.1352
83.1346 107.2284
72.6466 111.642
52.3906 95.9964
43.6914 103.844
32.6848 74.2099
28.178 71.2313
43.5663 56.2595
50 50
