OFV: 394.8953018041609
Runtime: 9.175356000981992
Gap: 2.0422846749492035e-08
repPt: {0: (50, 50), 12: (35.51962287480771, 37.88164565123013), 11: (9.964173682399593, 12.595504769161048), 19: (4.181766682267024, 19.73025587246073), 20: (16.566557261634962, 44.69324255910825), 17: (1.8339450162195214, 44.39700705308192), 18: (-17.85277523619747, 46.5602400847969), 3: (11.844276619988058, 62.21915487152682), 4: (1.6733714575602465, 82.59859385760197), 5: (1.7655306031727607, 82.26433394131006), 6: (16.748618541518756, 90.53253825911473), 8: (15.568856835806919, 93.0755114633206), 7: (16.05710357399879, 60.3055057790883), 9: (21.0670907524065, 45.376703725940224), 10: (31.13416050264022, 15.379745126872939), 1: (31.594947606786217, 14.006716799677694), 2: (45.39244351621928, 4.5310874883648005), 15: (74.77918915496996, 2.401010043216365), 16: (68.02050410223718, 26.761731832589724), 14: (51.69821110691588, 27.644181005250434), 13: (50.44709989929977, 44.110229347314984)}
solType: IP_Optimal
lowerBound: 394.8952937392747
upperBound: 394.8953018041609
Path: 
50 50
35.5196 37.8816
9.9642 12.5955
4.1818 19.7303
16.5666 44.6932
1.8339 44.397
-17.8528 46.5602
11.8443 62.2192
1.6734 82.5986
1.7655 82.2643
16.7486 90.5325
15.5689 93.0755
16.0571 60.3055
21.0671 45.3767
31.1342 15.3797
31.5949 14.0067
45.3924 4.5311
74.7792 2.401
68.0205 26.7617
51.6982 27.6442
50.4471 44.1102
50 50
