OFV: 379.99204959939476
Runtime: 35.406516934977844
Gap: 9.145353609634459e-08
repPt: {0: (50, 50), 4: (56.43256643861207, 101.13275290027538), 3: (69.0419808523934, 87.43946760172827), 11: (83.20786645373762, 77.26014884933907), 12: (99.50767482396735, 65.54748787157926), 5: (93.67732496514708, 49.70394371423845), 6: (87.84956926137845, 39.860829440290416), 10: (81.29915552356499, 28.798173272238724), 9: (51.85364124049938, 12.13724676395792), 8: (-10.558729558134404, -23.17552740660152), 7: (6.890364858201388, -1.6072152011404992), 13: (17.637575506429275, 2.84758593183855), 14: (3.9711125820884834, 24.929669100234467), 2: (5.322148318138475, 19.129837888463438), 1: (21.33284706398927, 30.192479328437734)}
solType: IP_Optimal
lowerBound: 379.99201484777814
upperBound: 379.99204959939476
Path: 
50 50
56.4326 101.1328
69.042 87.4395
83.2079 77.2601
99.5077 65.5475
93.6773 49.7039
87.8496 39.8608
81.2992 28.7982
51.8536 12.1372
-10.5587 -23.1755
6.8904 -1.6072
17.6376 2.8476
3.9711 24.9297
5.3221 19.1298
21.3328 30.1925
50 50
