OFV: 1217.9769665341732
Runtime: 56.938609595177695
Gap: None
repPt: {0: (50, 50), 33: (48.507537718291225, 56.14288269081113), 34: (64.67567435745582, 78.61935492150002), 91: (65.34761516882875, 79.5534686653394), 92: (76.3405534954548, 94.83552369629649), 5: (74.98879291678746, 98.33457991189337), 6: (79.30736283642803, 116.38696011111321), 86: (78.56305090119034, 115.79942960332585), 85: (58.453475886214456, 99.92561113162881), 11: (56.29826778486719, 98.22437724145553), 12: (61.661175435967394, 109.79474018214925), 32: (68.3970267031458, 113.53098020432512), 31: (67.64169888496922, 88.95560289839632), 8: (67.64169852105572, 88.95560381449069), 7: (51.83062665161597, 86.45390796956505), 58: (51.445118916719686, 86.3929112367686), 57: (34.816479485890234, 83.76184976026849), 84: (31.053440366376154, 85.37125368282148), 83: (11.178296855964913, 93.87237194902505), 47: (11.901802567434185, 95.00407408744115), 48: (20.042693355027048, 84.28598994797662), 20: (10.654393074832901, 79.84013473994139), 19: (8.485469354288842, 68.47580131482442), 41: (9.372805869666804, 68.20152997623175), 42: (21.037144396755053, 64.59506852670602), 65: (19.248567400886678, 61.55858176412482), 66: (15.536994739973398, 45.11410162091101), 53: (6.623247068492056, 39.66871593942814), 54: (7.826504338319642, 16.674902473635246), 45: (7.826502828645985, 16.674903720705508), 46: (19.78857170822715, 1.666086918933456), 17: (19.839368433407675, 2.5295157958608936), 18: (32.775459727351816, -6.006817620418471), 30: (38.208373852526556, 12.660693400080046), 29: (26.464543776523378, 11.837194672907792), 96: (24.31776828815911, 11.686611914769385), 95: (18.070128550459387, 41.75426912135333), 37: (18.502239907865487, 42.712635369837706), 38: (25.177816162969293, 57.51785580219219), 77: (26.521437377387063, 52.35374128989319), 78: (26.25577043509648, 67.2564107163758), 81: (26.255768283752506, 67.25641066625421), 82: (46.166523718386195, 69.58994398829174), 73: (46.166520225444884, 69.58993876269045), 74: (45.229023210850706, 45.95330179316172), 98: (45.1131000907157, 43.03155136819263), 97: (36.278536178407144, 57.11434955480863), 10: (36.278491225749946, 57.11424142482317), 9: (23.845941157528166, 28.06224996903198), 49: (23.845940946022164, 28.062252246822187), 50: (50.502078320789934, 28.934680512279975), 43: (49.258126562475034, 19.176685702494893), 44: (66.96823168004406, 14.342831723726285), 3: (66.59481574410407, 4.690121326902733), 4: (78.7316700352806, -4.072656131910653), 22: (81.10851330729639, -5.788682351200716), 21: (70.31581391928988, 2.7212018252930164), 76: (70.3158144216107, 2.72120065258148), 75: (62.09747581514681, 22.04114321851831), 89: (63.561129143462495, 24.95296718620043), 90: (71.52515321484799, 40.799988324214), 52: (70.48573153961514, 39.00187039116784), 51: (66.82652925934578, 67.604459986448), 25: (67.13116650612926, 67.63759638071852), 26: (94.71108977741689, 70.63747656677909), 14: (94.71108346770022, 70.63748279645264), 13: (88.78840387136148, 60.131150532146634), 93: (88.80515121311718, 62.2473541126377), 94: (88.89189473975073, 73.20950191377587), 67: (88.8275840130667, 72.65402370805984), 68: (97.34396658758607, 84.25724866356134), 80: (97.00280923932671, 81.59587312159738), 79: (95.34224945139428, 68.64224787987084), 35: (95.34224788308616, 68.64224947236544), 36: (113.07337388929972, 68.49474891782992), 2: (104.8564706486034, 63.60766379231099), 1: (86.96098048843922, 87.18307739689307), 39: (87.1875016282991, 87.10693546897657), 40: (111.00101277057647, 79.10249321044229), 100: (112.3831998649193, 81.341146032436), 99: (94.18350170080777, 87.80584578111164), 70: (101.52294987278015, 91.8518638616887), 69: (82.53199550394758, 77.11237054594027), 71: (82.53199403748931, 77.11237435064656), 72: (99.48587236278863, 49.35169954067377), 24: (101.91077007525055, 45.38123924532178), 23: (79.01961057578718, 60.19299035974795), 55: (80.40357129501959, 62.06170754491509), 56: (80.05672774190555, 34.33950681331298), 59: (80.03104177881445, 32.285060222612294), 60: (102.0538282716113, 10.272848983419513), 62: (96.09719159944729, 9.40210476077309), 61: (92.6597051300396, 33.79022986698908), 63: (92.6664819824447, 33.788980221648345), 64: (113.28910822082581, 19.314577561591502), 16: (117.75302883472038, 5.88543079785223), 15: (91.47563748481981, 21.287450288099016), 28: (89.9557162805416, 22.178331439772094), 27: (65.75330362708783, 48.956698514595345), 88: (63.349424880106696, 51.61646642484431), 87: (51.52305440653312, 50.18442031382325)}
lowerBound: 1217.9768859501532
upperBound: 1217.9769665341732
solType: IP_Optimal
Path: 
50 50
48.5075 56.1429
64.6757 78.6194
65.3476 79.5535
76.3406 94.8355
74.9888 98.3346
79.3074 116.387
78.5631 115.7994
58.4535 99.9256
56.2983 98.2244
61.6612 109.7947
68.397 113.531
67.6417 88.9556
67.6417 88.9556
51.8306 86.4539
51.4451 86.3929
34.8165 83.7618
31.0534 85.3713
11.1783 93.8724
11.9018 95.0041
20.0427 84.286
10.6544 79.8401
8.4855 68.4758
9.3728 68.2015
21.0371 64.5951
19.2486 61.5586
15.537 45.1141
6.6232 39.6687
7.8265 16.6749
7.8265 16.6749
19.7886 1.6661
19.8394 2.5295
32.7755 -6.0068
38.2084 12.6607
26.4645 11.8372
24.3178 11.6866
18.0701 41.7543
18.5022 42.7126
25.1778 57.5179
26.5214 52.3537
26.2558 67.2564
26.2558 67.2564
46.1665 69.5899
46.1665 69.5899
45.229 45.9533
45.1131 43.0316
36.2785 57.1143
36.2785 57.1142
23.8459 28.0622
23.8459 28.0623
50.5021 28.9347
49.2581 19.1767
66.9682 14.3428
66.5948 4.6901
78.7317 -4.0727
81.1085 -5.7887
70.3158 2.7212
70.3158 2.7212
62.0975 22.0411
63.5611 24.953
71.5252 40.8
70.4857 39.0019
66.8265 67.6045
67.1312 67.6376
94.7111 70.6375
94.7111 70.6375
88.7884 60.1312
88.8052 62.2474
88.8919 73.2095
88.8276 72.654
97.344 84.2572
97.0028 81.5959
95.3422 68.6422
95.3422 68.6422
113.0734 68.4947
104.8565 63.6077
86.961 87.1831
87.1875 87.1069
111.001 79.1025
112.3832 81.3411
94.1835 87.8058
101.5229 91.8519
82.532 77.1124
82.532 77.1124
99.4859 49.3517
101.9108 45.3812
79.0196 60.193
80.4036 62.0617
80.0567 34.3395
80.031 32.2851
102.0538 10.2728
96.0972 9.4021
92.6597 33.7902
92.6665 33.789
113.2891 19.3146
117.753 5.8854
91.4756 21.2875
89.9557 22.1783
65.7533 48.9567
63.3494 51.6165
51.5231 50.1844
50 50
