OFV: 329.68220589038856
Runtime: 5.575422039022669
Gap: 8.579658159097637e-08
repPt: {0: (50, 50), 12: (39.259583999558906, 65.78618793737529), 11: (14.189029491448183, 58.98383904097592), 14: (-15.309096127735998, 60.673712751339764), 13: (5.869657567869005, 36.15659439155999), 5: (33.9667800770796, 29.18811285428303), 6: (69.61220455806087, 31.508242310922945), 1: (65.02984898444997, 36.438730631416306), 3: (61.89240300232913, 39.8133678456475), 2: (69.33582963931138, 50.532877711194445), 4: (70.74190191119006, 52.55734013533964), 8: (102.32637711767416, 95.65841987157764), 7: (86.49138513360339, 93.40556228065675), 10: (66.69484635962698, 79.75929053055542), 9: (51.78907871051989, 69.48452163648982)}
solType: IP_Optimal
lowerBound: 329.6821776047823
upperBound: 329.68220589038856
Path: 
50 50
39.2596 65.7862
14.189 58.9838
-15.3091 60.6737
5.8697 36.1566
33.9668 29.1881
69.6122 31.5082
65.0298 36.4387
61.8924 39.8134
69.3358 50.5329
70.7419 52.5573
102.3264 95.6584
86.4914 93.4056
66.6948 79.7593
51.7891 69.4845
50 50
