OFV: 338.00012855845824
Runtime: 56.117035906994715
Gap: 0.0
repPt: {0: (50, 50), 11: (29.459863913862698, 50.87684044645495), 12: (3.664345404280629, 51.98324110639989), 10: (56.17509208710483, -20.603611068222698), 9: (71.84089770684685, 4.275090586348491), 6: (78.2709460620036, 9.994405274813612), 5: (97.60276189133488, 27.185956661362844), 8: (116.38434319533222, 22.08760219413649), 7: (97.3514458387054, 30.154567339705842), 1: (87.53402559210518, 34.31529689527426), 2: (100.45644660391011, 48.644061902458354), 3: (99.44690792656856, 47.72958982140706), 4: (96.31526181999354, 64.84343416932131), 14: (83.14450509949951, 64.37252077978718), 13: (68.51145086919992, 58.027317022685374)}
solType: IP_Optimal
lowerBound: 338.0001618742337
upperBound: 338.00012855845824
Path: 
50 50
29.4599 50.8768
3.6643 51.9832
56.1751 -20.6036
71.8409 4.2751
78.2709 9.9944
97.6028 27.186
116.3843 22.0876
97.3514 30.1546
87.534 34.3153
100.4564 48.6441
99.4469 47.7296
96.3153 64.8434
83.1445 64.3725
68.5115 58.0273
50 50
