OFV: 343.5813511861791
Runtime: 322.5529217820149
Gap: 0.0
repPt: {0: (50, 50), 3: (13.799956647385894, 33.73603455371092), 4: (19.963059148418477, 31.058330114285074), 16: (38.941625969212744, 34.758829569403964), 15: (33.67134979830634, 8.484150132694493), 11: (34.449982025245546, 8.214602791496814), 12: (46.0376111745652, 4.202852165148075), 5: (74.1828091393726, 26.305668321431405), 6: (85.60702634585681, 18.762779705352084), 13: (91.64864949937046, 19.146066429333207), 14: (92.03226565245481, 36.55440475372629), 9: (93.03876158318424, 82.00539436752851), 10: (101.92262958375174, 97.34744336189989), 2: (101.62646746352544, 97.30086067685683), 1: (85.99189634568137, 94.88148784579498), 8: (60.434182048595474, 95.12697225910313), 7: (45.75598828015134, 95.26539441273711)}
solType: IP_Optimal
lowerBound: 343.5819108545792
upperBound: 343.5813511861791
Path: 
50 50
13.8 33.736
19.9631 31.0583
38.9416 34.7588
33.6713 8.4842
34.45 8.2146
46.0376 4.2029
74.1828 26.3057
85.607 18.7628
91.6486 19.1461
92.0323 36.5544
93.0388 82.0054
101.9226 97.3474
101.6265 97.3009
85.9919 94.8815
60.4342 95.127
45.756 95.2654
50 50
