OFV: 1161.25935730606
Runtime: 72.99437414598651
Gap: None
Path: 
50 50
47.9253 53.9627
17.0378 39.8906
16.9988 39.9165
4.0286 48.5458
3.9654 51.4742
3.255 84.4125
6.5341 87.3818
25.8874 104.9251
30.8394 102.3644
50.5147 122.0793
56.6 103.8875
49.7723 82.8625
43.241 78.1055
39.3126 71.1451
35.6656 64.6843
31.0141 60.5623
20.8966 51.5902
10.8789 42.7053
4.9441 37.4453
10.0688 11.8971
10.6703 17.2977
28.7117 26.5746
29.3211 26.8879
57.705 27.1441
63.5172 18.5581
46.0576 28.9293
44.3406 29.9513
34.0747 5.3808
27.2445 4.4608
30.08 -9.5131
33.6 -0.8887
24.953 20.7108
24.9669 20.7058
53.713 10.219
45.8914 16.973
67.4453 30.5003
69.1202 29.5185
94.6463 14.5782
112.7429 13.8056
97.1154 18.5793
97.1156 18.6645
97.5533 19.1837
106.7293 30.0867
120.12 41.5481
120.7064 49.9923
97.5725 61.1204
97.0847 61.639
96.4998 62.261
105.8723 71.7308
119.7007 84.2335
110.1508 92.1227
82.897 88.9451
79.9532 85.5771
92.6488 100.6389
89.2867 110.2021
81.7206 93.0142
81.189 81.9565
86.1644 59.4787
88.1489 57.2893
63.6792 82.5729
58.6069 87.8067
76.6959 86.173
82.9347 81.9777
101.1323 72.4577
106.7346 48.9094
83.5339 45.9856
78.768 45.3871
56.0878 42.5291
66.3636 39.2819
83.2807 33.943
84.3123 37.5248
91.593 45.3564
93.5762 47.4869
66.3017 51.1066
57.0388 51.121
31.1247 51.1681
42.7478 56.7889
65.3343 62.8246
73.4542 64.9914
50.0338 50.0215
50 50
