OFV: 294.82172231616397
Runtime: 1.819023249001475
Gap: -4.486674063550998e-08
repPt: {0: (50, 50), 5: (65.30228474162736, 54.301715532832276), 6: (80.82463183481894, 79.14089518319331), 3: (65.21628837565643, 87.75380032507935), 4: (57.536233545789365, 108.79741350260106), 1: (18.84763000495275, 61.34531761144211), 2: (24.662426248946012, 48.972771338457555), 8: (53.93022235290643, -13.323225506555444), 7: (59.023061133748705, 4.646957618998858), 9: (56.065240715655115, 7.621988431506235), 10: (51.50152960330537, 39.50921738017454)}
solType: IP_Optimal
lowerBound: 294.8217355438537
upperBound: 294.82172231616397
Path: 
50 50
65.3023 54.3017
80.8246 79.1409
65.2163 87.7538
57.5362 108.7974
18.8476 61.3453
24.6624 48.9728
53.9302 -13.3232
59.0231 4.647
56.0652 7.622
51.5015 39.5092
50 50
