OFV: 457.6412220679306
Runtime: 20.246932004985865
Gap: 0.0
repPt: {0: (50, 50), 7: (5.664324144193884, 11.50270382353424), 8: (-15.900167973938071, -7.222525264822627), 6: (6.496261552489697, -6.781425872105452), 5: (8.79074886543152, 3.6930882940198333), 17: (44.699150886673955, 0.9628181691346567), 18: (58.90376715060419, -23.801542303382888), 10: (62.84594261861201, -15.77569466604667), 9: (66.52071027590077, 5.651666104457321), 2: (68.51992292324677, 36.17253430306452), 1: (56.994572528177336, 46.5804079103775), 13: (73.26540393508245, 65.28403837127958), 14: (94.38297846591536, 93.37890389997997), 4: (91.97855981425141, 91.89912961893856), 3: (60.12050307612636, 72.2918868511998), 16: (50.901952895465435, 80.03929560816864), 15: (75.45723876906077, 84.65849613295231), 11: (67.52375804861717, 93.44607317419478), 12: (56.33967222966137, 65.71643488050367)}
solType: IP_Optimal
lowerBound: 457.6412405310888
upperBound: 457.6412220679306
Path: 
50 50
5.6643 11.5027
-15.9002 -7.2225
6.4963 -6.7814
8.7907 3.6931
44.6992 0.9628
58.9038 -23.8015
62.8459 -15.7757
66.5207 5.6517
68.5199 36.1725
56.9946 46.5804
73.2654 65.284
94.383 93.3789
91.9786 91.8991
60.1205 72.2919
50.902 80.0393
75.4572 84.6585
67.5238 93.4461
56.3397 65.7164
50 50
