OFV: 634.2933532748905
Runtime: 0.36376081802882254
Gap: None
repPt: {0: (50, 50), 14: (47.9200998775379, 50.36232558336396), 13: (32.69353925664196, 53.02468061437058), 18: (24.664020746466704, 54.42673329319374), 17: (16.606689781942798, 70.10894049018158), 5: (20.53023595032692, 69.36957149920735), 6: (49.832797749500735, 63.83486205995258), 33: (46.43066573632704, 66.42978033033476), 34: (62.804331730815406, 91.09191697747713), 10: (45.92804786737791, 112.40682949588104), 9: (39.14840088320667, 86.48292128254265), 11: (47.714898323415945, 83.19562954515825), 12: (71.3165802914664, 78.22512233161336), 29: (79.61726237219365, 74.76396245210493), 30: (102.88750746251695, 65.04842401639745), 4: (98.51820489040416, 43.09047798639554), 3: (74.36954197600024, 58.20531391385063), 1: (71.68802924071895, 56.8542192982066), 2: (85.2039487821461, 47.5013238097293), 32: (80.077963444813, 43.31828244202303), 31: (67.66357258866617, 33.18668954338181), 15: (66.09909788797842, 28.994975293681037), 16: (79.15094430333944, -2.2799439557613406), 26: (94.80765626179861, -8.975251574775465), 25: (80.86015893944686, 3.986756129746282), 28: (74.15902302298615, 10.210411130326285), 27: (50.9252473846692, 33.16495398487288), 38: (54.29351939808794, 30.437478258395895), 37: (44.27824308923677, 12.203302976062332), 22: (44.589270536734624, 6.998234211224017), 21: (34.142649169837114, 21.074053435732477), 8: (27.806874440994832, 16.85555881443615), 7: (17.98720593791024, 17.893266937345988), 23: (5.726193776170649, 5.4148980295293985), 24: (11.818205827328548, 26.411976007390564), 19: (12.804497593371105, 29.80337714921369), 20: (41.32952966461124, 29.830716017441205), 36: (41.32951168738945, 29.8307109386461), 35: (35.3684584268406, 58.732071459116284), 39: (36.60314681933074, 58.208724116456224), 40: (54.96453186798125, 50.40072112363004)}
lowerBound: 634.2931805549516
upperBound: 634.2933532748905
solType: IP_Optimal
Path: 
50 50
47.9201 50.3623
32.6935 53.0247
24.664 54.4267
16.6067 70.1089
20.5302 69.3696
49.8328 63.8349
46.4307 66.4298
62.8043 91.0919
45.928 112.4068
39.1484 86.4829
47.7149 83.1956
71.3166 78.2251
79.6173 74.764
102.8875 65.0484
98.5182 43.0905
74.3695 58.2053
71.688 56.8542
85.2039 47.5013
80.078 43.3183
67.6636 33.1867
66.0991 28.995
79.1509 -2.2799
94.8077 -8.9753
80.8602 3.9868
74.159 10.2104
50.9252 33.165
54.2935 30.4375
44.2782 12.2033
44.5893 6.9982
34.1426 21.0741
27.8069 16.8556
17.9872 17.8933
5.7262 5.4149
11.8182 26.412
12.8045 29.8034
41.3295 29.8307
41.3295 29.8307
35.3685 58.7321
36.6031 58.2087
54.9645 50.4007
50 50
