OFV: 288.3092751775543
Runtime: 268.252179145813
Gap: 0
repPt: {0: (50, 50), 1: (9.766256802849266, 11.218171395067028), 2: (9.335599250053008, 38.928896151823956), 3: (19.65579073627218, 26.15251415436442), 4: (35.09610691606139, 12.026678819394238), 5: (63.87516257305062, 43.59939119966533), 6: (57.734636794406796, 48.05913134809056), 7: (8.21107438478755, 81.5421318761897), 8: (-14.451845687660105, 98.63644266991845), 9: (42.701900220604124, 21.602918644829565), 10: (27.920334379217444, 12.675756423246339), 11: (60.567862094538526, 44.470474705174205), 12: (46.878522326408266, 19.401762331537515)}
solType: IP_Optimal
lowerBound: 288.3087588548356
upperBound: 288.3092751775543
Path: 
50 50
57.7346 48.0591
63.8752 43.5994
60.5679 44.4705
46.8785 19.4018
42.7019 21.6029
27.9203 12.6758
35.0961 12.0267
19.6558 26.1525
9.7663 11.2182
9.3356 38.9289
-14.4518 98.6364
8.2111 81.5421
50 50
