OFV: 406.68722138950056
Runtime: 330.54154001997085
Gap: -3.953336468398409e-09
repPt: {0: (50, 50), 8: (110.80803826784903, 47.9322276516795), 7: (93.37689662364212, 24.005523385064564), 9: (85.86736140285053, 20.918450517243556), 10: (66.81975072982416, 13.087379327372878), 16: (66.8197395557127, 13.08737464547054), 15: (54.45056864312468, 8.810435985518144), 4: (54.44795555956076, 8.834786950556452), 3: (52.30498837297226, 28.796113358251883), 6: (43.850875863712005, 29.518668759969415), 5: (18.727435596299507, 49.067891329046866), 14: (3.184014728633085, 42.820063802910745), 13: (10.238946087790865, 10.230263246498179), 1: (11.380552333978242, 4.958894312892324), 2: (-1.3912829989862057, -17.502613017937854), 12: (-26.68385873829002, 21.8214451880518), 11: (2.2892722276633024, 19.67619088922793), 18: (3.3283394446137513, 20.178751092627564), 17: (26.968465040460373, 31.622468598366105)}
solType: IP_Optimal
lowerBound: 406.687222997272
upperBound: 406.68722138950056
Path: 
50 50
110.808 47.9322
93.3769 24.0055
85.8674 20.9185
66.8198 13.0874
66.8197 13.0874
54.4506 8.8104
54.448 8.8348
52.305 28.7961
43.8509 29.5187
18.7274 49.0679
3.184 42.8201
10.2389 10.2303
11.3806 4.9589
-1.3913 -17.5026
-26.6839 21.8214
2.2893 19.6762
3.3283 20.1788
26.9685 31.6225
50 50
