OFV: 354.4950815855075
Runtime: 3.6554433860001154
Gap: -7.285909705145177e-08
repPt: {0: (50, 50), 11: (81.01288353803996, 88.63980838049129), 1: (90.5146181296577, 62.59581515750598), 12: (89.44167086694932, 60.83687419735587), 2: (76.06175795366063, 38.90019730299603), 13: (81.00675045082089, 36.72889629078057), 14: (94.94861346013107, 30.604220748563414), 7: (91.56531762011032, 20.93349273213051), 8: (82.08553838476925, 3.9999673747064515), 5: (65.10404029014768, 33.626242921983334), 6: (53.35002456603235, 21.861694274591564), 4: (4.154911261367597, -7.821265128531481), 3: (23.80158673120181, 16.802837842370245), 10: (45.00701937700463, 20.027367163857345), 9: (56.12298787979104, 49.90753810343555)}
solType: IP_Optimal
lowerBound: 354.49510741369903
upperBound: 354.4950815855075
Path: 
50 50
81.0129 88.6398
90.5146 62.5958
89.4417 60.8369
76.0618 38.9002
81.0068 36.7289
94.9486 30.6042
91.5653 20.9335
82.0855 4.0
65.104 33.6262
53.35 21.8617
4.1549 -7.8213
23.8016 16.8028
45.007 20.0274
56.123 49.9075
50 50
