OFV: 366.3399559128247
Runtime: 0.02733859501313418
Gap: None
repPt: {0: (50, 50), 11: (27.43695857105481, 51.351959438064846), 12: (1.877819194979259, 52.88448988801243), 10: (56.01089690939388, -22.615163113513066), 9: (70.06133660596147, 5.290458494469853), 6: (76.83977423714641, 8.829523971009227), 5: (97.09871375636719, 29.122210738298598), 7: (99.4317535180472, 28.289976396111367), 8: (118.30584280216354, 21.521885072239183), 1: (85.59292643631456, 33.82920886549533), 2: (102.02649232984042, 49.909546640401146), 3: (98.72090612827805, 45.86307091580277), 4: (97.31913831063264, 66.61628255190928), 14: (82.79087822020234, 66.34388951272238), 13: (67.97597921134465, 58.95862395847959)}
lowerBound: 366.3399170516675
upperBound: 366.3399559128247
solType: IP_Optimal
Path: 
50 50
27.437 51.352
1.8778 52.8845
56.0109 -22.6152
70.0613 5.2905
76.8398 8.8295
97.0987 29.1222
99.4318 28.29
118.3058 21.5219
85.5929 33.8292
102.0265 49.9095
98.7209 45.8631
97.3191 66.6163
82.7909 66.3439
67.976 58.9586
50 50
