OFV: 434.34182786928
Runtime: 27.66150268696947
Gap: -5.258646647460719e-09
repPt: {0: (50, 50), 3: (66.4029125581856, 96.57065376783406), 4: (58.088902572951426, 126.60324954654017), 11: (16.25109448648622, 89.28881567017564), 12: (-2.2366177221548478, 72.79959925824538), 16: (-12.060129118402404, 82.02145731318694), 15: (3.3043332470400735, 72.10435407041348), 17: (8.893647917020447, 68.49692499383276), 18: (10.988841303673667, 54.0992105221533), 1: (11.86285774708888, 58.91137875366954), 2: (13.298034047485995, 27.200447753362592), 10: (-5.892718225138382, 6.16132942719069), 9: (14.01567377834624, 9.226681137393772), 5: (36.834712211950134, 10.461397798153197), 6: (63.79436287298856, 11.919469504402972), 8: (57.740076976448, 8.570130442141405), 7: (56.28124932002065, 19.19071308977288), 14: (83.0043909551039, 31.409519686466155), 13: (70.68045015354352, 38.3525015487932)}
solType: IP_Optimal
lowerBound: 434.3418301533302
upperBound: 434.34182786928
Path: 
50 50
66.4029 96.5707
58.0889 126.6032
16.2511 89.2888
-2.2366 72.7996
-12.0601 82.0215
3.3043 72.1044
8.8936 68.4969
10.9888 54.0992
11.8629 58.9114
13.298 27.2004
-5.8927 6.1613
14.0157 9.2267
36.8347 10.4614
63.7944 11.9195
57.7401 8.5701
56.2812 19.1907
83.0044 31.4095
70.6805 38.3525
50 50
