OFV: 225.75338420073462
Runtime: 7.051321983337402
Gap: 0
repPt: {0: (50, 50), 1: (90.92969809727467, 83.21778821969524), 2: (65.45027158188631, 74.88015033030433), 3: (87.07473920896689, 60.943633244121905), 4: (84.49574856877858, 46.035649719322514), 5: (73.39072797476763, 56.30119428765921), 6: (55.32715248893848, 41.03110707497765), 7: (31.055517108822315, 61.01941145207289), 8: (47.37744210544338, 68.9658939847831), 9: (48.66130765692986, 42.801734832404385), 10: (28.635179151182406, 22.26706054630514)}
solType: IP_Optimal
lowerBound: 225.7533617789932
upperBound: 225.75338420073462
Path: 
50 50
55.3272 41.0311
73.3907 56.3012
84.4957 46.0356
87.0747 60.9436
90.9297 83.2178
65.4503 74.8802
47.3774 68.9659
31.0555 61.0194
28.6352 22.2671
48.6613 42.8017
50 50
