OFV: 287.8433815481179
Runtime: 5.87117600440979
Gap: 0
repPt: {0: (50, 50), 1: (17.522753765634413, 63.47548423761948), 2: (28.30991208359468, 73.44117006054505), 3: (43.945639770026794, 99.9711822414734), 4: (51.13469125601158, 116.48815491969796), 5: (82.90659249301545, 84.76291387276329), 6: (102.72884801718224, 53.663825933962144), 7: (67.16910784737335, 23.162862129888097), 8: (54.02299394555987, 30.369082181765393), 9: (87.19959312583131, 11.422673871235919), 10: (75.45013128674154, 10.014075820723935)}
solType: IP_Optimal
lowerBound: 287.84328593792657
upperBound: 287.8433815481179
Path: 
50 50
54.023 30.3691
67.1691 23.1629
75.4501 10.0141
87.1996 11.4227
102.7288 53.6638
82.9066 84.7629
51.1347 116.4882
43.9456 99.9712
28.3099 73.4412
17.5228 63.4755
50 50
