OFV: 288.3092327627692
Runtime: 0.03883875801693648
Gap: None
repPt: {0: (50, 50), 6: (57.738337123683415, 48.057405598418065), 5: (63.87505154774681, 43.59916806525481), 11: (60.57009517138711, 44.471425478188074), 12: (46.87798857313661, 19.40160203157677), 9: (42.70476678251536, 21.602995600631775), 10: (27.920793063542746, 12.673778985728338), 4: (35.09540358415882, 12.02509198968711), 3: (19.655774988277162, 26.152507937655017), 1: (9.767660778128297, 11.217759350295493), 2: (9.335392889530592, 38.929939157801364), 8: (-14.45250985433271, 98.63593585248633), 7: (4.457973830893814, 84.36609926396629)}
lowerBound: 288.3092074335774
upperBound: 288.3092327627692
solType: IP_Optimal
Path: 
50 50
57.7383 48.0574
63.8751 43.5992
60.5701 44.4714
46.878 19.4016
42.7048 21.603
27.9208 12.6738
35.0954 12.0251
19.6558 26.1525
9.7677 11.2178
9.3354 38.9299
-14.4525 98.6359
4.458 84.3661
50 50
