OFV: 494.9979042934893
Runtime: 7.213456709054299
Gap: None
repPt: {0: (50, 50), 16: (46.273392746312176, 51.36364060310311), 15: (38.49300419833737, 54.207522020827724), 11: (37.852439610378745, 54.77831293212519), 12: (42.857934750230335, 78.25280478028037), 9: (43.751987698003326, 77.84795775479752), 10: (57.09189723321398, 80.28137680391774), 29: (72.33615974514598, 83.06707556627762), 30: (85.45460903726412, 85.46413408956191), 40: (107.40000947532315, 74.81151757067279), 39: (82.24137434722738, 62.69318684883564), 34: (78.62752256966849, 60.953795858517566), 33: (72.38717398066477, 56.61297091516085), 35: (75.77949738040772, 56.22711272679226), 36: (76.47115225617361, 40.11900579025997), 14: (72.16395101772285, 39.41884635930793), 13: (65.56937513163248, 45.32024373876632), 7: (65.78947569693155, 44.213820501908515), 8: (67.62313482029981, 34.999880477046894), 23: (67.66945528366334, 34.76699541668657), 24: (71.79325320390882, 14.049478360062434), 38: (80.63867538637254, -7.0156568210613965), 37: (67.1817139501664, 11.191452243587436), 4: (62.58492851538258, 17.408440409470554), 3: (44.193454629992196, 42.30264226116119), 21: (44.19347064852291, 42.30267414592116), 22: (42.45309472231943, 20.39663354954731), 2: (26.891197232717367, 13.162001041056431), 1: (22.782227922883976, 24.5321269984772), 25: (19.671951264039972, 33.132773733481955), 26: (18.70736928934503, 59.80984371975099), 5: (22.146367379339335, 60.691643333267045), 6: (30.153469262246077, 62.749650711618486), 20: (29.62483200946781, 64.33840366512595), 19: (23.724363411436865, 82.05596653421387), 32: (16.966271380077842, 76.28451572675928), 31: (12.55032310885723, 84.35930681499306), 27: (14.160209418247693, 83.64457753441313), 28: (37.56678531166701, 73.25719678838696), 17: (35.8123784793101, 78.34686099754735), 18: (49.37164717384582, 51.25538430834776)}
lowerBound: 494.9978833308158
upperBound: 494.9979042934893
solType: IP_Optimal
Path: 
50 50
46.2734 51.3636
38.493 54.2075
37.8524 54.7783
42.8579 78.2528
43.752 77.848
57.0919 80.2814
72.3362 83.0671
85.4546 85.4641
107.4 74.8115
82.2414 62.6932
78.6275 60.9538
72.3872 56.613
75.7795 56.2271
76.4712 40.119
72.164 39.4188
65.5694 45.3202
65.7895 44.2138
67.6231 34.9999
67.6695 34.767
71.7933 14.0495
80.6387 -7.0157
67.1817 11.1915
62.5849 17.4084
44.1935 42.3026
44.1935 42.3027
42.4531 20.3966
26.8912 13.162
22.7822 24.5321
19.672 33.1328
18.7074 59.8098
22.1464 60.6916
30.1535 62.7497
29.6248 64.3384
23.7244 82.056
16.9663 76.2845
12.5503 84.3593
14.1602 83.6446
37.5668 73.2572
35.8124 78.3469
49.3716 51.2554
50 50
