OFV: 144.1173958102329
Runtime: 3.4278612499765586
Gap: 7.886138403462797e-08
repPt: {0: (50, 50), 7: (62.850914287080975, 52.02200204591855), 8: (57.10876788326711, 60.12005095446979), 10: (54.343692306619936, 60.95538719816064), 9: (44.20436762289096, 64.02260014245165), 5: (26.569039388565564, 50.09366389936051), 6: (24.291905555250924, 43.877711463529145), 1: (18.4367626366438, 30.277303810319072), 2: (12.347204283672706, 39.84536439535647), 4: (7.194884715050823, 47.940643165848606), 3: (36.81112009578904, 48.989188810227)}
solType: IP_Optimal
lowerBound: 144.1173844449356
upperBound: 144.1173958102329
Path: 
50 50
62.8509 52.022
57.1088 60.1201
54.3437 60.9554
44.2044 64.0226
26.569 50.0937
24.2919 43.8777
18.4368 30.2773
12.3472 39.8454
7.1949 47.9406
36.8111 48.9892
50 50
