OFV: 265.3800115039139
Runtime: 7.858272894998663
Gap: 2.4379042037093696e-09
repPt: {0: (50, 50), 9: (22.590339987994625, 46.412838326530924), 10: (32.74989473366247, 69.93791072274466), 14: (51.682126911724744, 72.7765165699003), 13: (58.05882996015611, 80.19223529485491), 7: (65.77913433740844, 87.83691506790642), 8: (71.45079393882251, 55.163858353467866), 3: (79.80049231294649, 47.95588288593504), 4: (92.31242626773168, 37.1523019087034), 1: (64.15535770142684, 19.061616170742532), 2: (46.55132377210715, 10.559393336578802), 11: (46.45750425818398, 10.514098296322716), 12: (36.92848870851935, 5.913554432465521), 6: (35.76938026878948, 25.06459663719713), 5: (46.30759177378097, 43.529538928887916)}
solType: IP_Optimal
lowerBound: 265.3800108569429
upperBound: 265.3800115039139
Path: 
50 50
22.5903 46.4128
32.7499 69.9379
51.6821 72.7765
58.0588 80.1922
65.7791 87.8369
71.4508 55.1639
79.8005 47.9559
92.3124 37.1523
64.1554 19.0616
46.5513 10.5594
46.4575 10.5141
36.9285 5.9136
35.7694 25.0646
46.3076 43.5295
50 50
