OFV: 358.98349268505314
Runtime: 7.251688995000222
Gap: -5.046566067268e-07
repPt: {0: (50, 50), 6: (36.60003837962242, 61.10001245287995), 3: (49.02939577689053, 32.3328658250715), 5: (49.60001680985732, 31.01299789243908), 4: (44.65724141747492, 19.855999364027102), 7: (57.01376104241072, 29.302145651132243), 9: (72.75219618116407, 19.063214704494804), 8: (76.61805093553147, 16.547907364537927), 10: (82.40899510938944, 9.731605317046778), 11: (82.77969344105327, 21.8511833503946), 12: (100.9261644555751, 36.19544375953037), 1: (95.17877675276627, 43.95628885749457), 2: (106.74975554952567, 71.36395283269249), 13: (61.28715791776517, 98.4101026510826), 14: (41.433200062966215, 110.22136464770678), 15: (43.23633359191363, 63.70221538141325), 16: (70.59842107607375, 49.36218037704201)}
solType: IP_Optimal
lowerBound: 358.9836738484444
upperBound: 358.98349268505314
Path: 
50 50
36.6 61.1
49.0294 32.3329
49.6 31.013
44.6572 19.856
57.0138 29.3021
72.7522 19.0632
76.6181 16.5479
82.409 9.7316
82.7797 21.8512
100.9262 36.1954
95.1788 43.9563
106.7498 71.364
61.2872 98.4101
41.4332 110.2214
43.2363 63.7022
70.5984 49.3622
50 50
