OFV: 399.3456124858377
Runtime: 3.035123261011904
Gap: 4.9351922599556224e-08
repPt: {0: (50, 50), 1: (25.597588172581897, 27.168613175447785), 2: (6.6591026094959584, 9.420799010199717), 7: (2.731718013878987, 3.156470038173154), 8: (-13.776055164239951, -23.173538037982457), 14: (2.5654424784419905, 26.562784389682584), 13: (25.500678129362328, 5.55369656911261), 9: (51.57508494423536, 12.393043988345797), 10: (82.65553784726202, 27.32658285149202), 6: (88.57301039701164, 39.80358398151852), 5: (95.58214028107508, 49.04147652392669), 12: (101.38865550468827, 66.2394989205765), 11: (85.32498449255118, 79.60681683047581), 4: (56.70964993952629, 103.4189514447216), 3: (59.41448696602342, 82.58033820237436)}
solType: IP_Optimal
lowerBound: 399.34559277736395
upperBound: 399.3456124858377
Path: 
50 50
25.5976 27.1686
6.6591 9.4208
2.7317 3.1565
-13.7761 -23.1735
2.5654 26.5628
25.5007 5.5537
51.5751 12.393
82.6555 27.3266
88.573 39.8036
95.5821 49.0415
101.3887 66.2395
85.325 79.6068
56.7096 103.419
59.4145 82.5803
50 50
