OFV: 284.023320251831
Runtime: 0.7027869989979081
Gap: 3.77918287823907e-08
repPt: {0: (50, 50), 10: (39.81484335607316, 45.75283336138398), 9: (25.47033046347134, 47.482187199821425), 1: (20.663759793211142, 65.18841949651276), 2: (51.63978243200278, 71.67991801367062), 5: (68.59352048927843, 81.22820950729017), 6: (81.23664151816858, 88.34892354912661), 8: (82.40975548842458, 45.7121622945525), 7: (79.15988500603677, 24.567980093189224), 3: (77.7062591226416, 10.225326136766517), 4: (69.26971947403075, -15.900486099620622)}
solType: IP_Optimal
lowerBound: 284.02330951807033
upperBound: 284.023320251831
Path: 
50 50
39.8148 45.7528
25.4703 47.4822
20.6638 65.1884
51.6398 71.6799
68.5935 81.2282
81.2366 88.3489
82.4098 45.7122
79.1599 24.568
77.7063 10.2253
69.2697 -15.9005
50 50
