OFV: 892.2148610002703
Runtime: 747.8988697129535
Gap: None
Path: 
50 50
64.0009 46.7649
64.0009 46.7648
62.4117 54.7316
52.7606 58.6167
48.8728 60.1816
50.6836 72.4334
51.7007 69.5795
52.0261 68.6661
54.4205 70.0377
64.9728 75.3741
75.285 80.5895
75.285 80.5895
66.7872 86.9483
62.7138 89.996
67.2829 90.8285
74.3665 92.118
85.0367 83.4768
90.6937 78.8935
91.5316 78.2145
97.6352 73.2689
94.0144 84.3986
99.9985 90.4958
107.9683 92.832
119.8162 91.7155
117.1791 87.5526
102.6389 64.5808
101.0458 62.0667
96.3 54.5728
87.9007 47.3374
72.5528 49.844
72.553 49.8442
75.6711 52.491
80.865 56.8998
81.2064 46.6319
81.5299 36.9058
81.8655 26.8101
79.864 24.7317
73.9832 18.6258
69.204 21.3133
68.3844 27.6657
67.6314 33.5007
67.1572 37.1795
66.5336 42.0154
73.4663 45.7812
86.3166 52.7629
85.8979 63.6228
91.2931 59.1536
101.9266 50.3417
102.0328 50.0241
105.9089 38.4534
96.5729 17.7788
90.9119 11.7062
85.4476 5.8449
82.9551 3.3161
81.0999 1.4341
99.5184 -16.8933
93.0357 -21.7025
87.9365 -7.3874
83.3014 5.6253
78.7855 5.7272
76.2351 5.7844
70.1556 5.9221
67.3002 5.3971
51.1522 9.3404
46.14 10.5661
41.7219 10.725
34.2282 15.0756
26.6119 19.4974
19.4317 23.6659
11.7935 28.1006
16.8821 31.6763
23.4177 36.268
31.2116 41.7438
31.9076 41.5978
33.0405 37.4888
40.1958 11.5205
31.7416 5.4077
23.1252 -0.8235
22.9036 -1.3153
18.4487 -28.8002
13.6011 3.9341
8.8412 17.6734
7.2749 22.1918
11.632 48.4603
16.7679 58.1605
22.3247 68.6592
26.0697 75.7321
25.8572 80.4344
25.7085 83.7355
21.3877 84.762
15.6669 86.1215
9.2129 87.6553
7.9339 87.9589
6.217 88.3664
9.7344 80.751
14.6863 70.0283
19.0779 64.3382
26.5912 54.6028
35.6739 56.0221
48.9128 58.0904
50 50
