OFV: 291.50741789601966
Runtime: 493.2746190269827
Gap: -1.3697263144503013e-07
repPt: {0: (50, 50), 9: (54.87502488883994, 66.9019243351709), 10: (69.36693397400798, 76.83458326680542), 7: (88.37627256248705, 89.86423365883303), 8: (99.31850722831369, 92.97541974801764), 2: (76.41190211062128, 55.731927523765236), 4: (72.90718029248318, 50.04047444796137), 1: (67.16990065199228, 40.72006559225153), 3: (65.81697838581863, 38.525026319640055), 6: (66.79284927724498, 34.590468166717876), 5: (34.3852913335361, 33.166373973228936), 13: (7.7743510635748505, 39.676924431334854), 14: (-11.481998502309814, 59.447397464527455), 11: (14.506497892917709, 60.822560180986166), 12: (37.81274003302744, 62.056784108556016)}
solType: IP_Optimal
lowerBound: 291.5074578245578
upperBound: 291.50741789601966
Path: 
50 50
54.875 66.9019
69.3669 76.8346
88.3763 89.8642
99.3185 92.9754
76.4119 55.7319
72.9072 50.0405
67.1699 40.7201
65.817 38.525
66.7928 34.5905
34.3853 33.1664
7.7744 39.6769
-11.482 59.4474
14.5065 60.8226
37.8127 62.0568
50 50
