OFV: 354.4951027813024
Runtime: 2.9974320219480433
Gap: 0.0
repPt: {0: (50, 50), 9: (56.12359056922332, 49.90665984288822), 10: (45.007161084185405, 20.027480682489294), 3: (23.801410839318972, 16.80273779408793), 4: (4.155015876131005, -7.821387159833095), 6: (53.35028211514212, 21.86189354259657), 5: (65.1041352018889, 33.626232423590984), 8: (82.08517931197308, 3.9999642747277595), 7: (91.56489400914549, 20.93254851835574), 14: (94.94920401241879, 30.602867826896077), 13: (81.96901277699813, 36.308483003777205), 2: (76.06160381984306, 38.90068126684702), 1: (90.51466107322179, 62.59623611247372), 12: (90.04874250745526, 63.87237830222898), 11: (81.01252251562325, 88.63986949797646)}
solType: IP_Optimal
lowerBound: 354.4951111940758
upperBound: 354.4951027813024
Path: 
50 50
56.1236 49.9067
45.0072 20.0275
23.8014 16.8027
4.155 -7.8214
53.3503 21.8619
65.1041 33.6262
82.0852 4.0
91.5649 20.9325
94.9492 30.6029
81.969 36.3085
76.0616 38.9007
90.5147 62.5962
90.0487 63.8724
81.0125 88.6399
50 50
