OFV: 363.04881036634845
Runtime: 1.3625298860133626
Gap: 0.0
repPt: {0: (50, 50), 10: (43.86799610742126, 53.1999663112238), 9: (24.798885511711852, 23.581861361062366), 4: (49.739072682090764, -10.90061596146894), 3: (59.24494874352262, 3.421252523535727), 16: (59.378118312310384, 6.865944281691211), 15: (88.05181972209402, 23.883284520449184), 13: (90.43113735823016, 54.66090022036009), 14: (97.10967204145678, 72.84072687289364), 6: (89.96920730891007, 109.62127153832766), 5: (72.996863234451, 97.86277671849855), 1: (80.35467754870642, 91.68787840819114), 2: (50.99987783975385, 104.72745664185082), 12: (60.50678396826898, 109.15787825821937), 11: (55.4279315524505, 93.75314063393627), 7: (51.99963484865311, 83.35301451597019), 8: (58.130328397771756, 62.625523586619096)}
solType: IP_Optimal
lowerBound: 363.04886510196866
upperBound: 363.04881036634845
Path: 
50 50
43.868 53.2
24.7989 23.5819
49.7391 -10.9006
59.2449 3.4213
59.3781 6.8659
88.0518 23.8833
90.4311 54.6609
97.1097 72.8407
89.9692 109.6213
72.9969 97.8628
80.3547 91.6879
50.9999 104.7275
60.5068 109.1579
55.4279 93.7531
51.9996 83.353
58.1303 62.6255
50 50
