OFV: 986.6719720743611
Runtime: 0.5879708679858595
Gap: None
repPt: {0: (50, 50), 13: (50.9656276277946, 48.45906430772777), 14: (73.08910407319252, 46.52573059966877), 17: (58.04985542884215, 52.91552260045384), 18: (66.47509130339593, 38.42795326638035), 22: (67.03774161795826, 37.461122556173436), 21: (59.810485155102, 48.771792752470105), 30: (59.81048447125175, 48.77178190924532), 29: (47.559523737075345, 80.15122756281319), 35: (33.91482601462992, 71.58006048185632), 36: (55.867341234389905, 90.42972519545364), 47: (73.84817267959467, 94.7782383789497), 48: (83.26898849927348, 117.62357476780623), 44: (71.48817067491369, 108.68297426291664), 43: (67.62450474347882, 81.03443141779222), 5: (67.10762685706459, 77.3292228248412), 6: (88.10993603176931, 82.54029895805374), 31: (95.22873574794791, 77.96920623373175), 32: (124.92075527707968, 86.64934793132146), 60: (113.60014499334417, 62.57194113124628), 59: (97.90206079001969, 61.421834830744), 1: (93.64361320019916, 61.108467974675754), 2: (94.25094862921, 47.77666608879331), 54: (95.01427147579503, 31.021186378821746), 53: (65.69928197079072, 16.434367236156714), 11: (76.39192640669636, 10.519115277004191), 12: (97.233731476345, 11.353790804612258), 10: (93.70741189540534, 18.806188078390925), 9: (86.97463666524547, 8.310722836815064), 4: (88.5418623854328, 3.4197556419008643), 3: (73.68963698975928, 2.834943974988962), 8: (52.617284306593, -10.458062926155598), 7: (46.809404052244346, 22.91979376702745), 26: (47.06559145187193, 23.017081802844952), 25: (15.654606096123763, 13.28009345383204), 49: (27.9606593566814, 3.9491470926945498), 50: (34.372326072900414, 25.837415304019398), 20: (39.0798621296187, 18.97283182742928), 19: (11.882932813110042, 27.216935981175244), 37: (2.9834182888383287, 29.914984624743784), 38: (26.688258679898027, 43.02233128466847), 41: (15.962897068255035, 59.41834186432434), 42: (43.189669452499245, 60.34978198393004), 27: (40.74427190916205, 62.624445549996146), 28: (50.09784800963362, 66.17741549876239), 46: (50.52184867416164, 66.33859346933512), 45: (22.644113612092408, 69.747567764274), 33: (5.099732289823953, 79.75992270733263), 34: (33.96014872139971, 95.22519655727636), 40: (33.44640482643986, 101.02272898157196), 39: (23.457626184225195, 94.95515465001054), 55: (25.46808094177016, 96.97638921856623), 56: (47.54600021978329, 108.22954801435365), 58: (52.76980578277913, 110.89131001714523), 57: (46.01375286209771, 94.29784260533548), 15: (45.33992161060693, 96.39267889455655), 16: (49.27216052827574, 75.65505602156425), 23: (49.27217533212189, 75.65506954423178), 24: (73.63011621593236, 56.46764145103647), 52: (73.82833997767503, 56.31138389822105), 51: (47.44010751023067, 45.395474465536495)}
lowerBound: 986.6718961063724
upperBound: 986.6719720743611
solType: IP_Optimal
Path: 
50 50
50.9656 48.4591
73.0891 46.5257
58.0499 52.9155
66.4751 38.428
67.0377 37.4611
59.8105 48.7718
59.8105 48.7718
47.5595 80.1512
33.9148 71.5801
55.8673 90.4297
73.8482 94.7782
83.269 117.6236
71.4882 108.683
67.6245 81.0344
67.1076 77.3292
88.1099 82.5403
95.2287 77.9692
124.9208 86.6493
113.6001 62.5719
97.9021 61.4218
93.6436 61.1085
94.2509 47.7767
95.0143 31.0212
65.6993 16.4344
76.3919 10.5191
97.2337 11.3538
93.7074 18.8062
86.9746 8.3107
88.5419 3.4198
73.6896 2.8349
52.6173 -10.4581
46.8094 22.9198
47.0656 23.0171
15.6546 13.2801
27.9607 3.9491
34.3723 25.8374
39.0799 18.9728
11.8829 27.2169
2.9834 29.915
26.6883 43.0223
15.9629 59.4183
43.1897 60.3498
40.7443 62.6244
50.0978 66.1774
50.5218 66.3386
22.6441 69.7476
5.0997 79.7599
33.9601 95.2252
33.4464 101.0227
23.4576 94.9552
25.4681 96.9764
47.546 108.2295
52.7698 110.8913
46.0138 94.2978
45.3399 96.3927
49.2722 75.6551
49.2722 75.6551
73.6301 56.4676
73.8283 56.3114
47.4401 45.3955
50 50
