OFV: 751.3155639252363
Runtime: 3600.859297442017
Gap: None
repPt: {0: (50, 50), 10: (42.93149729307032, 58.93043108649795), 9: (15.546984786028737, 72.04452480227394), 38: (10.146243052639594, 81.32778943293616), 37: (5.589813459217996, 89.15992543888731), 48: (6.795571987336135, 28.31542107068616), 47: (7.061755803845434, 14.90017496325752), 17: (8.349718961350636, 14.646534126976004), 18: (19.548703620666434, 12.447428588123898), 49: (19.54870464781951, 12.447434427852079), 50: (39.711778711114604, 12.734159737322312), 16: (37.93660636536337, 11.558097016470072), 15: (27.087031299198756, 4.369710106620242), 23: (27.087030931160463, 4.369690152100837), 24: (34.557131444987384, -3.578119823561962), 39: (38.437429079106934, 4.346142084904872), 40: (58.70763162314562, -0.8000041601206522), 8: (74.95996437859404, 3.2899523333086433), 7: (58.353602328171526, 20.175873907520188), 35: (58.81125904084543, 20.360443794258245), 36: (67.20568753558564, 23.75114526114959), 42: (67.1965309037338, 23.697841846704712), 41: (61.396120167492604, 28.001468532880402), 57: (61.56552088634288, 28.255870801619313), 58: (77.22896481685184, 51.778392978787984), 28: (73.71936406432063, 47.517907219484556), 27: (65.13730523502916, 40.850850579406746), 55: (64.46846009546405, 42.08448912189754), 56: (89.14975190310892, 45.852714254314066), 30: (88.67774640638608, 41.65299449611217), 29: (87.19260463927819, 28.393247320966612), 46: (86.8773981249204, 29.95520536441961), 45: (87.90522221267645, 10.166685589585118), 13: (92.8423848413032, 9.16046708086407), 14: (107.21912546220685, 6.230936815547308), 20: (121.30316572296199, 13.602637500556458), 19: (98.09337754391203, 16.835771529560194), 21: (86.62079141826929, 18.433924336010342), 22: (92.97606628503955, 49.135171794870324), 54: (93.80405614836262, 53.138263771348235), 53: (90.1721289353218, 79.68339649865247), 59: (90.16860238588818, 79.7091611602099), 60: (88.89448372159943, 77.31575497200049), 44: (88.8944853793219, 77.31576326159087), 43: (80.11813560246397, 72.97794932194772), 51: (87.62368309184352, 90.43176434417231), 52: (106.95236165300626, 106.7522570560433), 12: (106.13607770574454, 106.34459316297445), 11: (96.63097906851954, 101.60199636938387), 34: (90.85353647793956, 122.05107721759484), 33: (73.3183056751577, 100.88680678751706), 32: (60.25073063956271, 95.87790946418106), 31: (39.39677728054471, 92.95851980343862), 1: (40.30205226484476, 91.98616830769522), 2: (62.619791044307625, 68.00912891676208), 5: (64.3420353952032, 64.84704726709734), 6: (67.10282140317699, 59.77137701604767), 4: (67.10281115899107, 59.771391596044175), 3: (66.00281109945381, 58.181119676255456), 26: (65.78092263920861, 57.8610686696708), 25: (54.88127303873383, 42.09765246960924)}
lowerBound: 738.0532272196364
upperBound: 751.3155639252363
solType: IP_TimeLimit
Path: 
50 50
42.9315 58.9304
15.547 72.0445
10.1462 81.3278
5.5898 89.1599
6.7956 28.3154
7.0618 14.9002
8.3497 14.6465
19.5487 12.4474
19.5487 12.4474
39.7118 12.7342
37.9366 11.5581
27.087 4.3697
27.087 4.3697
34.5571 -3.5781
38.4374 4.3461
58.7076 -0.8
74.96 3.29
58.3536 20.1759
58.8113 20.3604
67.2057 23.7511
67.1965 23.6978
61.3961 28.0015
61.5655 28.2559
77.229 51.7784
73.7194 47.5179
65.1373 40.8509
64.4685 42.0845
89.1498 45.8527
88.6777 41.653
87.1926 28.3932
86.8774 29.9552
87.9052 10.1667
92.8424 9.1605
107.2191 6.2309
121.3032 13.6026
98.0934 16.8358
86.6208 18.4339
92.9761 49.1352
93.8041 53.1383
90.1721 79.6834
90.1686 79.7092
88.8945 77.3158
88.8945 77.3158
80.1181 72.9779
87.6237 90.4318
106.9524 106.7523
106.1361 106.3446
96.631 101.602
90.8535 122.0511
73.3183 100.8868
60.2507 95.8779
39.3968 92.9585
40.3021 91.9862
62.6198 68.0091
64.342 64.847
67.1028 59.7714
67.1028 59.7714
66.0028 58.1811
65.7809 57.8611
54.8813 42.0977
50 50
