OFV: 379.992078067204
Runtime: 0.111075344029814
Gap: None
repPt: {0: (50, 50), 4: (56.43264802821461, 101.13278144945033), 3: (69.04197083846009, 87.43947322977684), 11: (81.1402036406288, 78.74316290761968), 12: (99.50749161094815, 65.54809129553661), 5: (93.67660213520428, 49.70240320574631), 6: (86.89102378759893, 38.24647220494448), 10: (81.29979296718699, 28.798788112030227), 9: (52.875758956314755, 12.710294124149836), 8: (-10.558084456809768, -23.176292135598953), 7: (6.890978518917181, -1.6067530154571994), 13: (17.637303795439184, 2.8467365351439264), 14: (3.9713478554323443, 24.929768640942484), 2: (5.322448763474933, 19.12972035634735), 1: (22.843634733445153, 31.236601227831837)}
lowerBound: 379.9920643343435
upperBound: 379.992078067204
solType: IP_Optimal
Path: 
50 50
56.4326 101.1328
69.042 87.4395
81.1402 78.7432
99.5075 65.5481
93.6766 49.7024
86.891 38.2465
81.2998 28.7988
52.8758 12.7103
-10.5581 -23.1763
6.891 -1.6068
17.6373 2.8467
3.9713 24.9298
5.3224 19.1297
22.8436 31.2366
50 50
