OFV: 315.1045924828576
Runtime: 136.7263638973236
Gap: 0
repPt: {0: (50, 50), 1: (13.660705703353289, 87.38749941823839), 2: (-13.005424576351855, 81.91169219304295), 3: (45.23216137990232, 4.736079218673767), 4: (66.52076203096613, 5.189194816030358), 5: (45.13243359028088, 93.85219347051486), 6: (42.36360414268273, 64.95041926084278), 7: (21.78644000904147, 42.61508568229851), 8: (45.67575297794719, 71.38308700964136), 9: (45.25837841936675, 88.64422127284199), 10: (45.6848662943374, 71.00851490021799), 11: (49.56083782340877, 49.729596958392676), 12: (33.57295960996761, 39.887556252081616)}
solType: IP_Optimal
lowerBound: 315.10459277663847
upperBound: 315.1045924828576
Path: 
50 50
49.5608 49.7296
33.573 39.8876
-13.0054 81.9117
13.6607 87.3875
45.1324 93.8522
45.2584 88.6442
45.6758 71.3831
45.6849 71.0085
42.3636 64.9504
21.7864 42.6151
45.2322 4.7361
66.5208 5.1892
50 50
