OFV: 423.6704857816959
Runtime: 33.83137867698679
Gap: -3.8441372832070864e-08
repPt: {0: (50, 50), 7: (60.750169766044074, 58.20224237426693), 8: (79.61885142551164, 41.922930046679554), 14: (122.55142457357672, 49.61527892339507), 13: (98.94820917316741, 61.44561769378597), 16: (89.08229828338374, 66.3870162847089), 15: (88.0594343257377, 74.59842544390044), 6: (52.27559371244245, 85.86511311962073), 5: (40.383498117619794, 63.92357208551611), 1: (16.314941120895536, 78.37895553179987), 2: (-6.4914816767289025, 74.11777829332172), 3: (19.621803999914448, 43.076092244723334), 4: (24.682534575099336, 20.642224768108896), 9: (16.63419308459765, 17.486862740312915), 10: (1.369231646349129, -8.105639114759278), 11: (37.34481082442749, 18.114086324342676), 12: (47.59472120913522, 30.9471596374379)}
solType: IP_Optimal
lowerBound: 423.670502068171
upperBound: 423.6704857816959
Path: 
50 50
60.7502 58.2022
79.6189 41.9229
122.5514 49.6153
98.9482 61.4456
89.0823 66.387
88.0594 74.5984
52.2756 85.8651
40.3835 63.9236
16.3149 78.379
-6.4915 74.1178
19.6218 43.0761
24.6825 20.6422
16.6342 17.4869
1.3692 -8.1056
37.3448 18.1141
47.5947 30.9472
50 50
