OFV: 397.4639873419309
Runtime: 3600.0199360847473
Gap: 0.24237406778202786
repPt: {0: (50, 50), 1: (83.63800846533336, 33.40671765646229), 2: (103.40761369159276, 51.357145812432854), 3: (98.13768026289506, 43.94969384328775), 4: (98.55392185104488, 68.20372983718624), 5: (96.74173493863245, 31.0931424106965), 6: (78.34674698802004, 7.424510219272086), 7: (98.44196818497484, 30.35335395050443), 8: (120.20311941693934, 20.88510685973784), 9: (68.30956991564746, 6.407208217633345), 10: (56.03671626315631, -24.62207703046928), 11: (28.612367028518307, 51.64062947285614), 12: (0.11207303270045621, 53.82450882586495), 13: (69.10116779986062, 60.79944605682255), 14: (82.35586034273841, 68.29678267460179)}
solType: IP_TimeLimit
lowerBound: 301.1290354958922
upperBound: 397.4639873419309
Path: 
50 50
28.6124 51.6406
0.1121 53.8245
56.0367 -24.6221
68.3096 6.4072
78.3467 7.4245
96.7417 31.0931
98.442 30.3534
120.2031 20.8851
83.638 33.4067
103.4076 51.3571
98.1377 43.9497
98.5539 68.2037
82.3559 68.2968
69.1012 60.7994
50 50
