OFV: 1128.4118703030317
Runtime: 67.49650810600724
Gap: None
Path: 
50 50
38.2748 37.8982
35.2276 50.0009
35.2276 50.0009
28.7786 38.5017
25.0249 31.8101
47.0424 23.1672
52.9263 23.6234
75.2304 16.0483
71.0063 20.0489
66.0184 33.6868
64.1178 38.8788
58.8957 53.1606
60.4144 59.2717
75.09 62.8209
70.3367 57.981
65.7129 79.5025
66.9207 78.0485
56.245 56.5281
56.3148 55.6216
56.3476 55.2071
74.4017 61.4005
79.6307 63.1927
80.5498 64.2379
102.6608 89.3217
102.2615 89.1009
86.4495 80.3928
86.4495 80.3928
104.2315 100.3814
101.0425 78.8431
86.3639 93.2189
82.6778 92.4396
82.4343 120.1337
60.6234 117.1977
51.2107 88.0779
55.9352 86.9797
83.497 66.3189
95.8948 57.0299
112.5195 44.5736
111.7259 39.5607
102.8453 45.7489
108.5794 45.5358
106.307 42.6274
86.3057 32.7807
86.0471 31.8641
84.9136 27.8368
79.3108 7.8852
90.8445 2.8427
108.8246 -20.8339
103.8786 -5.0589
90.5998 10.308
89.3883 16.6189
84.9616 39.6245
81.9037 38.665
74.338 36.2866
71.6174 33.1833
56.014 15.3602
56.0821 8.8224
63.3034 1.1579
36.904 -32.7426
26.3972 -1.4452
35.2587 -4.6372
4.8786 4.9994
4.215 5.209
12.9053 13.8878
12.231 16.4732
7.4678 34.8004
6.3733 39.0009
13.9693 52.2545
24.6959 43.797
11.4195 76.3024
9.3437 81.3787
9.3392 93.7372
6.206 95.355
34.3401 94.6374
41.7465 81.1795
50.7154 64.8837
50.9745 63.9107
59.3836 32.4081
55.0262 34.4944
50.8213 51.524
50 50
