OFV: 250.49075304266202
Runtime: 1.8873616610071622
Gap: -1.042183777361493e-07
repPt: {0: (50, 50), 8: (33.57970816612135, 56.61477074714559), 7: (48.369586443468116, 27.159446566516912), 3: (68.17288247442228, 3.8053199946419687), 4: (69.06436021794983, -8.287780554867604), 12: (77.71810348464516, -11.959465742183655), 11: (79.93770875111554, 4.946350276084344), 9: (86.4846153976878, 9.262528067015534), 10: (95.30935148721682, 15.08140996405737), 1: (87.10198143067304, 61.93376993672092), 2: (85.26702584468062, 72.41109410636702), 6: (82.1265833484904, 62.49409128236107), 5: (66.20072263036656, 70.22265853219413)}
solType: IP_Optimal
lowerBound: 250.49077914840194
upperBound: 250.49075304266202
Path: 
50 50
33.5797 56.6148
48.3696 27.1594
68.1729 3.8053
69.0644 -8.2878
77.7181 -11.9595
79.9377 4.9464
86.4846 9.2625
95.3094 15.0814
87.102 61.9338
85.267 72.4111
82.1266 62.4941
66.2007 70.2227
50 50
