OFV: 393.37980856208577
Runtime: 0.09739422996062785
Gap: None
repPt: {0: (50, 50), 10: (53.05112513382473, 46.55555160551874), 9: (39.478273660188016, 20.64895987318707), 6: (42.57427303966943, 11.458163316596744), 5: (65.79444127574882, 14.761771398482336), 15: (82.85596458379017, 17.189021344484047), 16: (93.1690232546568, 43.53644402889175), 1: (97.88862048635741, 55.589873444355845), 2: (115.71271491908941, 62.06886862532459), 11: (93.22989875683429, 93.37690276711844), 12: (73.44237152428425, 105.54680321425897), 3: (65.73741583636065, 90.97429066405236), 4: (40.75330626057452, 84.29541437383558), 18: (22.54601253963536, 90.60467274194443), 17: (9.9354899382656, 60.79133645970521), 7: (9.13506493261692, 37.55008656009401), 8: (8.58099323712935, 21.38730973870384), 14: (31.98126947188675, 30.201380132731302), 13: (42.4620601246837, 34.15285559029799)}
lowerBound: 393.3797926533558
upperBound: 393.37980856208577
solType: IP_Optimal
Path: 
50 50
53.0511 46.5556
39.4783 20.649
42.5743 11.4582
65.7944 14.7618
82.856 17.189
93.169 43.5364
97.8886 55.5899
115.7127 62.0689
93.2299 93.3769
73.4424 105.5468
65.7374 90.9743
40.7533 84.2954
22.546 90.6047
9.9355 60.7913
9.1351 37.5501
8.581 21.3873
31.9813 30.2014
42.4621 34.1529
50 50
