OFV: 1019.2420608548919
Runtime: 3601.4459669359494
Gap: None
repPt: {0: (50, 50), 74: (48.73623171207596, 49.541114572536124), 73: (45.899927064081346, 66.75724516270144), 82: (45.830580109014356, 67.17719484841834), 81: (27.18350954963993, 64.71371572218088), 78: (27.183514777621504, 64.71371394050057), 77: (26.152377240694754, 54.321162225680425), 38: (25.65476160596438, 55.50021420566942), 37: (20.605524432683602, 42.991433516364005), 95: (20.07151697209387, 41.66916633903453), 96: (26.001497192275593, 12.88612805000269), 29: (27.914495782348055, 12.684417299160927), 30: (36.361381771163536, 11.791476478344448), 18: (32.386249903876056, -4.026765362199825), 17: (23.657096080750392, 3.4912153303396734), 46: (23.657092435630453, 3.491215005588401), 45: (10.399849869098363, 18.954154497672775), 54: (10.3998537014903, 18.95415228882804), 53: (8.877617374520671, 39.90013662361103), 66: (13.433070163733642, 45.511944503545884), 65: (18.264319233466004, 60.92013692075253), 42: (19.182133445225467, 63.84707705283697), 41: (11.615732337942713, 68.1824026179294), 19: (10.582723303267263, 68.77416826820023), 20: (12.797154009889713, 79.46129196067974), 48: (18.001980533242385, 84.29051561780305), 47: (13.354335746401095, 93.19829629885427), 83: (13.354332006617103, 93.19828963524584), 84: (31.52155651129437, 86.80466877999788), 57: (34.383940637642475, 85.79758285708884), 58: (51.158130190066885, 90.72648276347705), 11: (53.217811770614276, 95.05159188942709), 12: (58.538939027866626, 106.22077764186854), 85: (59.81036354993263, 104.35644767040641), 86: (76.86670149567398, 115.20543135951914), 6: (77.25585241350205, 115.45285868879377), 5: (71.64455970890072, 104.8040740269239), 32: (71.579994088698, 110.82406946299811), 31: (74.72263807953678, 90.72873309563822), 92: (75.17239703429634, 90.8158484232086), 91: (67.94161559970107, 83.0972822966894), 8: (68.04127582677927, 84.2879350613445), 7: (55.68438923871202, 81.32179392133723), 34: (56.24065127758321, 80.70381408677815), 33: (49.447782553960764, 60.947523775312135), 87: (50.084462036226824, 60.89904643354558), 88: (61.2019981387075, 62.11425674436211), 51: (62.09024573999178, 63.7469935971266), 52: (68.30240199759926, 40.99679338712171), 90: (68.30240477374345, 40.996795545897186), 89: (68.60412752313638, 29.222595813804205), 56: (78.28855111584761, 36.70950586507681), 55: (75.9834704741959, 63.22209943330905), 25: (69.55765649017577, 67.47405400934603), 26: (92.51246807576804, 68.7823906037465), 14: (92.51246397402403, 68.78239562850494), 13: (89.76311633462731, 61.924070082354426), 93: (90.36711559025701, 64.04899863907062), 94: (92.66199662166056, 72.11603916912586), 67: (92.6619983124437, 72.1160387643807), 68: (97.54679030979793, 82.09802251398743), 80: (97.5066025536157, 80.26567223355795), 79: (97.29691564529263, 70.59691184067577), 35: (97.29691198979889, 70.59691478600959), 36: (111.00440740073918, 68.59550728311902), 2: (105.31589025525865, 65.55530851129718), 1: (88.78571736699891, 86.31076114822415), 39: (89.35934943189848, 86.16681039512535), 40: (110.20233858778585, 80.93924211739682), 100: (110.34779830031445, 81.15398477612894), 99: (96.18536967073574, 87.85233899142712), 70: (100.11623797938309, 90.37843610765913), 69: (85.84320592963962, 77.76733360224364), 71: (85.84320240638307, 77.76733745236176), 72: (98.70662556365954, 49.29634229314785), 24: (100.05270361300961, 46.31734671568162), 23: (76.11284833352103, 52.5956401061517), 27: (74.05952429242538, 50.30467692571715), 28: (82.99673072607196, 24.176660857153053), 59: (80.9297578337202, 26.1079400865773), 60: (101.3310029144017, 13.069218566027253), 15: (96.21758067683172, 18.123543686414656), 16: (116.2267552165004, 7.21160082829582), 64: (111.79852097372347, 17.97175225715538), 63: (93.07247008235684, 31.568700537181442), 61: (93.0724591435558, 31.568699957857497), 62: (86.46660219412489, 7.635628222449197), 22: (82.48485556555676, -2.3068482547378784), 21: (72.39075528689567, 2.249971009520002), 4: (75.784550332476, -0.10377809095849466), 3: (68.83997511158361, 4.390168112955434), 76: (68.8399800469525, 4.39016735912053), 75: (62.86760034631708, 18.233290249443115), 44: (64.05607519076094, 18.184255756913192), 43: (50.23697147923941, 21.1551576232004), 50: (49.4183764076071, 27.18765456755203), 49: (26.428890100287074, 28.75104112124831), 9: (26.428890281488425, 28.751035589475855), 10: (37.10609423028346, 55.20464158998558), 97: (37.10611208030779, 55.20469046019429), 98: (46.17709339850998, 45.19644882636867)}
lowerBound: 1004.6539042125758
upperBound: 1019.2420608548919
solType: IP_TimeLimit
Path: 
50 50
48.7362 49.5411
45.8999 66.7572
45.8306 67.1772
27.1835 64.7137
27.1835 64.7137
26.1524 54.3212
25.6548 55.5002
20.6055 42.9914
20.0715 41.6692
26.0015 12.8861
27.9145 12.6844
36.3614 11.7915
32.3862 -4.0268
23.6571 3.4912
23.6571 3.4912
10.3998 18.9542
10.3999 18.9542
8.8776 39.9001
13.4331 45.5119
18.2643 60.9201
19.1821 63.8471
11.6157 68.1824
10.5827 68.7742
12.7972 79.4613
18.002 84.2905
13.3543 93.1983
13.3543 93.1983
31.5216 86.8047
34.3839 85.7976
51.1581 90.7265
53.2178 95.0516
58.5389 106.2208
59.8104 104.3564
76.8667 115.2054
77.2559 115.4529
71.6446 104.8041
71.58 110.8241
74.7226 90.7287
75.1724 90.8158
67.9416 83.0973
68.0413 84.2879
55.6844 81.3218
56.2407 80.7038
49.4478 60.9475
50.0845 60.899
61.202 62.1143
62.0902 63.747
68.3024 40.9968
68.3024 40.9968
68.6041 29.2226
78.2886 36.7095
75.9835 63.2221
69.5577 67.4741
92.5125 68.7824
92.5125 68.7824
89.7631 61.9241
90.3671 64.049
92.662 72.116
92.662 72.116
97.5468 82.098
97.5066 80.2657
97.2969 70.5969
97.2969 70.5969
111.0044 68.5955
105.3159 65.5553
88.7857 86.3108
89.3593 86.1668
110.2023 80.9392
110.3478 81.154
96.1854 87.8523
100.1162 90.3784
85.8432 77.7673
85.8432 77.7673
98.7066 49.2963
100.0527 46.3173
76.1128 52.5956
74.0595 50.3047
82.9967 24.1767
80.9298 26.1079
101.331 13.0692
96.2176 18.1235
116.2268 7.2116
111.7985 17.9718
93.0725 31.5687
93.0725 31.5687
86.4666 7.6356
82.4849 -2.3068
72.3908 2.25
75.7846 -0.1038
68.84 4.3902
68.84 4.3902
62.8676 18.2333
64.0561 18.1843
50.237 21.1552
49.4184 27.1877
26.4289 28.751
26.4289 28.751
37.1061 55.2046
37.1061 55.2047
46.1771 45.1964
50 50
