OFV: 420.2157258580238
Runtime: 0.8137499549920904
Gap: 1.386517675891536e-07
repPt: {0: (50, 50), 1: (24.18437354899949, 28.55007136877897), 2: (5.163792019548397, 10.752708903058732), 7: (1.655984719170523, 4.45446206596994), 8: (-14.716775709081622, -24.9431934948645), 14: (1.9649571436358446, 28.47462258339792), 13: (25.144382857357, 3.5787181886333874), 9: (52.275136981682195, 10.519511659384875), 10: (83.82923110224152, 25.638329441097138), 6: (86.82125389724418, 40.774183642823076), 5: (97.5717267495705, 48.46167225657508), 12: (103.32720974554962, 66.73566370750855), 11: (86.1862129094744, 80.62187386941916), 4: (55.89827029454117, 105.26119476270686), 3: (61.403977199936875, 82.35442257649824)}
solType: IP_Optimal
lowerBound: 420.21566759437064
upperBound: 420.2157258580238
Path: 
50 50
24.1844 28.5501
5.1638 10.7527
1.656 4.4545
-14.7168 -24.9432
1.965 28.4746
25.1444 3.5787
52.2751 10.5195
83.8292 25.6383
86.8213 40.7742
97.5717 48.4617
103.3272 66.7357
86.1862 80.6219
55.8983 105.2612
61.404 82.3544
50 50
