OFV: 442.7683717469066
Runtime: 2.818415736001043
Gap: -5.430488443219243e-08
repPt: {0: (50, 50), 4: (62.44375616715685, 64.76603384213179), 3: (81.6563218055881, 87.56992960165788), 5: (81.47643966144867, 86.41908216290051), 6: (60.86529963395942, 83.15539605213527), 7: (64.4891752565828, 88.04846477475826), 8: (66.11891143073493, 109.3365794566948), 20: (66.21565824853013, 110.59294326737788), 19: (38.14505957378873, 90.86530678296525), 9: (35.75164893876713, 91.6264182719262), 10: (13.751150300421301, 105.19017817480854), 15: (11.83997499476721, 99.07569219725112), 16: (-6.205714135274538, 66.2850997801523), 1: (36.46545586274637, 7.366627834500648), 2: (46.741573768855446, -2.552429085922287), 18: (56.38240125386355, 18.55664973973847), 17: (67.44731967140255, 38.80046205861292), 13: (67.59677085319689, 38.4982238705135), 14: (77.87468527760319, 63.33778973314801), 11: (96.19895700215467, 42.05674364208066), 12: (65.99658148469219, 51.71538242223719)}
solType: IP_Optimal
lowerBound: 442.76839579139187
upperBound: 442.7683717469066
Path: 
50 50
62.4438 64.766
81.6563 87.5699
81.4764 86.4191
60.8653 83.1554
64.4892 88.0485
66.1189 109.3366
66.2157 110.5929
38.1451 90.8653
35.7516 91.6264
13.7512 105.1902
11.84 99.0757
-6.2057 66.2851
36.4655 7.3666
46.7416 -2.5524
56.3824 18.5566
67.4473 38.8005
67.5968 38.4982
77.8747 63.3378
96.199 42.0567
65.9966 51.7154
50 50
