OFV: 309.64918622786996
Runtime: 3600.025545835495
Gap: 0.27232846683822487
repPt: {0: (50, 50), 1: (64.67875071243907, 40.64899607000448), 2: (71.74074802384173, 51.168926055286995), 3: (63.89870555499971, 39.48623509855141), 4: (72.36458120854019, 52.09884913536021), 5: (34.185568597052324, 31.176366363804444), 6: (67.98678324142432, 32.75021649377933), 7: (87.36574151965675, 91.6026246660283), 8: (100.75389698457973, 94.40539273143385), 9: (53.39242306057385, 68.27537364289606), 10: (65.87290357484177, 76.84504099935585), 11: (14.112968147239584, 60.984997276722424), 12: (38.45017250301011, 63.95477254431834), 13: (6.853024917294116, 37.89907707420316), 14: (-13.391738291563975, 60.05991649408891)}
solType: IP_TimeLimit
lowerBound: 225.32289801792456
upperBound: 309.64918622786996
Path: 
50 50
38.4502 63.9548
14.113 60.985
-13.3917 60.0599
6.853 37.8991
34.1856 31.1764
67.9868 32.7502
63.8987 39.4862
64.6788 40.649
71.7407 51.1689
72.3646 52.0988
100.7539 94.4054
87.3657 91.6026
65.8729 76.845
53.3924 68.2754
50 50
