OFV: 274.3905625542498
Runtime: 3606.711458955
Gap: 0.15598145730342677
repPt: {0: (50, 50), 12: (49.39559500867299, 66.7872779363578), 11: (38.750615464751405, 84.2683379179881), 4: (54.085117137342536, 80.51624627523039), 3: (60.70083712654373, 49.89121012568227), 8: (59.171508041779184, 41.559273348668604), 15: (58.000957992780165, 35.19053633336991), 7: (56.8642534071388, 29.001385443880604), 16: (72.04727989455189, 11.062115645895183), 17: (58.532407125812874, 9.028016820574106), 5: (50.23388271771984, 7.779377565433075), 6: (38.09628569165575, 5.952929567757319), 18: (32.320277539037264, 5.0835322476307745), 13: (10.479412078141605, 5.349496348557178), 14: (14.423070990307256, 15.85309340819536), 1: (15.24575952556491, 21.424850056770143), 2: (16.62438776946926, 30.751955432208433), 9: (41.683948929874425, 21.068202790655192), 10: (47.51623439550443, 41.35468500041837)}
solType: IP_TimeLimit
lowerBound: 231.59072273673084
upperBound: 274.3905625542498
Path: 
50 50
49.3956 66.7873
38.7506 84.2683
54.0851 80.5162
60.7008 49.8912
59.1715 41.5593
58.001 35.1905
56.8643 29.0014
72.0473 11.0621
58.5324 9.028
50.2339 7.7794
38.0963 5.9529
32.3203 5.0835
10.4794 5.3495
14.4231 15.8531
15.2458 21.4249
16.6244 30.752
41.6839 21.0682
47.5162 41.3547
50 50
