OFV: 326.6648506959877
Runtime: 7.326425340026617
Gap: 2.0657872400744037e-08
repPt: {0: (50, 50), 11: (80.56526289310878, 86.68814865784184), 12: (87.66293142226887, 65.13453186712462), 1: (88.50740550967764, 62.57205998851048), 2: (77.98387994795648, 39.45413735398114), 13: (81.47576506696825, 37.29638860343375), 14: (92.96369932378192, 30.197664278419616), 7: (89.726561967543, 21.72068844653496), 8: (81.78988807619436, 5.990375626453184), 5: (64.52210466094795, 31.696557914747288), 6: (52.461265902622834, 23.682206564400637), 4: (5.695400339075178, -6.545010193048068), 3: (25.048554663743747, 15.22322420883097), 10: (43.45215982191765, 21.321106544457404), 9: (54.224999522631514, 49.17938675731867)}
solType: IP_Optimal
lowerBound: 326.6648439477869
upperBound: 326.6648506959877
Path: 
50 50
80.5653 86.6881
87.6629 65.1345
88.5074 62.5721
77.9839 39.4541
81.4758 37.2964
92.9637 30.1977
89.7266 21.7207
81.7899 5.9904
64.5221 31.6966
52.4613 23.6822
5.6954 -6.545
25.0486 15.2232
43.4522 21.3211
54.225 49.1794
50 50
