OFV: 388.37417981181375
Runtime: 111.18118535200483
Gap: 1.185278115267137e-07
repPt: {0: (50, 50), 15: (64.00370885167504, 55.770959695394275), 16: (69.59223473399821, 48.50055826251186), 9: (81.6209430999103, 55.32217240154795), 10: (78.28426008257703, 80.10357645180936), 13: (83.37605924863169, 97.00442887437251), 14: (87.71220525500935, 111.39854483252533), 6: (83.77437724701299, 74.10554060608253), 5: (90.04631927946068, 54.37900512817292), 12: (62.91570687220138, 12.989398830838894), 11: (46.33423933183449, 15.910119143698408), 2: (19.308880599722617, -9.583300239918321), 1: (9.943975475364823, 9.853603708606354), 8: (13.823806509780198, 14.027934617585702), 7: (16.837391366522972, 31.08965886134871), 4: (2.0602663037181776, 64.20448818954765), 3: (30.805527060573944, 55.6873721142879)}
solType: IP_Optimal
lowerBound: 388.37413377867216
upperBound: 388.37417981181375
Path: 
50 50
64.0037 55.771
69.5922 48.5006
81.6209 55.3222
78.2843 80.1036
83.3761 97.0044
87.7122 111.3985
83.7744 74.1055
90.0463 54.379
62.9157 12.9894
46.3342 15.9101
19.3089 -9.5833
9.944 9.8536
13.8238 14.0279
16.8374 31.0897
2.0603 64.2045
30.8055 55.6874
50 50
