OFV: 259.8532074921532
Runtime: 11.24327761400491
Gap: 8.077638037735912e-08
repPt: {0: (50, 50), 11: (37.06796295439287, 25.45828134087834), 12: (20.64191044527777, 18.53685592726098), 5: (24.073880330974106, 7.366124407500598), 6: (16.33956705857371, 25.155103321120873), 10: (-2.803127019626895, 69.19069574385881), 9: (3.0975817906700223, 80.79979859545821), 4: (26.334193570686992, 72.5666367623142), 3: (57.62338514834528, 61.48205896434506), 7: (58.71227349003658, 61.09588858200601), 8: (84.57537469459473, 49.64408528867631), 2: (67.89565492075825, 52.100778250837635), 1: (51.04179161762662, 50.121931080903636)}
solType: IP_Optimal
lowerBound: 259.8531865021517
upperBound: 259.8532074921532
Path: 
50 50
37.068 25.4583
20.6419 18.5369
24.0739 7.3661
16.3396 25.1551
-2.8031 69.1907
3.0976 80.7998
26.3342 72.5666
57.6234 61.4821
58.7123 61.0959
84.5754 49.6441
67.8957 52.1008
51.0418 50.1219
50 50
