OFV: 1112.7448048437673
Runtime: 43.435107000987045
Gap: None
Path: 
50 50
53.5536 44.1283
39.4265 72.3995
39.0249 73.2051
28.7757 57.5185
30.46 52.48
33.9273 42.0973
37.057 49.3311
45.9071 59.9932
40.4196 65.0148
16.6313 76.48
13.3905 78.0392
26.3652 87.0537
28.8012 86.484
26.6191 86.1036
22.5235 85.3886
14.7106 82.844
6.9283 80.3101
4.3809 78.5536
5.06 60.5784
6.0354 34.7193
11.357 21.2645
17.2654 6.3253
21.5966 10.3258
30.9858 14.9287
37.2363 19.974
57.6665 36.4517
58.8449 37.404
80.9742 15.3823
81.1977 15.7317
97.3839 41.0393
93.2547 35.5804
101.6098 8.6136
96.0189 7.3989
72.6199 11.1553
70.9356 11.4271
68.7907 -11.3073
65.9549 -10.0349
32.3406 5.0216
29.2291 4.4542
39.5512 -13.0641
53.2369 -15.9728
55.3042 3.4649
64.5002 0.2587
56.3845 9.2164
56.2686 13.5953
64.6748 16.5205
71.3441 18.8413
89.9012 25.3
97.4877 22.6798
88.3399 12.8798
81.7198 5.7869
57.6205 23.4014
56.7973 25.1731
65.5801 40.5931
68.6847 46.0363
71.4211 60.5489
69.8732 60.4991
36.0648 63.2886
33.4425 63.5027
33.6828 34.9075
31.4779 35.3362
15.8583 43.2983
25.1687 52.9996
51.7054 80.6664
59.1064 97.5475
69.1284 120.3898
99.6148 96.3219
91.1858 95.3668
89.6624 90.8268
89.895 62.3302
94.0096 67.3865
105.0486 80.5084
107.4657 82.2755
92.4634 85.5383
85.8733 86.9693
70.5613 90.1494
70.873 89.4958
79.6742 52.9956
79.893 52.0906
49.3166 50.3977
50 50
