OFV: 463.4787043199119
Runtime: 3601.33706593205
Gap: 0.02783405345606725
repPt: {0: (50, 50), 13: (59.577478631681046, 38.40515047420229), 14: (69.58359494314945, 26.29210909398311), 16: (90.24467896030565, 1.280882429056734), 15: (59.25271547525432, 10.838289780048799), 9: (59.25271545537616, 10.838289795237259), 10: (46.12987666745438, 17.807214081535573), 19: (32.598710527792136, 0.650166209770767), 20: (13.21257101581256, -23.93427560851676), 2: (9.226610722579217, 51.0766891821787), 1: (28.63531179807798, 57.45950456632337), 18: (25.322085844680245, 55.548931006555456), 17: (31.006093210509366, 65.57976248258879), 11: (32.25915240875721, 67.7915535824953), 12: (62.07500183385553, 65.62655436318849), 7: (69.61888878339239, 78.47260347694426), 8: (79.77393801957092, 87.00006792181604), 3: (85.72210534330837, 81.89836526928045), 4: (83.89142559922821, 95.9606594552855), 6: (65.11737459252889, 119.80137786741277), 5: (46.32171224996778, 93.47671209430504)}
solType: IP_TimeLimit
lowerBound: 450.5782132881227
upperBound: 463.4787043199119
Path: 
50 50
59.5775 38.4052
69.5836 26.2921
90.2447 1.2809
59.2527 10.8383
59.2527 10.8383
46.1299 17.8072
32.5987 0.6502
13.2126 -23.9343
9.2266 51.0767
28.6353 57.4595
25.3221 55.5489
31.0061 65.5798
32.2592 67.7916
62.075 65.6266
69.6189 78.4726
79.7739 87.0001
85.7221 81.8984
83.8914 95.9607
65.1174 119.8014
46.3217 93.4767
50 50
