OFV: 330.56813126625667
Runtime: 3600.9463211789844
Gap: 0.18453977633398416
repPt: {0: (50, 50), 1: (19.83717387910906, 58.010195873010545), 2: (-3.6882456269809567, 41.394516124596095), 11: (-3.6882457542066156, 41.39451702740558), 12: (-4.794571734591857, 44.41743832868926), 8: (5.604460333855886, 39.427906332850185), 7: (25.565472995992483, 29.85144474368878), 18: (25.565494042479177, 29.851437293103935), 17: (39.39332684370944, 42.541679855750495), 9: (38.945397884822086, 40.54918077763054), 10: (61.733752970891395, 57.11786697142802), 14: (84.40157676835977, 81.9349296313687), 13: (93.70138425604411, 66.43070133409957), 16: (102.231673353247, 52.20934236542182), 15: (81.72891120895022, 51.272572893620506), 19: (73.80987146782284, 50.91069519700278), 20: (72.20259439488761, 24.897538593110927), 3: (69.58832864860204, 24.894757230607567), 4: (40.43265832591165, 24.864130111931132), 5: (39.91933168850689, 36.08753778667645), 6: (48.89567217350828, 41.86017460448283)}
solType: IP_TimeLimit
lowerBound: 269.56516225923855
upperBound: 330.56813126625667
Path: 
50 50
19.8372 58.0102
-3.6882 41.3945
-3.6882 41.3945
-4.7946 44.4174
5.6045 39.4279
25.5655 29.8514
25.5655 29.8514
39.3933 42.5417
38.9454 40.5492
61.7338 57.1179
84.4016 81.9349
93.7014 66.4307
102.2317 52.2093
81.7289 51.2726
73.8099 50.9107
72.2026 24.8975
69.5883 24.8948
40.4327 24.8641
39.9193 36.0875
48.8957 41.8602
50 50
