OFV: 420.21569878641844
Runtime: 1.5570478680019733
Gap: 5.2450679899572136e-09
repPt: {0: (50, 50), 1: (24.18427639412109, 28.54999578567309), 2: (5.1638193835814565, 10.752743636617328), 7: (2.370851389060544, 5.7403671828609015), 8: (-14.71683336385495, -24.943167892966088), 14: (1.9650415092902163, 28.47464137030216), 13: (25.14429559622104, 3.5787445336054504), 9: (52.27504718070288, 10.51947572021934), 10: (83.82922630426249, 25.638324775409213), 6: (86.82150272065418, 40.774567214977274), 5: (97.57172139253092, 48.46166590545795), 12: (103.32739675096154, 66.73504117537323), 11: (86.18795436425268, 80.62745219625991), 4: (55.89873759521296, 105.26148778407263), 3: (61.403984409587565, 82.35458442720727)}
solType: IP_Optimal
lowerBound: 420.21569658235853
upperBound: 420.21569878641844
Path: 
50 50
24.1843 28.55
5.1638 10.7527
2.3709 5.7404
-14.7168 -24.9432
1.965 28.4746
25.1443 3.5787
52.275 10.5195
83.8292 25.6383
86.8215 40.7746
97.5717 48.4617
103.3274 66.735
86.188 80.6275
55.8987 105.2615
61.404 82.3546
50 50
