OFV: 1020.1443028008819
Runtime: 164.68194790696725
Gap: None
Path: 
50 50
48.0183 52.0774
38.8607 61.6746
35.4347 53.9239
27.2291 31.661
27.2291 31.661
35.5763 32.8001
50.0754 30.6774
53.8844 30.5046
57.4079 28.4444
74.3463 18.544
83.7425 20.7387
113.2593 27.6302
126.0455 -1.6179
99.0596 -1.0476
87.0513 -0.7927
78.3774 21.0211
65.3092 17.3915
58.4827 18.4536
51.981 19.4669
36.6088 7.2219
28.8926 1.0738
34.0434 -25.2898
14.999 -22.9262
5.1005 -2.7993
7.719 -3.2585
42.6687 -14.1947
58.207 -15.5422
55.3955 -3.949
49.7901 4.9425
50.5088 9.9613
57.6072 19.2215
65.9502 30.107
63.773 35.7148
62.3305 39.4299
53.1605 63.0716
51.808 63.6908
50.2671 64.3963
43.2761 76.506
44.7326 95.2447
45.4302 104.2087
45.4443 104.3897
32.2318 93.9848
9.5442 73.3436
9.5442 73.3436
8.4932 83.6393
9.0189 86.1539
10.9516 95.3908
10.9516 95.3909
11.1222 95.8517
29.9901 79.2317
34.8101 74.985
54.5163 71.1189
65.5145 68.3901
76.8296 69.7237
79.6887 70.4022
83.285 71.2559
85.9334 81.8624
97.0768 84.6334
116.6636 84.3951
96.7482 90.7076
96.7952 90.6201
103.6451 77.8739
112.0393 63.928
111.5812 57.2637
102.9182 67.854
92.7844 67.5893
84.6243 76.7381
69.8392 85.4795
59.1275 121.3646
52.6542 115.1361
51.8306 97.3118
51.18 83.2174
47.1964 80.7089
43.3984 78.3179
39.5538 75.8971
31.0767 57.6176
33.4381 57.3154
44.782 55.8628
60.5326 53.8432
68.4004 52.836
50 50
