OFV: 251.76971691418663
Runtime: 115.1478328704834
Gap: 0
repPt: {0: (50, 50), 1: (28.42525217595449, 51.71683126384986), 2: (25.10173662764835, 67.44074378295556), 3: (34.95502051248935, 83.4632635134893), 4: (43.83656327347342, 89.36691636670281), 5: (72.19778850540686, 71.15791532248404), 6: (94.68720718043879, 92.59355818216308), 7: (55.273230916483406, 23.824703547206397), 8: (33.50733980399026, 18.269954679691434), 9: (21.81637346105424, 82.99075052476526), 10: (26.869140851315006, 59.078209276998294), 11: (31.927925061679904, 35.141441476825975), 12: (34.3124262844138, 25.18308106588975)}
solType: IP_Optimal
lowerBound: 251.76934147752084
upperBound: 251.76971691418663
Path: 
50 50
55.2732 23.8247
33.5073 18.27
34.3124 25.1831
31.9279 35.1414
28.4253 51.7168
26.8691 59.0782
25.1017 67.4407
21.8164 82.9908
34.955 83.4633
43.8366 89.3669
94.6872 92.5936
72.1978 71.1579
50 50
