OFV: 466.9494965950159
Runtime: 4.402808888989966
Gap: -5.986753125186936e-08
repPt: {0: (50, 50), 8: (114.46354574624223, 49.56852573838551), 7: (96.25242847583299, 21.127653559970426), 9: (89.50162003235394, 21.08319492755466), 16: (73.00816280966127, 12.780286809205368), 10: (65.17707316951514, 8.839377540739934), 15: (53.38251570749396, 4.243179212061345), 4: (58.009402020775774, 7.126915743017334), 3: (55.633691151925376, 31.24134740239326), 6: (42.032895798439704, 25.9091043493353), 5: (19.003331162317103, 53.082008363441034), 14: (-0.22139063383718716, 44.96891535175819), 13: (14.128791889419754, 10.830458841018858), 1: (15.353151830934035, 4.462230394983013), 2: (-1.2060931183932766, -21.500002708741917), 12: (-30.250121037880376, 23.66849319040933), 11: (3.276732718328023, 15.782532139255277), 18: (3.9991422177504306, 16.129508052889335), 17: (28.940957225218952, 28.1301808668867)}
solType: IP_Optimal
lowerBound: 466.94952455012947
upperBound: 466.9494965950159
Path: 
50 50
114.4635 49.5685
96.2524 21.1277
89.5016 21.0832
73.0082 12.7803
65.1771 8.8394
53.3825 4.2432
58.0094 7.1269
55.6337 31.2413
42.0329 25.9091
19.0033 53.082
-0.2214 44.9689
14.1288 10.8305
15.3532 4.4622
-1.2061 -21.5
-30.2501 23.6685
3.2767 15.7825
3.9991 16.1295
28.941 28.1302
50 50
