OFV: 315.35235409725846
Runtime: 0.01646915089804679
Gap: None
repPt: {0: (50, 50), 7: (4.485304425403433, 84.87131828983392), 8: (-15.608856435098517, 100.27000901697672), 2: (11.290072770690422, 39.35522216276439), 1: (10.209747094653927, 8.880994849750245), 10: (18.557841729027803, 14.602422127028662), 9: (37.59147821910097, 27.647942267275848), 3: (23.25288614154187, 30.82583971311072), 4: (41.98491491149286, 14.176430199310733), 12: (45.21041024679808, 16.074451682519005), 11: (59.53293715507269, 46.20991164085701), 5: (66.00766178179933, 43.32475614863455), 6: (58.845885563381934, 49.75648197420055)}
lowerBound: 315.35233974890207
upperBound: 315.35235409725846
solType: IP_Optimal
Path: 
50 50
4.4853 84.8713
-15.6089 100.27
11.2901 39.3552
10.2097 8.881
18.5578 14.6024
37.5915 27.6479
23.2529 30.8258
41.9849 14.1764
45.2104 16.0745
59.5329 46.2099
66.0077 43.3248
58.8459 49.7565
50 50
