OFV: 772.5085594359799
Runtime: 64.55731278192252
Gap: None
Path: 
50 50
52.8821 48.3469
57.461 40.5371
63.1459 30.8362
70.5395 18.2205
74.5635 11.3516
101.6653 3.624
89.8789 -16.8103
72.6732 5.7238
69.2839 14.7286
77.0501 22.3856
81.7756 27.0412
90.3872 30.6757
98.1698 33.9596
117.4083 32.2285
104.8486 41.1239
94.2548 48.6262
93.5053 53.5437
90.9212 70.4836
87.17 95.0491
83.3484 120.0875
77.971 117.5618
72.2557 85.036
71.6616 78.6472
69.2421 52.6588
71.8623 46.405
46.3139 52.0697
46.5254 47.2037
47.0823 34.3117
47.2785 29.7971
48.3855 4.0107
15.3843 -2.147
9.8703 24.3961
19.2843 25.5965
31.0371 27.0986
38.1321 32.8345
35.2795 34.2271
33.3773 44.5329
39.1973 49.1
44.8341 44.6701
36.3737 61.4935
31.8879 68.268
24.4659 67.4151
10.5999 65.8258
16.026 65.2599
16.2796 66.1068
21.3492 83.0798
21.3492 83.0798
5.0651 68.4057
12.7473 76.653
11.7225 85.2971
11.1445 90.1573
37.6434 99.4924
42.3558 95.3245
44.404 84.6239
57.7123 78.8462
55.2577 76.1352
54.4312 72.1504
52.6364 63.4792
51.1449 56.2783
49.9808 50.6617
50 50
