OFV: 327.4488554804432
Runtime: 0.03182717098388821
Gap: None
repPt: {0: (50, 50), 1: (37.34596501088809, 49.95106219809756), 2: (47.72439581614275, 42.10548439061758), 11: (55.016241486639785, 16.41968291178518), 12: (59.212475226720926, 1.6419065963124575), 9: (55.0399911336284, 37.027093625459905), 10: (23.03180477550402, 45.28817688525496), 8: (6.928842273860591, 57.96322335018174), 7: (5.603504463514833, 35.753016967648044), 4: (14.126360778895009, 32.701303016793965), 3: (30.595656397044568, 63.23165306904923), 13: (30.91356041759874, 63.81759568940469), 14: (32.436366439910614, 91.09699944494179), 5: (65.704222935573, 90.33533889441313), 6: (57.75764622589136, 69.92037820151397)}
lowerBound: 327.44883801261426
upperBound: 327.4488554804432
solType: IP_Optimal
Path: 
50 50
37.346 49.9511
47.7244 42.1055
55.0162 16.4197
59.2125 1.6419
55.04 37.0271
23.0318 45.2882
6.9288 57.9632
5.6035 35.753
14.1264 32.7013
30.5957 63.2317
30.9136 63.8176
32.4364 91.097
65.7042 90.3353
57.7576 69.9204
50 50
