OFV: 335.83523062739914
Runtime: 0.01391683891415596
Gap: None
repPt: {0: (50, 50), 14: (49.573063869577304, 50.22590294237401), 13: (26.27169599820656, 62.53220111200316), 2: (31.127444360878034, 61.05083266359777), 1: (20.783927626639485, 71.72712254778878), 9: (11.8528966189136, 78.91069637146086), 10: (25.895884189640427, 96.9533403128836), 4: (46.15006881754264, 91.34272931690697), 3: (70.06033494781671, 79.95525430077919), 6: (106.29870879753088, 41.0286157787516), 5: (93.46323210668326, 11.772231310135925), 11: (57.2613900781487, 6.575339372292284), 12: (31.246297916659863, 2.839873373417258), 7: (26.839721189648262, 30.108928024076835), 8: (42.03037809216373, 47.87680159968409)}
lowerBound: 335.8352087890476
upperBound: 335.83523062739914
solType: IP_Optimal
Path: 
50 50
49.5731 50.2259
26.2717 62.5322
31.1274 61.0508
20.7839 71.7271
11.8529 78.9107
25.8959 96.9533
46.1501 91.3427
70.0603 79.9553
106.2987 41.0286
93.4632 11.7722
57.2614 6.5753
31.2463 2.8399
26.8397 30.1089
42.0304 47.8768
50 50
