OFV: 393.3797534995424
Runtime: 81.7944933869876
Gap: -8.771386430782855e-08
repPt: {0: (50, 50), 10: (53.05126154687069, 46.55436372242897), 9: (39.47827648445855, 20.648895826403994), 6: (42.57284288107185, 11.45905135651358), 5: (64.43135131982075, 14.567952727396209), 15: (82.85548946982617, 17.188649885187097), 16: (92.72583559604509, 42.39847857375267), 1: (97.88835491450381, 55.589604622958255), 2: (115.71154745393048, 62.06511066782572), 11: (93.22786777747486, 93.37879318391472), 12: (73.44353721815735, 105.54711616876607), 3: (65.73754412150362, 90.9743970525601), 4: (40.75573017148351, 84.29532978119329), 18: (22.54338051729622, 90.60349648135691), 17: (9.93570324717316, 60.79229945438758), 7: (9.083308196098505, 35.998765269975316), 8: (8.582089531809014, 21.386526703873592), 14: (29.208412485145896, 29.15947745256268), 13: (42.46188779072129, 34.152700541168834)}
solType: IP_Optimal
lowerBound: 393.3797880044007
upperBound: 393.3797534995424
Path: 
50 50
53.0513 46.5544
39.4783 20.6489
42.5728 11.4591
64.4314 14.568
82.8555 17.1886
92.7258 42.3985
97.8884 55.5896
115.7115 62.0651
93.2279 93.3788
73.4435 105.5471
65.7375 90.9744
40.7557 84.2953
22.5434 90.6035
9.9357 60.7923
9.0833 35.9988
8.5821 21.3865
29.2084 29.1595
42.4619 34.1527
50 50
