OFV: 712.2669460307127
Runtime: 289.0595021250192
Gap: None
Path: 
50 50
61.4436 44.8816
66.5942 42.9794
79.3561 39.6698
91.8116 48.9448
92.3011 50.0748
89.9372 55.04
88.2596 58.5626
79.6586 70.7444
79.6586 70.7445
68.7463 67.0882
58.6358 75.2927
65.3146 76.9777
78.9392 86.3473
69.55 86.1351
84.1023 89.3381
85.6853 89.6869
89.6406 90.558
102.7649 93.4472
97.5147 84.2206
112.9161 81.7157
109.2905 75.0275
105.3021 67.6693
101.5709 56.9814
97.355 51.6893
94.2715 47.8192
93.7876 47.2119
89.5458 46.6985
74.0463 49.2403
92.0653 31.6248
97.2668 26.5372
115.2834 22.3337
121.4871 27.2077
114.2623 42.4901
112.5777 44.2
102.3366 33.9373
95.8031 31.3052
93.8192 30.5059
92.1291 29.8251
84.3204 26.6806
71.1997 34.4007
71.1997 34.4007
71.8775 26.9591
73.0073 14.5812
73.0063 11.3822
76.5868 7.5873
80.2979 6.3239
82.8872 5.4421
88.8928 3.3976
97.7332 0.3877
97.7332 0.3877
96.4868 -3.2983
93.3624 -12.5462
73.7714 -4.7402
57.8915 1.5873
44.9227 2.6847
39.1372 5.2189
37.2928 6.8159
30.9556 12.3075
26.8293 19.162
25.0286 22.1535
18.9419 32.2632
17.8374 35.4652
13.8018 47.1668
11.8226 52.9047
8.373 61.8984
5.3539 69.7711
17.5891 63.359
21.9819 48.4384
14.0833 47.1829
26.1046 46.9453
33.5652 45.3706
42.4864 43.4872
42.1213 33.1654
41.66 20.1298
50.2851 23.1159
51.4445 23.5174
54.9034 24.7152
61.7059 32.4128
61.7059 32.4128
50.292 52.5398
50 50
