OFV: 420.49200559704974
Runtime: 46.506567004020326
Gap: 1.2499928622212356e-07
repPt: {0: (50, 50), 8: (41.16429302936365, 44.26013244525723), 7: (40.333094449531075, 10.810513347754434), 13: (43.065152865008145, 10.39337931615479), 14: (29.045591855356143, -4.206475794588566), 1: (1.9759863607565802, 18.77387088756176), 2: (-13.968816501873597, 27.41385549339501), 10: (-0.796961471085417, 91.91532063051177), 9: (10.069751305559562, 87.7473664452612), 5: (47.637199168592566, 72.59319956006723), 6: (57.89273100526947, 49.87524912187084), 3: (81.77838539703946, 51.22376875320624), 4: (85.74073347725079, 68.37985073242825), 12: (123.46218196668995, 72.91389207899735), 11: (96.55640893284627, 67.56610704602474), 15: (84.30519313317096, 65.13194185816789), 16: (57.805701052522664, 53.44309246622992)}
solType: IP_Optimal
lowerBound: 420.4919530358492
upperBound: 420.49200559704974
Path: 
50 50
41.1643 44.2601
40.3331 10.8105
43.0652 10.3934
29.0456 -4.2065
1.976 18.7739
-13.9688 27.4139
-0.797 91.9153
10.0698 87.7474
47.6372 72.5932
57.8927 49.8752
81.7784 51.2238
85.7407 68.3799
123.4622 72.9139
96.5564 67.5661
84.3052 65.1319
57.8057 53.4431
50 50
