OFV: 290.5385188935941
Runtime: 74.2790629863739
Gap: 0
repPt: {0: (50, 50), 1: (24.91759004722763, 49.94507835223614), 2: (21.723079935730105, 66.88577767749722), 3: (35.946602732781784, 79.56941942450293), 4: (43.17538719403556, 93.4469328622705), 5: (73.17626567519471, 71.2459844130463), 6: (98.31249326430823, 94.29103356845121), 7: (58.5902477677406, 21.579596700181945), 8: (31.349089393844896, 14.732615204958574), 9: (18.29558150556957, 85.05998595120359), 10: (23.221830195458768, 58.93499785571385), 11: (27.725030904679432, 35.05230661737326), 12: (38.321492408140685, 25.241530932633147)}
solType: IP_Optimal
lowerBound: 290.5383295488067
upperBound: 290.5385188935941
Path: 
50 50
58.5902 21.5796
31.3491 14.7326
38.3215 25.2415
27.725 35.0523
24.9176 49.9451
23.2218 58.935
21.7231 66.8858
18.2956 85.06
35.9466 79.5694
43.1754 93.4469
98.3125 94.291
73.1763 71.246
50 50
