OFV: 406.64950486392274
Runtime: 0.03618389298208058
Gap: None
repPt: {0: (50, 50), 6: (45.51947605827516, 34.59373019626169), 5: (58.44648717727391, 17.31978098163989), 18: (57.14272048833572, 13.954661628934664), 17: (63.07635675132113, 6.499197260113775), 3: (63.07635559567972, 6.499196849518558), 4: (61.21572542120652, 19.62454843051894), 7: (59.71845400819572, 30.17988998085034), 8: (88.68165119862424, 41.535348792787104), 9: (89.06678762870317, 86.68550029965242), 10: (81.57815271546639, 108.14256164084816), 14: (34.475457289773836, 108.76506133008483), 13: (20.740240450801743, 95.11760003798251), 1: (11.899171888359612, 60.56071175956537), 2: (2.782699734429915, 24.927398183662024), 12: (-7.714990904878022, 24.110133891491866), 11: (2.9609459271567644, 35.97468056005063), 16: (27.494903945268717, 22.835363285484263), 15: (39.597888798476774, 49.55611096062203)}
lowerBound: 406.64944735239135
upperBound: 406.64950486392274
solType: IP_Optimal
Path: 
50 50
45.5195 34.5937
58.4465 17.3198
57.1427 13.9547
63.0764 6.4992
63.0764 6.4992
61.2157 19.6245
59.7185 30.1799
88.6817 41.5353
89.0668 86.6855
81.5782 108.1426
34.4755 108.7651
20.7402 95.1176
11.8992 60.5607
2.7827 24.9274
-7.715 24.1101
2.9609 35.9747
27.4949 22.8354
39.5979 49.5561
50 50
