OFV: 337.06247018560157
Runtime: 3.566422563046217
Gap: 5.6431525456403695e-08
repPt: {0: (50, 50), 8: (102.18681868366404, 95.9199023707878), 7: (86.40711371274395, 93.37409822128392), 10: (65.849216839329, 81.47869049949838), 9: (48.012368624044115, 73.73361729317689), 12: (39.18164760032561, 69.89906547682004), 11: (13.976158746406712, 58.95391194482058), 14: (-15.309765452841187, 60.67235315933773), 13: (5.869900645676398, 36.15644611334991), 5: (33.95528102435859, 29.189118359457787), 6: (69.74660882980483, 31.7998303167812), 1: (66.53561645910999, 37.31819459229794), 2: (68.10648993609772, 51.30624134689236), 4: (68.10648561787652, 51.30624629737258), 3: (58.81780548511584, 42.598875288451694)}
solType: IP_Optimal
lowerBound: 337.0624511646522
upperBound: 337.06247018560157
Path: 
50 50
102.1868 95.9199
86.4071 93.3741
65.8492 81.4787
48.0124 73.7336
39.1816 69.8991
13.9762 58.9539
-15.3098 60.6724
5.8699 36.1564
33.9553 29.1891
69.7466 31.7998
66.5356 37.3182
68.1065 51.3062
68.1065 51.3062
58.8178 42.5989
50 50
