OFV: 225.75336666960263
Runtime: 1.8614811759907752
Gap: 3.203179891739434e-08
repPt: {0: (50, 50), 9: (48.66143938023941, 42.80199416718717), 10: (28.628456498550424, 22.270050643553354), 7: (31.0543140210715, 61.01761416056119), 8: (47.37592248832656, 68.9652568608412), 2: (64.4702624347911, 74.5581396243353), 1: (90.92971939822269, 83.21776962924034), 3: (86.67740089019675, 58.64330998213275), 4: (84.49582554886757, 46.035675995277686), 5: (73.38948659092465, 56.30122120264757), 6: (55.32831299927066, 41.03091257236637)}
solType: IP_Optimal
lowerBound: 225.75335943831618
upperBound: 225.75336666960263
Path: 
50 50
48.6614 42.802
28.6285 22.2701
31.0543 61.0176
47.3759 68.9653
64.4703 74.5581
90.9297 83.2178
86.6774 58.6433
84.4958 46.0357
73.3895 56.3012
55.3283 41.0309
50 50
