OFV: 279.823900431131
Runtime: 62.042917013168335
Gap: 0
repPt: {0: (50, 50), 1: (52.00597065427818, 48.09775769296995), 2: (68.26868695118644, 54.10722555469756), 3: (60.43127488441005, 61.62394217904453), 4: (26.030405270394986, 72.4909740160245), 5: (24.508842047281863, 5.386425531195737), 6: (21.065087366036522, 19.962791002221827), 7: (61.724128182719596, 62.618018693462936), 8: (86.63080955210232, 49.48848205210747), 9: (2.184487380223575, 82.59229303912711), 10: (-4.801735804338589, 69.26824598975483), 11: (38.59904844709216, 24.14108285813678), 12: (18.797959909466893, 19.316357496732046)}
solType: IP_Optimal
lowerBound: 279.8200943129045
upperBound: 279.823900431131
Path: 
50 50
52.006 48.0978
68.2687 54.1072
86.6308 49.4885
61.7241 62.618
60.4313 61.6239
26.0304 72.491
2.1845 82.5923
-4.8017 69.2682
24.5088 5.3864
18.798 19.3164
21.0651 19.9628
38.599 24.1411
50 50
