OFV: 316.57159720119694
Runtime: 12.420732687984128
Gap: -3.737017290652306e-09
repPt: {0: (50, 50), 9: (50.92211952128945, 54.59895518708697), 10: (53.003763150233794, 64.9723385231427), 4: (59.046358343398836, 53.52171656080955), 3: (67.2248336903657, 38.031745757202245), 11: (67.22483757053742, 38.03176376396692), 12: (93.89744241975913, 39.19659120315962), 7: (89.82227506693826, 55.76101890595204), 8: (90.18320434671931, 40.08422944034119), 1: (94.07592507974411, 6.491448816089895), 2: (97.74526423015013, -25.171860133963097), 6: (18.798179735514648, -6.560404538239639), 5: (24.571195100308753, 3.9061305195650053)}
solType: IP_Optimal
lowerBound: 316.57159838423047
upperBound: 316.57159720119694
Path: 
50 50
50.9221 54.599
53.0038 64.9723
59.0464 53.5217
67.2248 38.0317
67.2248 38.0318
93.8974 39.1966
89.8223 55.761
90.1832 40.0842
94.0759 6.4914
97.7453 -25.1719
18.7982 -6.5604
24.5712 3.9061
50 50
