OFV: 370.3452677595411
Runtime: 2.9377404960105196
Gap: 6.614870370485049e-09
repPt: {0: (50, 50), 1: (37.564537329001595, 40.87777065483299), 2: (27.113319750892998, 53.40940617285846), 16: (21.652801499452558, 60.07181415885089), 15: (36.22809305095196, 63.8679341963733), 7: (47.99276791210399, 73.68402986553195), 8: (52.913086636908176, 104.28268070354343), 4: (-3.9821706517720994, 110.56888397784665), 3: (9.832546579480947, 87.04189766170035), 9: (14.90840752379981, 68.07555294017224), 10: (10.895961802707951, 32.35559752074601), 14: (15.510547479092681, 11.313471577647512), 13: (36.95894513467138, 2.1687516317444926), 6: (56.593273847221724, -7.311602344441056), 11: (62.97431732293836, 9.369422907551966), 5: (64.70121376309336, 13.885350898447054), 12: (57.838122779699056, 35.42866476338621)}
solType: IP_Optimal
lowerBound: 370.3452653097552
upperBound: 370.3452677595411
Path: 
50 50
37.5645 40.8778
27.1133 53.4094
21.6528 60.0718
36.2281 63.8679
47.9928 73.684
52.9131 104.2827
-3.9822 110.5689
9.8325 87.0419
14.9084 68.0756
10.896 32.3556
15.5105 11.3135
36.9589 2.1688
56.5933 -7.3116
62.9743 9.3694
64.7012 13.8854
57.8381 35.4287
50 50
