OFV: 420.3303175701053
Runtime: 20.201995366020128
Gap: -1.1400656935196763e-07
repPt: {0: (50, 50), 6: (42.48278309369573, 8.987651445195498), 5: (64.29885321453116, 12.401502661153447), 15: (83.9168973696297, 15.471112801721148), 16: (92.59233007832708, 44.263763215061985), 1: (96.41286329019148, 56.945902495373915), 2: (117.73519309463344, 61.79990255843487), 11: (94.59222604502207, 94.84116194756324), 12: (73.28788835310702, 107.5935042364404), 3: (66.71070308684214, 89.17596758682683), 4: (41.023102417454226, 82.27256680965735), 18: (21.393280463975483, 92.29544275440468), 17: (7.991386156493618, 61.26348904382721), 7: (7.7289642687147415, 35.890378823288565), 8: (7.562303266933859, 19.652511850753662), 14: (28.826384534915068, 25.36000006429352), 9: (30.68042790525676, 25.857160030264247), 13: (44.021327006259085, 32.85954290179123), 10: (55.059105963117176, 46.63341877158733)}
solType: IP_Optimal
lowerBound: 420.3303654905228
upperBound: 420.3303175701053
Path: 
50 50
42.4828 8.9877
64.2989 12.4015
83.9169 15.4711
92.5923 44.2638
96.4129 56.9459
117.7352 61.7999
94.5922 94.8412
73.2879 107.5935
66.7107 89.176
41.0231 82.2726
21.3933 92.2954
7.9914 61.2635
7.729 35.8904
7.5623 19.6525
28.8264 25.36
30.6804 25.8572
44.0213 32.8595
55.0591 46.6334
50 50
