OFV: 246.77452528978705
Runtime: 120.2908247949963
Gap: -1.0784851672023846e-07
repPt: {0: (50, 50), 9: (24.320823574819215, 47.43389228699159), 10: (34.396753596836696, 68.70956512165904), 14: (50.707465589766414, 74.52297692240157), 13: (58.05091693231809, 80.34899994022362), 7: (65.11329303178677, 85.95030677566432), 8: (73.21641632737978, 56.10434437333557), 3: (79.93590624170169, 48.89813951910543), 4: (90.36071474018857, 37.72002823937101), 1: (63.12586228662636, 20.777001060631317), 11: (50.48303967651422, 14.16174032177962), 2: (43.44504119807705, 10.477265300895741), 12: (37.97981802926337, 7.615397271508444), 6: (37.73342176672947, 24.681963223383402), 5: (45.92651236446459, 41.59683993369397)}
solType: IP_Optimal
lowerBound: 246.77455190405357
upperBound: 246.77452528978705
Path: 
50 50
24.3208 47.4339
34.3968 68.7096
50.7075 74.523
58.0509 80.349
65.1133 85.9503
73.2164 56.1043
79.9359 48.8981
90.3607 37.72
63.1259 20.777
50.483 14.1617
43.445 10.4773
37.9798 7.6154
37.7334 24.682
45.9265 41.5968
50 50
