OFV: 315.35231161040053
Runtime: 2.223603363003349
Gap: 6.927165584535184e-08
repPt: {0: (50, 50), 7: (47.454870776015866, 24.53886617742787), 8: (19.764496269793845, 12.378307456878117), 10: (10.631330470532, 31.98772359812012), 9: (7.733223590813966, 65.95505712244477), 2: (7.263592808173944, 71.45888023614573), 1: (37.77511432127014, 86.78895230784107), 11: (92.63197538269377, 98.92361638536008), 12: (107.14990344415288, 102.13491021708991), 4: (71.74358185876724, 64.68870017174316), 3: (64.37796738822296, 56.89851154932024), 5: (58.71562563138689, 62.32923831835434), 6: (47.88606666143086, 61.953812904193654)}
solType: IP_Optimal
lowerBound: 315.35228976542373
upperBound: 315.35231161040053
Path: 
50 50
47.4549 24.5389
19.7645 12.3783
10.6313 31.9877
7.7332 65.9551
7.2636 71.4589
37.7751 86.789
92.632 98.9236
107.1499 102.1349
71.7436 64.6887
64.378 56.8985
58.7156 62.3292
47.8861 61.9538
50 50
