OFV: 302.4624696688174
Runtime: 63.38379907608032
Gap: 0
repPt: {0: (50, 50), 1: (80.99024875689295, 28.991661255333696), 2: (97.8653063967457, 21.836374050247283), 3: (68.9431829351121, 53.7549527459549), 4: (65.5985562348401, 75.13527889773545), 5: (8.689022811320468, 65.47584394804774), 6: (6.270017998586613, 33.80429918101334), 7: (31.425736767809518, 27.245702874012018), 8: (48.73184043244245, 48.86347090691555), 9: (35.50154747084779, 77.56920894193283), 10: (10.720219645614707, 92.07093908212536), 11: (86.87164265293877, 47.7868190664476), 12: (76.04738966010949, 43.48592339101651)}
solType: IP_Optimal
lowerBound: 302.4620868287327
upperBound: 302.4624696688174
Path: 
50 50
80.9902 28.9917
97.8653 21.8364
86.8716 47.7868
76.0474 43.4859
68.9432 53.755
65.5986 75.1353
35.5015 77.5692
10.7202 92.0709
8.689 65.4758
6.27 33.8043
31.4257 27.2457
48.7318 48.8635
50 50
