OFV: 1379.5157145988755
Runtime: 0.9223615750670433
Gap: None
repPt: {0: (50, 50), 4: (49.71636090569759, 49.9197314340731), 3: (26.339057699718154, 43.30334764735248), 24: (26.253947532243295, 42.780783774531535), 23: (21.53287922117747, 13.799819820725032), 17: (20.91148571942975, 18.223469493300428), 18: (49.348556186474184, 30.317324848963825), 12: (49.34855382349488, 30.317320913992766), 11: (43.59854942318438, 15.580796523863), 10: (46.22947493748601, 14.271829034546938), 9: (14.16813582955563, 18.40000562977221), 61: (12.099056912937538, 16.840624584204953), 62: (27.261865338606466, 34.106106188318435), 59: (26.07530875367704, 37.76296407583532), 60: (32.52902041536194, 19.99758138857296), 29: (39.73448609959344, 18.727564502342478), 30: (67.64966387390248, 6.566108966391326), 44: (89.99429149651924, 9.033433057091543), 43: (90.58519396389876, 29.602313927261665), 79: (90.78691822596657, 30.776967921524125), 80: (93.50112871421562, 46.58228615495927), 41: (93.03899798309888, 50.576116815794805), 42: (104.54279202409721, 58.70489700658345), 13: (102.3685818917815, 61.76696241296281), 14: (122.90017191211595, 77.82252021907807), 16: (107.31926408826034, 76.71327349495857), 15: (94.11156048883198, 75.77293310316674), 54: (94.16409488878224, 72.45110430561496), 53: (72.70637675396665, 65.61581134628007), 39: (70.1603244139541, 64.8047343515851), 40: (81.34404038102355, 68.31841965069127), 98: (79.33647040675574, 70.9918027336556), 97: (74.97659055213572, 41.75964393946483), 88: (82.06222509108834, 50.926843503668906), 87: (58.74005073108614, 56.933505382913566), 34: (62.12886734713734, 55.48482442377556), 33: (47.48969780336886, 43.60600282810177), 48: (47.489697655134364, 43.606003540476955), 47: (42.47058121562946, 33.48086771881368), 94: (41.08025569804654, 33.537439220567194), 93: (14.923115904409133, 34.60180809856291), 22: (15.403690047716491, 32.648750360829176), 21: (5.585339124315965, 4.937517770879312), 65: (15.723976241636356, 1.7341870627482532), 66: (25.717583446753764, -5.816157303418137), 55: (22.863828440332007, 4.620138398070902), 56: (37.04004044969996, 9.762523405049738), 51: (37.33797171206135, 10.037683580775134), 52: (63.04442326585295, 33.7803905636641), 50: (57.490168116742915, 34.46489104922585), 49: (31.58836647038132, 47.946229936741844), 31: (34.69551106813075, 41.49847922051571), 32: (44.29526726992617, 58.550018510996765), 5: (44.28885422745171, 59.41711269366353), 6: (44.06965121788105, 89.19145210082552), 28: (40.37688709839977, 88.90774470777245), 27: (23.62213792111373, 87.6205024499584), 85: (16.1698474886964, 94.87572898533641), 86: (40.28915517155272, 107.68503708743391), 82: (36.52684254132873, 126.5124617152625), 81: (25.684696545996903, 99.33500719701172), 76: (24.453053159813344, 98.07290500865922), 75: (11.498463937678297, 84.79795373542832), 63: (8.09822271548322, 78.79675006847255), 64: (15.856825140607109, 62.5965815456346), 90: (19.380602697528214, 72.21666572628818), 89: (9.250185373302841, 49.138904299169965), 77: (6.048092761668413, 41.844348068843175), 78: (6.650000813924434, 27.19224843168167), 67: (6.649999261578101, 27.192248354095092), 68: (11.976384214163456, 43.159234680528996), 57: (14.542564306035384, 43.42375760220027), 58: (36.24235982461808, 64.14381254680661), 2: (37.50050202892087, 65.34511902431457), 1: (19.471310098744294, 81.34011468821714), 69: (21.687752210344616, 79.48022024757417), 70: (33.41466513972671, 73.1197885155998), 25: (33.8236940629376, 69.58160235348599), 26: (52.32303155013367, 84.78289778284417), 19: (51.63385028903025, 83.0817865457879), 20: (56.827430898565666, 111.88877320214745), 96: (64.2983519113007, 112.5758336673284), 95: (60.81677730576292, 99.9872818933094), 35: (60.01324555070229, 97.08220254517146), 36: (82.13079265248768, 96.44609763563645), 37: (72.02717324830992, 85.65293142389316), 38: (85.56257766515475, 112.00065273170581), 74: (92.21992366256562, 100.27253578414327), 73: (95.59927722558218, 87.26993030550497), 72: (96.01293457170358, 85.678280662419), 71: (83.41483054848557, 58.92349342511784), 91: (84.01325717822291, 59.141856654609455), 92: (87.04488094141941, 75.14989750014038), 8: (88.11499077226078, 73.41522356566178), 7: (60.51566501117497, 66.1752792501486), 83: (52.27039310020234, 66.17226340649529), 84: (65.75701674924466, 75.1968658213767), 46: (67.71221859188674, 77.70415815751979), 45: (65.35933223019613, 48.306744595802705), 100: (68.6201401570983, 52.6688817188136), 99: (51.50062922579571, 50.215126391840776)}
lowerBound: 1379.5156921748824
upperBound: 1379.5157145988755
solType: IP_Optimal
Path: 
50 50
49.7164 49.9197
26.3391 43.3033
26.2539 42.7808
21.5329 13.7998
20.9115 18.2235
49.3486 30.3173
49.3486 30.3173
43.5985 15.5808
46.2295 14.2718
14.1681 18.4
12.0991 16.8406
27.2619 34.1061
26.0753 37.763
32.529 19.9976
39.7345 18.7276
67.6497 6.5661
89.9943 9.0334
90.5852 29.6023
90.7869 30.777
93.5011 46.5823
93.039 50.5761
104.5428 58.7049
102.3686 61.767
122.9002 77.8225
107.3193 76.7133
94.1116 75.7729
94.1641 72.4511
72.7064 65.6158
70.1603 64.8047
81.344 68.3184
79.3365 70.9918
74.9766 41.7596
82.0622 50.9268
58.7401 56.9335
62.1289 55.4848
47.4897 43.606
47.4897 43.606
42.4706 33.4809
41.0803 33.5374
14.9231 34.6018
15.4037 32.6488
5.5853 4.9375
15.724 1.7342
25.7176 -5.8162
22.8638 4.6201
37.04 9.7625
37.338 10.0377
63.0444 33.7804
57.4902 34.4649
31.5884 47.9462
34.6955 41.4985
44.2953 58.55
44.2889 59.4171
44.0697 89.1915
40.3769 88.9077
23.6221 87.6205
16.1698 94.8757
40.2892 107.685
36.5268 126.5125
25.6847 99.335
24.4531 98.0729
11.4985 84.798
8.0982 78.7968
15.8568 62.5966
19.3806 72.2167
9.2502 49.1389
6.0481 41.8443
6.65 27.1922
6.65 27.1922
11.9764 43.1592
14.5426 43.4238
36.2424 64.1438
37.5005 65.3451
19.4713 81.3401
21.6878 79.4802
33.4147 73.1198
33.8237 69.5816
52.323 84.7829
51.6339 83.0818
56.8274 111.8888
64.2984 112.5758
60.8168 99.9873
60.0132 97.0822
82.1308 96.4461
72.0272 85.6529
85.5626 112.0007
92.2199 100.2725
95.5993 87.2699
96.0129 85.6783
83.4148 58.9235
84.0133 59.1419
87.0449 75.1499
88.115 73.4152
60.5157 66.1753
52.2704 66.1723
65.757 75.1969
67.7122 77.7042
65.3593 48.3067
68.6201 52.6689
51.5006 50.2151
50 50
