OFV: 314.2768111779547
Runtime: 123.56450200080872
Gap: 0
repPt: {0: (50, 50), 1: (95.57387515673263, 8.6249947120169), 2: (97.86699065418307, -25.065974315301624), 3: (72.72565291730025, 36.44026856209497), 4: (66.67956727531752, 52.421014894263834), 5: (25.73581471960517, 6.021700021234091), 6: (18.7963821508948, -6.55635832603415), 7: (82.96453423659278, 58.98917129995563), 8: (80.1356974079088, 45.89365129074901), 9: (50.96953307016171, 52.84942670198981), 10: (55.362773392787616, 65.76063866983314), 11: (68.67255193228658, 45.208632316332256), 12: (94.08058166544768, 30.569434624474585)}
solType: IP_Optimal
lowerBound: 314.27644918457435
upperBound: 314.2768111779547
Path: 
50 50
25.7358 6.0217
18.7964 -6.5564
97.867 -25.066
95.5739 8.625
94.0806 30.5694
72.7257 36.4403
68.6726 45.2086
66.6796 52.421
80.1357 45.8937
82.9645 58.9892
55.3628 65.7606
50.9695 52.8494
50 50
