OFV: 363.3093084552207
Runtime: 2125.440680638014
Gap: 9.891879459060914e-08
repPt: {0: (50, 50), 10: (37.379913888378056, 58.33477739821528), 9: (20.127546379069788, 69.4442261286999), 4: (38.093123325471595, 98.51875183067095), 3: (16.470636506225492, 82.09496371022267), 13: (15.80773344362207, 71.44263300587355), 14: (15.058522274552546, 59.38385190856582), 18: (13.871888520390518, 40.29355497826042), 17: (12.466717579316295, 17.694917702381854), 12: (12.510373181189905, 20.820508868318218), 11: (4.1958218038279655, 10.600902605741087), 19: (4.601620598136547, 15.85430844795198), 20: (-10.101208212230503, 9.069862890170029), 1: (1.3080956837250435, 3.281008028100855), 2: (1.0484210775325131, -14.550931583553144), 16: (26.08519388161664, -15.189426002023621), 15: (41.03660939992387, 10.545762194184164), 8: (69.87570816542419, 5.344440424163642), 7: (63.767803404902416, 22.81962664195127), 5: (62.87429323308605, 25.376877593743117), 6: (58.20166585970274, 38.7472091627838)}
solType: IP_Optimal
lowerBound: 363.3092725171018
upperBound: 363.3093084552207
Path: 
50 50
37.3799 58.3348
20.1275 69.4442
38.0931 98.5188
16.4706 82.095
15.8077 71.4426
15.0585 59.3839
13.8719 40.2936
12.4667 17.6949
12.5104 20.8205
4.1958 10.6009
4.6016 15.8543
-10.1012 9.0699
1.3081 3.281
1.0484 -14.5509
26.0852 -15.1894
41.0366 10.5458
69.8757 5.3444
63.7678 22.8196
62.8743 25.3769
58.2017 38.7472
50 50
