OFV: 279.82065332217496
Runtime: 2.261262508982327
Gap: 1.4622819162983502e-08
repPt: {0: (50, 50), 1: (52.00605105470366, 48.09774130883633), 2: (68.26937567621606, 54.10726137811314), 8: (86.63086766203885, 49.48863455210649), 7: (61.72542874051278, 62.61813108051547), 3: (60.43140233901259, 61.62397673714745), 4: (26.029618353310415, 72.4913087766626), 9: (2.1846029179472586, 82.59233377647911), 10: (-4.801748752305316, 69.26774577919853), 6: (16.250747904559454, 23.368101661662955), 5: (24.50026214146205, 5.38269113899213), 12: (18.76158423323308, 19.242950201777692), 11: (38.584603209817026, 24.128998804851545)}
solType: IP_Optimal
lowerBound: 279.82064923040815
upperBound: 279.82065332217496
Path: 
50 50
52.0061 48.0977
68.2694 54.1073
86.6309 49.4886
61.7254 62.6181
60.4314 61.624
26.0296 72.4913
2.1846 82.5923
-4.8017 69.2677
16.2507 23.3681
24.5003 5.3827
18.7616 19.243
38.5846 24.129
50 50
