OFV: 427.45633171584547
Runtime: 3602.1393093249644
Gap: 0.1537859018044899
repPt: {0: (50, 50), 5: (48.23159714875584, 92.88020551868055), 6: (65.15675784495157, 117.80175281803217), 4: (82.0581679245478, 95.1608758842776), 3: (84.02174405153151, 83.18927610083992), 8: (80.54766214691199, 85.04004010664029), 7: (70.53879616162556, 76.54794447239658), 12: (61.55102874742001, 67.59401035481525), 11: (33.234574526200966, 66.04527618019215), 17: (29.79778367627851, 61.360161562647335), 18: (26.64014264700646, 57.056981104080826), 1: (26.6401448759406, 57.056981490794755), 2: (11.039485013406772, 50.19560512207965), 20: (14.011068613970934, -22.092504272307387), 19: (32.84552943183805, -0.35571459529206967), 10: (46.978822130164005, 15.956852140432085), 9: (59.717810914281195, 11.827854851612992), 15: (60.47404519370918, 11.58274184290432), 16: (88.62650054846871, 2.4581227240172265), 14: (69.55486067280715, 25.932015400552228), 13: (59.509249486268416, 38.29614669988908)}
solType: IP_TimeLimit
lowerBound: 361.719574260885
upperBound: 427.45633171584547
Path: 
50 50
48.2316 92.8802
65.1568 117.8018
82.0582 95.1609
84.0217 83.1893
80.5477 85.04
70.5388 76.5479
61.551 67.594
33.2346 66.0453
29.7978 61.3602
26.6401 57.057
26.6401 57.057
11.0395 50.1956
14.0111 -22.0925
32.8455 -0.3557
46.9788 15.9569
59.7178 11.8279
60.474 11.5827
88.6265 2.4581
69.5549 25.932
59.5092 38.2961
50 50
