OFV: 370.4601667463425
Runtime: 0.07157257595099509
Gap: None
repPt: {0: (50, 50), 16: (-2.661427007192078, 68.59941257453083), 15: (11.855116007037175, 95.1057202905242), 10: (15.374338493258287, 101.53100366181299), 9: (35.413911887532834, 95.64545314109832), 19: (38.03080268759199, 94.87681979268116), 20: (63.89712562953739, 107.3230835872476), 8: (63.843666456282556, 105.29317190145824), 7: (63.488349803935016, 91.71626314453826), 6: (63.34967064081101, 86.4477650953126), 5: (76.94637179474606, 86.25442295615467), 3: (77.18990278109108, 86.25095199452902), 4: (70.0899677247525, 65.03624748534011), 14: (70.69725220009728, 64.28179234769256), 13: (68.65784746018662, 42.434156635310025), 12: (69.79512560450475, 48.63501055163859), 11: (91.7108957452845, 40.79041223945676), 17: (71.4019389831963, 35.98838471925291), 18: (59.007616939956954, 18.642541448678443), 2: (46.74266730881311, 1.4777776025991525), 1: (40.91769192736462, 7.367896127599278)}
lowerBound: 370.46010752970943
upperBound: 370.4601667463425
solType: IP_Optimal
Path: 
50 50
-2.6614 68.5994
11.8551 95.1057
15.3743 101.531
35.4139 95.6455
38.0308 94.8768
63.8971 107.3231
63.8437 105.2932
63.4883 91.7163
63.3497 86.4478
76.9464 86.2544
77.1899 86.251
70.09 65.0362
70.6973 64.2818
68.6578 42.4342
69.7951 48.635
91.7109 40.7904
71.4019 35.9884
59.0076 18.6425
46.7427 1.4778
40.9177 7.3679
50 50
