OFV: 1097.3664703225108
Runtime: 550.9863746589981
Gap: None
repPt: {0: (50, 50), 28: (52.91403755736295, 43.48304062919883), 27: (46.84371111958196, 49.2608974353008), 83: (46.7256481630196, 49.37327733987026), 84: (57.00001405016755, 47.2129537447605), 29: (56.99998694639759, 47.212952201954515), 30: (65.19196957095826, 50.264574931461766), 87: (65.29355592324202, 49.8743146917834), 88: (73.38375925648579, 18.742542210407365), 97: (82.00364570880271, 25.590552220942833), 98: (100.56566908081575, 40.334537896533), 36: (119.30248237409334, 50.59286490283893), 35: (100.15629781615287, 52.41860939666677), 5: (99.66405101766006, 51.89815980046393), 6: (100.04989111088379, 33.02089858919823), 72: (99.45252997267063, 33.02826469666503), 71: (84.55012912740345, 33.21709779685641), 63: (84.55013035427538, 33.217130088314455), 64: (98.24908887707817, 26.498912764891866), 32: (98.2490961591022, 26.498897763461912), 31: (77.20493891131774, 47.55576429652923), 67: (76.9505072297168, 47.8103928025698), 68: (83.3608053440546, 43.444006255639685), 9: (85.74359747572622, 48.11271845183258), 10: (92.44492417855179, 28.497594570351037), 92: (93.40116170813792, 31.992223695492065), 91: (83.41283181123163, 63.15378119338623), 56: (81.38819079569429, 62.50442778747541), 55: (61.43430330568531, 56.108220199405906), 45: (61.75385703650342, 56.22290354768752), 46: (77.49426591526156, 61.87901624840754), 16: (77.5170699092881, 61.88719531122101), 15: (69.48018211684543, 63.34336972900221), 43: (69.63433445165332, 64.00180490025659), 44: (74.72693074424907, 46.4999274729754), 80: (74.7269473624422, 46.49995823966558), 79: (63.21720832597916, 25.148293869319623), 12: (62.60671870898389, 28.053003541204873), 11: (47.011703159682696, 25.23218598089113), 4: (46.7233911466257, 25.736138765992347), 3: (32.936816607313396, 49.83366907592405), 100: (33.876367826111355, 46.99351596664333), 99: (25.114279513905533, 68.65274325863975), 69: (31.05954140396134, 66.9413085054571), 70: (44.12704229935378, 63.18165748006195), 25: (44.27032844646556, 63.140303035701955), 26: (58.179602093504755, 62.738309476560495), 38: (58.431816863101616, 65.55947689825317), 37: (45.70532543002853, 86.33071454114737), 41: (47.84520305524561, 83.74065674927422), 42: (53.65216864575328, 75.7149092037659), 19: (53.65216082665329, 75.71492625048612), 20: (65.45163401925836, 90.99095897964095), 85: (64.46301484059477, 90.40702857596331), 86: (95.33023695362608, 81.19271748638064), 62: (101.95247527932634, 83.97750492159261), 61: (75.14873886051708, 86.88586857623538), 54: (77.10715891213188, 86.53253435492405), 53: (64.63846231229633, 82.8803432624663), 33: (64.6384699762746, 82.88038207803226), 34: (80.46032662955022, 71.20073839902871), 24: (81.0924154339348, 70.73410270030178), 23: (82.40494630409475, 91.14162568252544), 13: (82.8351087652605, 97.81623701769433), 14: (83.77385891323587, 112.40740615985308), 49: (77.4797099245349, 103.95883571382629), 50: (74.2643129923759, 123.35109967193374), 90: (50.491306586956966, 116.09349467704985), 89: (34.78164877130253, 92.34812808163136), 51: (34.458586014341456, 92.61926212000901), 52: (40.99017979886683, 94.08311881744437), 40: (43.308468134407235, 94.60315191686706), 39: (33.73026769475335, 86.71296021931182), 78: (33.73025127207714, 86.71297822675189), 77: (9.599673118030049, 83.4827183440648), 95: (7.975222099085714, 85.78153593258419), 96: (15.70341006031218, 75.81352363051911), 57: (17.84923038804398, 67.26083483678659), 58: (26.161844970818123, 34.14427209431011), 7: (26.161825885237125, 34.14427390995268), 8: (37.02307964312762, 28.89743579201762), 82: (36.81010087467836, 28.632296149169), 81: (19.394299970680407, 6.938679288715418), 75: (19.394314699362113, 6.938684982407518), 76: (26.153405370753145, -3.4149805548870926), 65: (25.774560916586353, -0.6336225078846334), 66: (35.43917646818028, 0.6452001368206015), 94: (35.66033795864817, 0.6744281226995028), 93: (25.84959240803914, 5.323609304727789), 73: (25.451900669718235, 5.512075717551587), 74: (31.0788451303663, -2.193800788520659), 21: (30.747628774699514, -1.8139442088975728), 22: (40.51001960912305, -12.299982706990583), 18: (22.971434442840277, -10.711908943810228), 17: (13.236480635466332, 4.129959989406473), 1: (9.832905120066641, 9.318193423158691), 2: (27.68756931117713, 18.431678446413372), 59: (26.491777674245412, 19.786628070685822), 60: (38.35857591972251, 36.810977522435046), 47: (39.34444452998991, 38.22492812123821), 48: (48.78822100934618, 55.650922240612516)}
lowerBound: 1097.366226667015
upperBound: 1097.3664703225108
solType: IP_Optimal
Path: 
50 50
52.914 43.483
46.8437 49.2609
46.7256 49.3733
57.0 47.213
57.0 47.213
65.192 50.2646
65.2936 49.8743
73.3838 18.7425
82.0036 25.5906
100.5657 40.3345
119.3025 50.5929
100.1563 52.4186
99.6641 51.8982
100.0499 33.0209
99.4525 33.0283
84.5501 33.2171
84.5501 33.2171
98.2491 26.4989
98.2491 26.4989
77.2049 47.5558
76.9505 47.8104
83.3608 43.444
85.7436 48.1127
92.4449 28.4976
93.4012 31.9922
83.4128 63.1538
81.3882 62.5044
61.4343 56.1082
61.7539 56.2229
77.4943 61.879
77.5171 61.8872
69.4802 63.3434
69.6343 64.0018
74.7269 46.4999
74.7269 46.5
63.2172 25.1483
62.6067 28.053
47.0117 25.2322
46.7234 25.7361
32.9368 49.8337
33.8764 46.9935
25.1143 68.6527
31.0595 66.9413
44.127 63.1817
44.2703 63.1403
58.1796 62.7383
58.4318 65.5595
45.7053 86.3307
47.8452 83.7407
53.6522 75.7149
53.6522 75.7149
65.4516 90.991
64.463 90.407
95.3302 81.1927
101.9525 83.9775
75.1487 86.8859
77.1072 86.5325
64.6385 82.8803
64.6385 82.8804
80.4603 71.2007
81.0924 70.7341
82.4049 91.1416
82.8351 97.8162
83.7739 112.4074
77.4797 103.9588
74.2643 123.3511
50.4913 116.0935
34.7816 92.3481
34.4586 92.6193
40.9902 94.0831
43.3085 94.6032
33.7303 86.713
33.7303 86.713
9.5997 83.4827
7.9752 85.7815
15.7034 75.8135
17.8492 67.2608
26.1618 34.1443
26.1618 34.1443
37.0231 28.8974
36.8101 28.6323
19.3943 6.9387
19.3943 6.9387
26.1534 -3.415
25.7746 -0.6336
35.4392 0.6452
35.6603 0.6744
25.8496 5.3236
25.4519 5.5121
31.0788 -2.1938
30.7476 -1.8139
40.51 -12.3
22.9714 -10.7119
13.2365 4.13
9.8329 9.3182
27.6876 18.4317
26.4918 19.7866
38.3586 36.811
39.3444 38.2249
48.7882 55.6509
50 50
