OFV: 316.3145706439172
Runtime: 29.532504831964616
Gap: 1.3967167320591693e-08
repPt: {0: (50, 50), 3: (58.87618115800358, 44.59994328763522), 4: (66.80706449460777, 49.5280880470652), 2: (66.80706459357714, 49.5280879226856), 1: (68.138573562165, 37.440159738495616), 6: (68.56109899128134, 33.60356662743671), 5: (34.12764808361653, 31.181678014491155), 13: (6.853198711404372, 37.89897384858602), 14: (-13.39409902198703, 60.05431867374528), 11: (13.44548385596461, 60.88753466394949), 12: (38.5263652437657, 71.31376210999467), 9: (47.38491761773731, 74.9964264678958), 10: (65.44261908128962, 82.50355500224008), 7: (86.97522269874267, 91.45461594252652), 8: (100.48081975296228, 94.8610160147365)}
solType: IP_Optimal
lowerBound: 316.31456622589866
upperBound: 316.3145706439172
Path: 
50 50
58.8762 44.5999
66.8071 49.5281
66.8071 49.5281
68.1386 37.4402
68.5611 33.6036
34.1276 31.1817
6.8532 37.899
-13.3941 60.0543
13.4455 60.8875
38.5264 71.3138
47.3849 74.9964
65.4426 82.5036
86.9752 91.4546
100.4808 94.861
50 50
