OFV: 385.095652403908
Runtime: 0.013420459930785
Gap: None
repPt: {0: (50, 50), 1: (57.060349762860284, 98.20760694877758), 2: (34.980055879465844, 119.92309898915151), 6: (-0.8001463514587615, 67.76175439999817), 5: (6.677631467426758, 56.48660980573636), 10: (16.087413777533083, 37.85561570334553), 9: (24.20313444318328, 21.785516647782877), 11: (24.913965262928752, 18.761756045339155), 12: (30.21351655764617, -3.680643509793387), 3: (80.59404066354567, 27.50376659663595), 4: (107.41340028614663, 13.668058163152331), 8: (100.31302966992179, 33.71656060227688), 7: (86.69668267687769, 38.1287330032847)}
lowerBound: 385.0956357591411
upperBound: 385.095652403908
solType: IP_Optimal
Path: 
50 50
57.0603 98.2076
34.9801 119.9231
-0.8001 67.7618
6.6776 56.4866
16.0874 37.8556
24.2031 21.7855
24.914 18.7618
30.2135 -3.6806
80.594 27.5038
107.4134 13.6681
100.313 33.7166
86.6967 38.1287
50 50
