OFV: 367.3959231937818
Runtime: 6.928026958999908
Gap: 4.981348597186102e-08
repPt: {0: (50, 50), 1: (55.18590568941665, 97.50789311005354), 2: (35.14818023684202, 117.93007440208187), 6: (1.177261567495906, 67.2362526280777), 5: (6.034517046097816, 56.62553221930242), 10: (15.279480137857455, 36.44294395191004), 9: (22.427865200499927, 20.833417904566428), 11: (23.132067496575598, 18.929011522171216), 12: (30.758577637725566, -1.745963375474246), 3: (80.74813408896154, 25.508662944169224), 4: (105.8091358213353, 14.90793894843629), 8: (98.92422099879683, 32.27737336684306), 7: (86.775941223432, 36.67685398260376)}
solType: IP_Optimal
lowerBound: 367.39590489251015
upperBound: 367.3959231937818
Path: 
50 50
55.1859 97.5079
35.1482 117.9301
1.1773 67.2363
6.0345 56.6255
15.2795 36.4429
22.4279 20.8334
23.1321 18.929
30.7586 -1.746
80.7481 25.5087
105.8091 14.9079
98.9242 32.2774
86.7759 36.6769
50 50
