OFV: 365.96215148309915
Runtime: 0.025652484968304634
Gap: None
repPt: {0: (50, 50), 2: (50.14043334994317, 64.1248047037796), 1: (31.628143330014137, 60.12748868818641), 7: (9.516437394590167, 86.6598847477402), 8: (9.694912604055087, 96.60821023867612), 11: (6.951294025070842, 99.81417493141917), 12: (-5.55599151645473, 114.42676114144655), 4: (40.78258315135036, 91.41312348984151), 3: (59.59798678583285, 70.64382276176309), 9: (88.21300593871247, 60.098124573231544), 10: (101.66044503525339, 55.14353362830656), 6: (51.54963586021031, -3.202261460800764), 5: (37.795397562158854, 10.988926039225168), 14: (36.78431795670404, 18.35152486992233), 13: (46.321262996718865, 26.713848018433744)}
lowerBound: 365.96214530726803
upperBound: 365.96215148309915
solType: IP_Optimal
Path: 
50 50
50.1404 64.1248
31.6281 60.1275
9.5164 86.6599
9.6949 96.6082
6.9513 99.8142
-5.556 114.4268
40.7826 91.4131
59.598 70.6438
88.213 60.0981
101.6604 55.1435
51.5496 -3.2023
37.7954 10.9889
36.7843 18.3515
46.3213 26.7138
50 50
