OFV: 696.4109684975051
Runtime: 87.08503097097855
Gap: None
repPt: {0: (50, 50), 9: (50.78875619032471, 52.59349905657028), 10: (54.879003369847126, 66.04475573929552), 57: (60.98082885077467, 65.00363884372481), 58: (73.32151165325675, 62.90011499316212), 47: (79.40113838208478, 61.86283492919604), 48: (82.88598084101025, 71.25935852770033), 44: (82.80401172239934, 70.98286771135636), 43: (76.7984316156786, 50.745530214974394), 49: (76.79843362138519, 50.74553868628122), 50: (85.70738564281133, 43.70622859564277), 37: (82.77473671812407, 47.59732709522266), 38: (103.6051604039308, 52.351570416640925), 41: (103.60514915762394, 52.35155970509329), 42: (114.56325591331635, 26.87301916401419), 2: (130.3929929929274, 11.519620756648353), 1: (100.56358878351467, 13.28062483840811), 34: (84.54676607241679, 14.22994306712129), 33: (67.92209040518274, 10.08509512003806), 4: (67.92210093840521, 10.085093187818268), 3: (73.05113338247004, 26.053565129174387), 28: (80.25027482365324, 28.057340993678157), 27: (48.80458701489647, 23.50904719062377), 52: (44.84606701121191, 22.936655876246803), 51: (28.11572260377742, 20.517049923772074), 59: (49.76296140838347, 9.944914878969833), 60: (55.363884449630135, -4.190211303502975), 6: (48.851302805852434, -4.689339223076722), 5: (31.063233087667808, -6.047470819575278), 36: (21.86630352757274, -10.634636595886398), 35: (6.606326108212751, 6.934597144468002), 18: (11.512762066020663, 3.82116069720939), 17: (12.762663000428779, 10.468928687180233), 31: (13.237774617363108, 12.998515787647117), 32: (19.195273928625028, 44.65814035510043), 22: (14.046134861698972, 51.29960647552919), 21: (10.103087788908296, 56.386035695642875), 26: (9.925705278232215, 55.497829760001586), 25: (6.070203292216107, 70.80207094520773), 20: (13.029992541570333, 65.1768145801147), 19: (18.622426221272743, 59.190214227125416), 53: (20.852053679284566, 59.30516174855425), 54: (25.730760166724185, 78.80974521597943), 23: (25.730754403259155, 78.80974929413586), 24: (33.479653080898075, 84.06889043218281), 29: (35.512750573244794, 83.40419254730605), 30: (58.14203355201594, 76.0124036934603), 13: (58.28685801082735, 75.9650297525557), 14: (63.39851153058786, 88.15519386896462), 45: (63.398501939552766, 88.15518770053562), 46: (70.74805791234415, 88.30445983903799), 39: (72.23588991275662, 88.33464018964474), 40: (89.73571546710565, 88.6901571722846), 55: (93.60748512866886, 88.7687656039277), 56: (110.31569513162734, 89.10912622063152), 16: (108.75073997732048, 79.43660627929407), 15: (106.02210184376234, 62.552779250731334), 8: (106.02212606453706, 62.55276257442123), 7: (94.87126292947032, 60.39573767274186), 12: (93.43777807842106, 60.11913593496145), 11: (61.101157075791185, 49.72837014114849)}
lowerBound: 696.4108239296274
upperBound: 696.4109684975051
solType: IP_Optimal
Path: 
50 50
50.7888 52.5935
54.879 66.0448
60.9808 65.0036
73.3215 62.9001
79.4011 61.8628
82.886 71.2594
82.804 70.9829
76.7984 50.7455
76.7984 50.7455
85.7074 43.7062
82.7747 47.5973
103.6052 52.3516
103.6051 52.3516
114.5633 26.873
130.393 11.5196
100.5636 13.2806
84.5468 14.2299
67.9221 10.0851
67.9221 10.0851
73.0511 26.0536
80.2503 28.0573
48.8046 23.509
44.8461 22.9367
28.1157 20.517
49.763 9.9449
55.3639 -4.1902
48.8513 -4.6893
31.0632 -6.0475
21.8663 -10.6346
6.6063 6.9346
11.5128 3.8212
12.7627 10.4689
13.2378 12.9985
19.1953 44.6581
14.0461 51.2996
10.1031 56.386
9.9257 55.4978
6.0702 70.8021
13.03 65.1768
18.6224 59.1902
20.8521 59.3052
25.7308 78.8097
25.7308 78.8097
33.4797 84.0689
35.5128 83.4042
58.142 76.0124
58.2869 75.965
63.3985 88.1552
63.3985 88.1552
70.7481 88.3045
72.2359 88.3346
89.7357 88.6902
93.6075 88.7688
110.3157 89.1091
108.7507 79.4366
106.0221 62.5528
106.0221 62.5528
94.8713 60.3957
93.4378 60.1191
61.1012 49.7284
50 50
