OFV: 434.9267177744517
Runtime: 35.51401983899996
Gap: 1.2521559154956165e-07
repPt: {0: (50, 50), 8: (112.65081148609708, 48.71860887873674), 7: (94.50133910848614, 22.342991939857782), 9: (90.17968311133203, 20.411671488483), 10: (68.40019267713213, 10.682314766917543), 16: (68.4001761977129, 10.682308355551156), 15: (54.765727921622414, 5.8103088720714435), 4: (55.918104954188706, 7.2606614457341685), 3: (54.14678435851724, 29.84046505161684), 6: (42.758184458169346, 27.782650263041567), 5: (18.75662828040241, 51.089797989121166), 14: (1.531316962758961, 43.986423862018576), 13: (12.16607457635393, 10.422364750732399), 1: (13.369461495236028, 4.730561389518998), 2: (-1.2742309991362264, -19.50054623136767), 12: (-28.50856966194591, 22.67383872582034), 11: (2.8668596542746734, 17.74596007765271), 18: (3.7926537438715715, 18.193588152869047), 17: (27.89810204506549, 29.841177841224642)}
solType: IP_Optimal
lowerBound: 434.9266633148454
upperBound: 434.9267177744517
Path: 
50 50
112.6508 48.7186
94.5013 22.343
90.1797 20.4117
68.4002 10.6823
68.4002 10.6823
54.7657 5.8103
55.9181 7.2607
54.1468 29.8405
42.7582 27.7827
18.7566 51.0898
1.5313 43.9864
12.1661 10.4224
13.3695 4.7306
-1.2742 -19.5005
-28.5086 22.6738
2.8669 17.746
3.7927 18.1936
27.8981 29.8412
50 50
