OFV: 313.31342962009586
Runtime: 0.3007815409800969
Gap: 6.569832523810042e-08
repPt: {0: (50, 50), 4: (34.82850099946039, 41.970624784699126), 3: (15.627568509884032, 39.9902716308873), 10: (-8.377879720016239, 79.03902352474849), 9: (4.691248385134058, 81.03992622672062), 8: (73.10333710008501, 91.51470434600692), 7: (89.84981030232767, 85.39958648010105), 1: (95.17638339076358, 87.14513402425465), 2: (75.48820147334222, 70.68864806773709), 5: (91.56218374290691, 23.271166337451405), 6: (74.87460855942487, 34.17920052458785)}
solType: IP_Optimal
lowerBound: 313.31340903592826
upperBound: 313.31342962009586
Path: 
50 50
34.8285 41.9706
15.6276 39.9903
-8.3779 79.039
4.6912 81.0399
73.1033 91.5147
89.8498 85.3996
95.1764 87.1451
75.4882 70.6886
91.5622 23.2712
74.8746 34.1792
50 50
