OFV: 266.6153609632525
Runtime: 3600.066936969757
Gap: 0.4796617462620727
repPt: {0: (50, 50), 1: (31.394941058619505, 44.708476101257084), 2: (46.97713954418385, 37.58605148905852), 3: (29.00518613762814, 70.78594586670907), 4: (12.711547868385574, 36.44275217234029), 5: (62.542238791702424, 87.87813899143352), 6: (55.5727024749704, 66.83006852863075), 7: (8.94825724823159, 37.946802192205986), 8: (9.403496132738885, 54.75995653258428), 9: (51.658676518749616, 34.85567051979949), 10: (23.141479938959293, 48.48104526856195), 11: (56.624646486944485, 13.185787766297178), 12: (58.37047028171724, 5.552477273551983), 13: (27.326211376027043, 65.66271595234954), 14: (34.53055137252782, 87.64858023511714)}
solType: IP_TimeLimit
lowerBound: 138.73017212604483
upperBound: 266.6153609632525
Path: 
50 50
58.3705 5.5525
56.6246 13.1858
51.6587 34.8557
46.9771 37.5861
31.3949 44.7085
23.1415 48.481
9.4035 54.76
8.9483 37.9468
12.7115 36.4428
27.3262 65.6627
29.0052 70.7859
34.5306 87.6486
62.5422 87.8781
55.5727 66.8301
50 50
