OFV: 285.2336291237245
Runtime: 0.2684242800460197
Gap: 7.741731614835391e-09
repPt: {0: (50, 50), 4: (44.855017549473246, 50.324498764332155), 3: (43.1301668103248, 30.643458264058413), 1: (70.35278056011967, 10.860265262634309), 2: (43.2850661663884, 3.8711658587994244), 5: (16.00895468025622, 3.2019868923836405), 6: (-10.135085974254261, 1.8672732240062355), 7: (3.194254751741158, 70.77367277424798), 8: (18.19965676836233, 70.57864372770548), 10: (24.737171379042802, 40.11389524149452), 9: (47.28982186766023, 44.79233239086483)}
solType: IP_Optimal
lowerBound: 285.2336269155223
upperBound: 285.2336291237245
Path: 
50 50
44.855 50.3245
43.1302 30.6435
70.3528 10.8603
43.2851 3.8712
16.009 3.202
-10.1351 1.8673
3.1943 70.7737
18.1997 70.5786
24.7372 40.1139
47.2898 44.7923
50 50
