OFV: 624.1449380797192
Runtime: 14.377186978934333
Gap: None
Path: 
50 50
53.6785 54.1995
75.6975 55.2989
68.8868 61.5628
88.2342 85.4258
89.5675 86.014
119.9525 99.4229
100.8492 115.6909
88.6807 92.5047
84.489 88.875
71.8725 92.3119
52.1349 101.0243
47.2628 116.8338
37.8454 112.4841
28.9925 97.6748
32.7855 92.6688
37.1016 86.972
40.2787 85.9337
56.5302 82.5953
64.3347 76.0956
82.5799 55.9269
89.6226 44.0996
88.0379 27.2855
99.8493 0.0824
90.081 7.006
82.4329 12.4275
68.6215 22.2081
60.4947 23.8245
47.995 18.6233
63.4184 13.7287
53.7801 12.4285
48.3903 11.7005
16.7207 7.4468
17.8176 23.2637
19.3009 44.7034
17.3553 62.7046
16.9979 65.9947
24.0909 78.5678
26.1947 82.2953
17.3129 81.5301
34.8546 64.6093
50 50
