OFV: 272.61278933328674
Runtime: 3600.028820037842
Gap: 0.460145521022529
repPt: {0: (50, 50), 1: (61.917100962593324, 76.08899212954509), 2: (55.57217162028619, 97.46314949201302), 3: (83.69599922644295, 91.91904526068134), 4: (75.93045742935043, 104.73548351572205), 5: (76.4407979884412, 51.61289667222002), 6: (99.7075190211392, 65.49180344753094), 7: (66.91081274147068, 42.99816517973095), 8: (74.19872291172743, 50.27542038700514), 9: (77.2014590716951, 97.07443587162099), 10: (56.1866613271972, 95.39312918364028), 11: (27.109907038286682, 9.499137075085612), 12: (38.34281758490843, 14.474140702657142), 13: (34.37830267989733, 29.37689171665552), 14: (21.404163810000814, 12.244186793854627)}
solType: IP_TimeLimit
lowerBound: 147.17123759380172
upperBound: 272.61278933328674
Path: 
50 50
34.3783 29.3769
21.4042 12.2442
27.1099 9.4991
38.3428 14.4741
66.9108 42.9982
74.1987 50.2754
76.4408 51.6129
99.7075 65.4918
83.696 91.919
75.9305 104.7355
77.2015 97.0744
55.5722 97.4631
56.1867 95.3931
61.9171 76.089
50 50
