OFV: 287.501096427446
Runtime: 6.259142606984824
Gap: -2.0408604036774711e-07
repPt: {0: (50, 50), 6: (57.52087865933161, 70.88634793308113), 5: (64.09497555390274, 89.1453791833602), 14: (33.58432118664526, 89.44510909320357), 13: (29.069896208610082, 64.62055094537196), 3: (28.44996950814211, 63.42991306137817), 4: (13.408880685818179, 34.56818853837111), 7: (7.267053356138366, 36.86328575394057), 8: (8.087768058198028, 56.30697648001538), 10: (23.315843045896976, 47.33171634736654), 1: (33.135877582517, 46.08967819738962), 2: (47.869167755869036, 39.376561365339406), 9: (53.17583702604458, 36.17310362769971), 12: (58.89766853194833, 3.6179126660063226), 11: (56.325569263475536, 17.034480391261308)}
solType: IP_Optimal
lowerBound: 287.50115510240636
upperBound: 287.501096427446
Path: 
50 50
57.5209 70.8863
64.095 89.1454
33.5843 89.4451
29.0699 64.6206
28.45 63.4299
13.4089 34.5682
7.2671 36.8633
8.0878 56.307
23.3158 47.3317
33.1359 46.0897
47.8692 39.3766
53.1758 36.1731
58.8977 3.6179
56.3256 17.0345
50 50
