OFV: 434.34185133580974
Runtime: 0.05067080503795296
Gap: None
repPt: {0: (50, 50), 3: (66.40285707736678, 96.568824875522), 4: (58.08747884431719, 126.60366973773193), 11: (17.41692903939399, 90.3218091321003), 12: (-2.2357811974680812, 72.7995875775309), 16: (-12.05836774753546, 82.0237147676257), 15: (0.9579165011194171, 73.61503126285237), 17: (8.892177371087586, 68.4992170165649), 18: (10.99069931957981, 54.099177295658535), 1: (11.8661621506262, 58.91115741818133), 2: (13.297683999632849, 27.19947763524298), 10: (-5.893876423760253, 6.1634878952311665), 9: (14.020047809471318, 9.22713145779366), 5: (39.82630661510771, 10.628041316201648), 6: (63.79426143840624, 11.919827229072101), 8: (57.73895010951914, 8.57069372772104), 7: (56.282129828860164, 19.192317182360267), 14: (83.00443085467269, 31.41044931516598), 13: (69.76152857790693, 38.87136953512234)}
lowerBound: 434.3418035490463
upperBound: 434.34185133580974
solType: IP_Optimal
Path: 
50 50
66.4029 96.5688
58.0875 126.6037
17.4169 90.3218
-2.2358 72.7996
-12.0584 82.0237
0.9579 73.615
8.8922 68.4992
10.9907 54.0992
11.8662 58.9112
13.2977 27.1995
-5.8939 6.1635
14.02 9.2271
39.8263 10.628
63.7943 11.9198
57.739 8.5707
56.2821 19.1923
83.0044 31.4104
69.7615 38.8714
50 50
