OFV: 280.63114699212167
Runtime: 3.4015368620166555
Gap: 4.538306700000798e-08
repPt: {0: (50, 50), 6: (75.34354014250863, 34.884277356687754), 5: (89.28832199292225, 26.56516675890692), 2: (79.44202504078402, 70.02124634203994), 1: (91.38956005451065, 85.78818839881521), 7: (87.96889729541412, 86.11574437104814), 8: (73.51713288213384, 87.50098715242189), 9: (7.275558795741338, 78.92374488811856), 10: (-4.743897096347365, 77.3674285734073), 3: (17.21539790255063, 43.66399824756649), 4: (34.35922742655618, 45.97036237564053)}
solType: IP_Optimal
lowerBound: 280.6311342562195
upperBound: 280.63114699212167
Path: 
50 50
75.3435 34.8843
89.2883 26.5652
79.442 70.0212
91.3896 85.7882
87.9689 86.1157
73.5171 87.501
7.2756 78.9237
-4.7439 77.3674
17.2154 43.664
34.3592 45.9704
50 50
