OFV: 276.5418004260929
Runtime: 0.08711975999176502
Gap: None
repPt: {0: (50, 50), 2: (46.603269110114816, 49.16176157070595), 1: (40.73182990344088, 47.71185068502431), 12: (57.78168900922448, 5.402717414938119), 11: (55.737053708421904, 15.406311689172759), 9: (51.79319239277605, 34.67853381628174), 10: (26.24623805606564, 46.75941192328202), 8: (9.370487267501618, 54.739503106358626), 7: (8.945813398758053, 37.95051499242644), 4: (12.712790619648562, 36.44322470180352), 3: (26.48334671305465, 63.97859695322597), 13: (27.326102697114216, 65.66245257454254), 14: (34.53068332058673, 87.64867667665116), 5: (62.54224319927964, 87.87813294926893), 6: (56.579074654008586, 69.86902152984246)}
lowerBound: 276.54179770464765
upperBound: 276.5418004260929
solType: IP_Optimal
Path: 
50 50
46.6033 49.1618
40.7318 47.7119
57.7817 5.4027
55.7371 15.4063
51.7932 34.6785
26.2462 46.7594
9.3705 54.7395
8.9458 37.9505
12.7128 36.4432
26.4833 63.9786
27.3261 65.6625
34.5307 87.6487
62.5422 87.8781
56.5791 69.869
50 50
