OFV: 405.73489009693884
Runtime: 86.77304270800232
Gap: 5.576335436834786e-08
repPt: {0: (50, 50), 16: (-4.558350657667935, 67.9587905010819), 15: (11.692896117949642, 98.34273129157414), 10: (14.329242712764572, 103.27288846710532), 9: (36.38300486227356, 93.53176775297966), 19: (38.13841407827404, 92.87865035154158), 20: (64.975587781187, 109.00743609000047), 8: (64.8228809282187, 107.77017603805383), 7: (62.3490297619061, 87.69541822446475), 6: (61.92896470120927, 85.03956869332609), 5: (79.29218955635596, 86.83824450383449), 3: (79.29219175457474, 86.83824565041195), 4: (68.19253366053951, 63.526833762665845), 12: (70.15925785260659, 57.879015254212824), 11: (94.79046671915776, 43.51697863467904), 14: (78.09889132805267, 61.349084429187705), 13: (66.87208075982241, 39.35697652874104), 17: (66.39807321888085, 38.4280399951177), 18: (55.81443171771103, 17.694899045620758), 2: (46.49201977565781, -0.5657142302538729), 1: (39.01358603748951, 6.752550926561836)}
solType: IP_Optimal
lowerBound: 405.7348674718004
upperBound: 405.73489009693884
Path: 
50 50
-4.5584 67.9588
11.6929 98.3427
14.3292 103.2729
36.383 93.5318
38.1384 92.8787
64.9756 109.0074
64.8229 107.7702
62.349 87.6954
61.929 85.0396
79.2922 86.8382
79.2922 86.8382
68.1925 63.5268
70.1593 57.879
94.7905 43.517
78.0989 61.3491
66.8721 39.357
66.3981 38.428
55.8144 17.6949
46.492 -0.5657
39.0136 6.7526
50 50
