OFV: 362.1305943429624
Runtime: 0.722760553995613
Gap: 1.1031989990087444e-07
repPt: {0: (50, 50), 8: (40.56878654228227, 49.34437196082403), 7: (24.928180636991957, 30.700508736457508), 12: (30.04746855199539, 1.2388661685004525), 11: (57.135249801964335, 4.987961871410368), 5: (94.67941873444656, 10.184482241795003), 6: (108.2694713991702, 41.36940101420089), 3: (71.2310238167678, 81.57691989834868), 4: (46.88082009342179, 93.20486284988586), 10: (25.287792458351532, 98.85880613051441), 9: (9.776899112692814, 79.20266473795095), 1: (22.40475146582203, 72.97324011978293), 2: (32.99474955388474, 60.25428401647759), 13: (24.414603625808255, 63.27504564474573), 14: (50.900062259863375, 50.42479146454173)}
solType: IP_Optimal
lowerBound: 362.1305543927515
upperBound: 362.1305943429624
Path: 
50 50
40.5688 49.3444
24.9282 30.7005
30.0475 1.2389
57.1352 4.988
94.6794 10.1845
108.2695 41.3694
71.231 81.5769
46.8808 93.2049
25.2878 98.8588
9.7769 79.2027
22.4048 72.9732
32.9947 60.2543
24.4146 63.275
50.9001 50.4248
50 50
