OFV: 206.69916358149706
Runtime: 7.092970427009277
Gap: 0.0
repPt: {0: (50, 50), 9: (47.27468687801497, 44.38145053520523), 10: (29.37410228316063, 24.126847698994062), 7: (32.63615812695902, 59.78795660943182), 8: (48.156937560672105, 67.12389663444964), 2: (65.01350971672058, 73.03908264400714), 1: (89.64658307275879, 81.68338339557974), 3: (85.58054982667758, 59.72627223834929), 4: (83.36113357612261, 47.74194302970109), 5: (73.43528663142085, 54.30029751871816), 6: (55.638932091883895, 43.00672536699702)}
solType: IP_Optimal
lowerBound: 206.69916447009751
upperBound: 206.69916358149706
Path: 
50 50
47.2747 44.3815
29.3741 24.1268
32.6362 59.788
48.1569 67.1239
65.0135 73.0391
89.6466 81.6834
85.5805 59.7263
83.3611 47.7419
73.4353 54.3003
55.6389 43.0067
50 50
