OFV: 323.51104477347695
Runtime: 3602.807445860002
Gap: 0.11580524506351651
repPt: {0: (50, 50), 15: (37.549508329297325, 68.75579159484823), 16: (46.12999180318938, 68.66752939853315), 13: (52.2503853765625, 66.99389823407353), 14: (58.64371731339616, 75.98120916893593), 20: (53.694758196642, 87.87569657029182), 19: (45.24024650736974, 99.54769311871938), 8: (39.547965859101105, 107.40438176436939), 7: (30.64538829178309, 93.09398780337375), 5: (30.241192953203125, 92.44166394243628), 3: (20.74000356215238, 77.16325871871868), 6: (13.645565220992408, 65.75502629428628), 4: (5.6708321070772465, 52.93575603262891), 11: (3.1580149722293074, 48.89065628250182), 12: (-18.735828076992092, 41.5578117993499), 1: (-0.9304844993189043, 16.968783837241098), 2: (-4.8686080026642085, -4.038803168619109), 9: (5.373101635467676, -2.8999524137867496), 10: (25.131144133843254, -5.2350947938684005), 18: (21.2972200622523, 2.102310762601377), 17: (35.42819420895384, 25.684399386802856)}
solType: IP_TimeLimit
lowerBound: 286.0467689527302
upperBound: 323.51104477347695
Path: 
50 50
37.5495 68.7558
46.13 68.6675
52.2504 66.9939
58.6437 75.9812
53.6948 87.8757
45.2402 99.5477
39.548 107.4044
30.6454 93.094
30.2412 92.4417
20.74 77.1633
13.6456 65.755
5.6708 52.9358
3.158 48.8907
-18.7358 41.5578
-0.9305 16.9688
-4.8686 -4.0388
5.3731 -2.9
25.1311 -5.2351
21.2972 2.1023
35.4282 25.6844
50 50
