OFV: 391.6487990031609
Runtime: 507.4435045020073
Gap: -1.1495581516869686e-09
repPt: {0: (50, 50), 7: (20.12046765141347, 15.652207588728961), 8: (35.20646129529504, 6.337694625093533), 5: (50.1842582691412, -2.9100588002597747), 6: (56.324164808678695, -22.1518265444167), 20: (80.74052672471655, -9.98078705247979), 19: (71.48295376192587, 4.076801532337193), 3: (71.04449220179644, 4.742393781917549), 4: (96.96097023956123, 7.758826450177846), 15: (100.78640071652829, 55.76815262941835), 16: (104.79651966665045, 60.61402553954918), 14: (107.41162758663904, 65.45487250365096), 13: (87.2314339794999, 83.07640520911296), 9: (80.00150619807147, 71.47411014119862), 10: (71.15225732206257, 93.30165430612409), 1: (71.15224905960937, 93.30162007199856), 2: (78.14168039334211, 98.26276450879733), 12: (70.4438601530296, 106.77531209705131), 11: (65.88375383849171, 80.5877799809494), 17: (49.33481887406756, 82.34427434182042), 18: (49.91222682413949, 54.24830368219077)}
solType: IP_Optimal
lowerBound: 391.64879945338396
upperBound: 391.6487990031609
Path: 
50 50
20.1205 15.6522
35.2065 6.3377
50.1843 -2.9101
56.3242 -22.1518
80.7405 -9.9808
71.483 4.0768
71.0445 4.7424
96.961 7.7588
100.7864 55.7682
104.7965 60.614
107.4116 65.4549
87.2314 83.0764
80.0015 71.4741
71.1523 93.3017
71.1522 93.3016
78.1417 98.2628
70.4439 106.7753
65.8838 80.5878
49.3348 82.3443
49.9122 54.2483
50 50
