OFV: 297.1955175770369
Runtime: 99.82537603378296
Gap: 0
repPt: {0: (50, 50), 1: (14.83927840143128, 86.56523939669304), 2: (-11.070992061823176, 81.40355938102383), 3: (46.2392072876035, 6.464670296491484), 4: (64.9353885322673, 6.41187675485731), 5: (43.82135058128015, 92.34042749055318), 6: (40.586852294693976, 65.89245119818649), 7: (23.796394917936652, 42.709862159419544), 8: (42.13555526356984, 68.6566351485728), 9: (43.42595212376099, 92.26195480665992), 10: (43.762694130064304, 71.56512135113658), 11: (48.291787945877346, 49.13565628142244), 12: (33.92925579816173, 41.86025131813423)}
solType: IP_Optimal
lowerBound: 297.1955796620139
upperBound: 297.1955175770369
Path: 
50 50
64.9354 6.4119
46.2392 6.4647
23.7964 42.7099
40.5869 65.8925
42.1356 68.6566
43.7627 71.5651
43.8214 92.3404
43.426 92.262
14.8393 86.5652
-11.071 81.4036
33.9293 41.8603
48.2918 49.1357
50 50
