OFV: 724.1112188015015
Runtime: 3600.895266638021
Gap: None
repPt: {0: (50, 50), 19: (50.52972080408401, 50.909707731279994), 20: (63.37048317489649, 72.94253238044176), 4: (63.370492692006025, 72.94253452417192), 3: (62.37214763085413, 58.62929307154761), 16: (59.47543659958275, 62.620418954685), 15: (52.877450113074886, 71.71537577513253), 26: (52.85181901598659, 70.71076563893479), 25: (52.56809005512662, 59.28205602676704), 53: (52.452655682407084, 54.716441267848104), 54: (69.17376743637033, 45.731459761761904), 27: (61.8959814719728, 47.56477363223883), 28: (66.21525074895747, 39.29971930962694), 51: (66.40101798174825, 38.943657756387324), 52: (74.37980974133366, 23.67594586159143), 24: (75.48947290492305, 25.14391219393819), 23: (71.39558549487171, 15.551436961837423), 47: (74.51732852489488, 6.516337360030569), 48: (89.81439459301869, -14.810628893090112), 36: (99.78457924757812, 2.940841462724438), 35: (78.0322214435709, 9.915965622211957), 1: (83.86996907826504, 19.992676925357824), 2: (99.77720357650405, 32.316011607250786), 57: (99.78089127945964, 32.316121052048736), 58: (115.50599175716737, 32.84926696938753), 12: (105.0509831450466, 41.98658133247546), 11: (95.49064033447696, 50.342007795284445), 39: (95.4906269217939, 50.34200598867298), 40: (91.86945687278086, 69.80150316902716), 49: (87.14452693353364, 95.19110846330972), 50: (82.88223626320145, 118.09217606955505), 32: (78.91409734191731, 115.61485734264693), 31: (63.37995292759622, 91.49941643186094), 59: (43.71931256679852, 87.71578849360668), 60: (40.98833074786553, 93.75316983872295), 46: (36.967959103125, 97.59291233265449), 45: (14.475639078384846, 90.8353872243276), 55: (13.52882593665369, 90.55085200541464), 56: (19.939029231629632, 81.66133648026498), 22: (19.939150255269467, 81.66137976655351), 21: (17.750118076507647, 68.02081988977636), 43: (17.75010379468688, 68.0208300262176), 44: (18.918910558484082, 72.31418888509477), 30: (17.876092169130008, 81.0417931206206), 29: (7.878859834499359, 67.78273259457252), 5: (9.021919196467753, 67.69610165678547), 6: (33.93546114866902, 65.80028168041385), 9: (33.93545175605892, 65.80029761174062), 10: (43.375488462886594, 46.05489229605184), 8: (41.270632736465046, 47.41326087912208), 7: (33.740105295966714, 29.460764624010928), 38: (32.94859425679146, 33.679887621865234), 37: (31.76399596752978, 40.006199184041385), 14: (36.26065487479724, 34.89109297442017), 13: (18.325794137537315, 26.872264185454863), 17: (11.996683468407126, 24.044064805256433), 18: (16.54045242222597, -0.5144287483280037), 42: (46.92819471183745, 5.388174233033837), 41: (47.26566580557081, 30.891800964169278), 34: (47.301761120893154, 33.71442770005896), 33: (47.523150937853856, 50.4745289807278)}
lowerBound: 712.4572958441302
upperBound: 724.1112188015015
solType: IP_TimeLimit
Path: 
50 50
50.5297 50.9097
63.3705 72.9425
63.3705 72.9425
62.3721 58.6293
59.4754 62.6204
52.8775 71.7154
52.8518 70.7108
52.5681 59.2821
52.4527 54.7164
69.1738 45.7315
61.896 47.5648
66.2153 39.2997
66.401 38.9437
74.3798 23.6759
75.4895 25.1439
71.3956 15.5514
74.5173 6.5163
89.8144 -14.8106
99.7846 2.9408
78.0322 9.916
83.87 19.9927
99.7772 32.316
99.7809 32.3161
115.506 32.8493
105.051 41.9866
95.4906 50.342
95.4906 50.342
91.8695 69.8015
87.1445 95.1911
82.8822 118.0922
78.9141 115.6149
63.38 91.4994
43.7193 87.7158
40.9883 93.7532
36.968 97.5929
14.4756 90.8354
13.5288 90.5509
19.939 81.6613
19.9392 81.6614
17.7501 68.0208
17.7501 68.0208
18.9189 72.3142
17.8761 81.0418
7.8789 67.7827
9.0219 67.6961
33.9355 65.8003
33.9355 65.8003
43.3755 46.0549
41.2706 47.4133
33.7401 29.4608
32.9486 33.6799
31.764 40.0062
36.2607 34.8911
18.3258 26.8723
11.9967 24.0441
16.5405 -0.5144
46.9282 5.3882
47.2657 30.8918
47.3018 33.7144
47.5232 50.4745
50 50
