OFV: 189.7088839836246
Runtime: 6.3214809780038195
Gap: 2.924206869080697e-07
repPt: {0: (50, 50), 3: (73.89026679283573, 29.924221033178764), 4: (93.58570369379638, 23.564501285527832), 2: (108.16590424702963, 58.08347015540285), 1: (99.48602063172909, 52.16478908581932), 8: (88.81435720175378, 44.888026750931196), 7: (78.0770206034422, 38.383363489770964), 5: (78.07701801773615, 38.38336161829417), 6: (57.59997092825838, 21.70000009884183), 9: (48.90086513647383, 28.78669180289854), 10: (41.455867563905926, 36.284796954355706)}
solType: IP_Optimal
lowerBound: 189.70882850882242
upperBound: 189.7088839836246
Path: 
50 50
73.8903 29.9242
93.5857 23.5645
108.1659 58.0835
99.486 52.1648
88.8144 44.888
78.077 38.3834
78.077 38.3834
57.6 21.7
48.9009 28.7867
41.4559 36.2848
50 50
