OFV: 475.5384995819669
Runtime: 2.7164840349869337
Gap: 3.4018519329494954e-08
repPt: {0: (50, 50), 11: (52.78559933253102, 32.977512979171465), 12: (40.46761876822245, 25.780956903168114), 17: (35.68338145725764, 22.98465508956525), 18: (62.315425530328895, -1.3037686156813653), 16: (91.2432649977491, -6.24371025628308), 15: (83.99587864610405, 10.657209330107598), 9: (96.46837232506361, 50.94261521937934), 10: (125.59331807985866, 45.935859876487285), 14: (119.56623025886019, 84.09460050869252), 13: (99.20863810963647, 85.64343318702456), 1: (61.45427493537653, 68.94418114424155), 2: (51.025470927868255, 87.7354441720061), 5: (57.15143302719316, 92.08266147993872), 6: (59.450688010292566, 106.59405388414233), 4: (51.83618322326477, 101.77206778453227), 3: (21.315803976149887, 89.61193380619), 8: (-3.7038769300223824, 56.68261012579416), 7: (19.249922595510455, 47.16607056735811)}
solType: IP_Optimal
lowerBound: 475.53848340485126
upperBound: 475.5384995819669
Path: 
50 50
52.7856 32.9775
40.4676 25.781
35.6834 22.9847
62.3154 -1.3038
91.2433 -6.2437
83.9959 10.6572
96.4684 50.9426
125.5933 45.9359
119.5662 84.0946
99.2086 85.6434
61.4543 68.9442
51.0255 87.7354
57.1514 92.0827
59.4507 106.5941
51.8362 101.7721
21.3158 89.6119
-3.7039 56.6826
19.2499 47.1661
50 50
