OFV: 182.39220925521184
Runtime: 1.6115820407867432
Gap: 0
repPt: {0: (50, 50), 1: (18.918029514221324, 26.298927096733273), 2: (10.678833476654958, 38.78012760196188), 3: (36.86355847597232, 44.98111098419581), 4: (3.5366330514638773, 49.59820955715994), 5: (23.77185766895693, 53.332415649058476), 6: (27.814262560464634, 41.592649885425544), 7: (66.70065505364401, 50.79788830715459), 8: (60.4118695582231, 62.90532591541231), 9: (42.80884394003928, 67.90134246571783), 10: (53.53475422136286, 58.59085075392348)}
solType: IP_Optimal
lowerBound: 182.39235148030096
upperBound: 182.39220925521184
Path: 
50 50
36.8636 44.9811
3.5366 49.5982
10.6788 38.7801
18.918 26.2989
27.8143 41.5926
23.7719 53.3324
42.8088 67.9013
53.5348 58.5909
60.4119 62.9053
66.7007 50.7979
50 50
