OFV: 256.3653626732226
Runtime: 0.937047018960584
Gap: -3.189420419006847e-08
repPt: {0: (50, 50), 7: (14.042266898491869, 27.061231840182018), 8: (3.695975204749358, 23.067462576012847), 6: (8.381138865810527, 32.47365741247085), 5: (23.455497152056584, 62.74457094671926), 9: (36.15328233618822, 82.7367015366422), 10: (52.308602968677185, 108.17153788254865), 4: (42.941314127006706, 64.34411572564012), 3: (69.86710992181922, 61.587614220752954), 1: (64.98844324160044, 56.97011269187037), 2: (50.865963187462, 43.61429748453628)}
solType: IP_Optimal
lowerBound: 256.3653708497918
upperBound: 256.3653626732226
Path: 
50 50
14.0423 27.0612
3.696 23.0675
8.3811 32.4737
23.4555 62.7446
36.1533 82.7367
52.3086 108.1715
42.9413 64.3441
69.8671 61.5876
64.9884 56.9701
50.866 43.6143
50 50
