OFV: 315.3523540218015
Runtime: 120.067223072052
Gap: 0
repPt: {0: (50, 50), 1: (10.209476576588848, 8.881143781002855), 2: (11.290039203236345, 39.35539672851523), 3: (23.25269157296951, 30.825459400948453), 4: (41.98355294460174, 14.176562727735437), 5: (66.00607451009758, 43.32231274467592), 6: (58.8461402097908, 49.756380301308305), 7: (5.839007976296999, 83.84125185047012), 8: (-15.609235274572093, 100.2697107556753), 9: (37.59096824980017, 27.650575996203735), 10: (20.508417055797914, 15.943920954094246), 11: (59.53256614211992, 46.20977477498999), 12: (45.210432727457444, 16.07447517534936)}
solType: IP_Optimal
lowerBound: 315.35155165236404
upperBound: 315.3523540218015
Path: 
50 50
58.8461 49.7564
66.0061 43.3223
59.5326 46.2098
45.2104 16.0745
41.9836 14.1766
23.2527 30.8255
37.591 27.6506
20.5084 15.9439
10.2095 8.8811
11.29 39.3554
-15.6092 100.2697
5.839 83.8413
50 50
