OFV: 797.6417829862078
Runtime: 290.0372687539784
Gap: None
Path: 
50 50
42.3045 48.4971
37.59 47.7809
32.7942 47.0517
28.1402 46.3438
19.918 38.2161
16.9788 35.3078
13.6144 31.9793
17.1177 31.2476
20.9574 30.4451
29.4111 22.9478
30.5648 21.923
34.8328 28.9096
36.1924 26.0454
37.87 22.5136
39.5089 19.0643
41.3256 15.2403
47.7519 13.4059
55.0667 11.317
62.2673 9.2601
69.8026 7.1095
64.6868 5.336
52.2292 1.0239
47.7105 4.3055
43.4248 7.4171
21.4249 1.5246
13.7962 6.2563
10.4704 8.322
28.8152 9.0812
29.4333 9.5563
29.9967 9.9894
31.0953 10.8321
31.9942 11.5222
42.87 18.8842
51.5439 24.7547
60.3159 30.6918
60.3167 30.6964
60.3175 30.7011
60.3183 30.7062
59.9606 42.572
59.9054 44.3391
59.8543 45.9748
76.3519 47.5769
83.3975 48.2578
86.8555 18.0581
87.5928 11.5912
88.3033 5.3596
92.4121 -13.0216
92.5547 -13.6626
114.9304 -16.893
96.5066 3.7054
96.9882 6.9279
97.3209 9.1566
97.7829 12.2482
112.5031 18.1022
113.3101 19.5979
111.1766 21.0096
108.4026 22.847
102.1294 27.0006
98.848 30.0472
97.2502 34.5541
95.5516 39.3429
93.9808 43.7697
93.0186 46.4862
92.1102 49.0513
85.4193 44.5331
79.5719 54.3059
74.3457 63.0442
71.8997 67.1372
68.3088 71.4068
64.4824 75.9574
60.703 80.4511
73.7433 85.9113
79.4598 85.6805
92.3177 85.1677
98.9247 84.9015
110.4173 84.4418
111.2299 81.3548
102.0402 79.3492
101.1256 76.3687
98.4738 67.747
88.2123 69.9976
83.7808 70.972
77.3562 72.3824
75.4108 72.8109
62.8813 81.5647
53.5705 88.068
32.2513 107.4649
23.6852 93.7892
16.0125 81.5397
7.9086 68.6015
7.8073 63.4474
7.6285 54.5314
5.9198 44.0353
9.8087 43.3215
14.5319 42.4558
22.108 50.4367
27.4642 56.0804
34.4524 63.4396
37.4168 65.0399
47.7929 65.3441
50 50
