OFV: 309.44658717246443
Runtime: 1158.359231806
Gap: -1.6371639571387432e-08
repPt: {0: (50, 50), 12: (51.30606444859393, 67.37936374390037), 11: (37.324213501190336, 85.72492108060743), 4: (55.5869245308987, 81.84214586345999), 3: (62.70888406887466, 50.297948185951725), 8: (59.596822982805506, 41.52983462667652), 15: (57.11555941663505, 34.539179714469704), 7: (54.96474055627436, 28.355125719534147), 16: (73.82479872724856, 10.082388747695424), 17: (57.744829063307876, 7.3639034399684675), 18: (32.45264066019868, 3.087914064483099), 13: (9.108509203747376, 3.7590394651858143), 14: (16.354759497176033, 15.334366038610984), 1: (15.93965007261378, 22.233242745029145), 2: (15.33225504245304, 32.32595710099592), 6: (35.78757555370926, 14.90660178643303), 5: (46.22201983390926, 15.08636172579012), 9: (46.44544178789206, 17.226211946910002), 10: (49.06831594293318, 42.3389468742585)}
solType: IP_Optimal
lowerBound: 309.4465922386124
upperBound: 309.44658717246443
Path: 
50 50
51.3061 67.3794
37.3242 85.7249
55.5869 81.8421
62.7089 50.2979
59.5968 41.5298
57.1156 34.5392
54.9647 28.3551
73.8248 10.0824
57.7448 7.3639
32.4526 3.0879
9.1085 3.759
16.3548 15.3344
15.9397 22.2332
15.3323 32.326
35.7876 14.9066
46.222 15.0864
46.4454 17.2262
49.0683 42.3389
50 50
