OFV: 550.2325119563948
Runtime: 40.097509628976695
Gap: None
Path: 
50 50
51.2596 50.5041
74.5759 39.2804
78.3629 41.8573
80.8302 27.4452
87.684 14.4096
88.2459 13.3381
103.0885 -1.6121
108.4271 5.1958
115.195 40.7143
99.9414 51.7443
97.934 57.7516
112.2166 64.933
112.0824 74.7046
91.7795 94.1302
91.7795 94.1302
110.7389 100.6484
81.5605 91.824
77.1376 84.1016
72.4079 75.8432
66.6542 65.7986
69.0345 71.7055
61.5981 82.9901
63.0383 88.8832
53.0418 87.7799
43.7748 86.7551
31.2267 84.9719
16.2971 74.7993
9.3084 79.2661
16.9584 76.6318
32.1969 71.3958
32.1969 71.3958
36.7035 100.0213
30.4604 87.1462
28.0846 73.5757
9.3176 29.1077
18.8823 30.5927
25.5694 39.5988
26.0638 40.2666
26.6351 41.0382
38.6072 49.0912
50 50
