OFV: 404.9832882898658
Runtime: 49.99982856900897
Gap: 0.0
repPt: {0: (50, 50), 6: (52.33429281010806, 39.808886969170295), 5: (36.194834116954205, 37.63392437841891), 9: (36.236793996904645, 37.4762735221378), 10: (64.32566248014308, 54.06728475290931), 14: (85.0614525406359, 85.90024605662894), 13: (96.21382066634762, 67.77973582371102), 16: (105.88493400293328, 50.53537503244412), 15: (80.53466391287178, 52.912666994155785), 19: (71.04511488229983, 53.8027422618241), 20: (74.77312457792657, 21.810231860677185), 3: (72.81718810271268, 21.837321072015794), 4: (37.213032417066735, 22.329452797003057), 1: (18.114508407652824, 61.939542648024975), 2: (-5.504954160962494, 37.79273379075767), 12: (-7.773857630123144, 47.14634163667784), 11: (2.538262749234194, 40.35239835273008), 8: (5.305915536182795, 38.5288699951102), 7: (24.171734167531607, 26.10203258479892), 18: (26.001244943097674, 25.828868108684436), 17: (44.88566942662589, 46.35119946974682)}
solType: IP_Optimal
lowerBound: 404.98330234682226
upperBound: 404.9832882898658
Path: 
50 50
52.3343 39.8089
36.1948 37.6339
36.2368 37.4763
64.3257 54.0673
85.0615 85.9002
96.2138 67.7797
105.8849 50.5354
80.5347 52.9127
71.0451 53.8027
74.7731 21.8102
72.8172 21.8373
37.213 22.3295
18.1145 61.9395
-5.505 37.7927
-7.7739 47.1463
2.5383 40.3524
5.3059 38.5289
24.1717 26.102
26.0012 25.8289
44.8857 46.3512
50 50
