OFV: 620.2414464459631
Runtime: 0.9325931280618533
Gap: None
repPt: {0: (50, 50), 40: (49.59584181915051, 45.76356553196696), 39: (47.39706242766057, 22.692717953833288), 9: (47.21074129823139, 20.743177320803607), 10: (46.335791454435046, 11.57491139068946), 32: (45.86326789615961, 6.620371372959704), 31: (27.636452337446272, 16.6531187724488), 26: (31.890304003097185, -5.724697466366023), 25: (25.498335889905277, 18.328977606184278), 23: (27.42768070454125, 27.45371978615454), 24: (32.28979297241611, 50.46549868458215), 20: (36.24195471317445, 60.553635602939856), 19: (19.271725738911513, 83.69184354484926), 14: (19.271725838837625, 83.69184343838), 13: (11.098396735375392, 89.89714935166612), 29: (27.041717835474266, 93.8893675230922), 30: (42.52985811530738, 97.76787013864902), 38: (40.37296849808932, 97.30460296480746), 37: (31.39330881985741, 95.37725949046315), 35: (35.97444300810483, 90.76894215203504), 36: (58.50916288594523, 68.09743612083821), 21: (58.21713615893865, 67.72236702031732), 22: (75.4672010509545, 70.29151669998288), 16: (75.89201294821773, 70.3548105045178), 15: (60.49337029173111, 79.42402880042526), 17: (65.78214885797257, 94.64248051917892), 18: (75.03237481863425, 121.31105953333397), 2: (101.30438252135059, 69.1907011538194), 1: (97.29854611657588, 59.25055173182032), 27: (94.1022567957267, 63.32931758675313), 28: (121.93047810582961, 61.04877214932383), 12: (116.1819543386747, 59.253224032243125), 11: (93.13443700308966, 52.04820479758024), 8: (90.81930719515462, 51.32589956880849), 7: (78.27539517726609, 43.99542187077003), 5: (80.34858940775797, 43.284165077933764), 6: (106.79884454939797, 34.2107198328916), 34: (103.1255073327741, 30.934315569958382), 33: (98.46460013029025, 20.694455616114794), 4: (89.90959722206635, 35.59441412273092), 3: (71.54274653081092, 28.69005926700359)}
lowerBound: 620.2414067094705
upperBound: 620.2414464459631
solType: IP_Optimal
Path: 
50 50
49.5958 45.7636
47.3971 22.6927
47.2107 20.7432
46.3358 11.5749
45.8633 6.6204
27.6365 16.6531
31.8903 -5.7247
25.4983 18.329
27.4277 27.4537
32.2898 50.4655
36.242 60.5536
19.2717 83.6918
19.2717 83.6918
11.0984 89.8971
27.0417 93.8894
42.5299 97.7679
40.373 97.3046
31.3933 95.3773
35.9744 90.7689
58.5092 68.0974
58.2171 67.7224
75.4672 70.2915
75.892 70.3548
60.4934 79.424
65.7821 94.6425
75.0324 121.3111
101.3044 69.1907
97.2985 59.2506
94.1023 63.3293
121.9305 61.0488
116.182 59.2532
93.1344 52.0482
90.8193 51.3259
78.2754 43.9954
80.3486 43.2842
106.7988 34.2107
103.1255 30.9343
98.4646 20.6945
89.9096 35.5944
71.5427 28.6901
50 50
