OFV: 400.12625816899117
Runtime: 6.834906008967664
Gap: 6.644285263910923e-09
repPt: {0: (50, 50), 16: (45.05690214930809, 38.899735619071315), 15: (30.41874294744599, 6.026980403824973), 11: (31.176122916562587, 5.658279842692508), 12: (44.75855562967663, -0.9566269405524828), 4: (19.867274853151688, 24.025341721935163), 3: (9.763548500041585, 34.166240882967934), 7: (41.97701207123297, 97.33469741303956), 8: (59.780340555162475, 94.72651142817301), 1: (86.09024650281779, 90.87188512624243), 2: (105.33445163091139, 99.45495733539666), 10: (105.33445213265543, 99.4549578454399), 9: (89.07785960512636, 82.7670853637998), 14: (88.97791095906538, 36.96337789129602), 13: (94.22123768446184, 15.989892865552386), 6: (84.92079969341611, 14.78276991198125), 5: (71.74019044113784, 31.217881625109495)}
solType: IP_Optimal
lowerBound: 400.12625551043817
upperBound: 400.12625816899117
Path: 
50 50
45.0569 38.8997
30.4187 6.027
31.1761 5.6583
44.7586 -0.9566
19.8673 24.0253
9.7635 34.1662
41.977 97.3347
59.7803 94.7265
86.0902 90.8719
105.3345 99.455
105.3345 99.455
89.0779 82.7671
88.9779 36.9634
94.2212 15.9899
84.9208 14.7828
71.7402 31.2179
50 50
