OFV: 427.45637080721093
Runtime: 0.0694988640025258
Gap: None
repPt: {0: (50, 50), 13: (59.489655887895, 38.319926740584535), 14: (68.48763175773429, 27.2451920706624), 16: (88.62638630181333, 2.4579521048278323), 15: (60.415820704694404, 11.601627605377079), 9: (59.263622508090194, 11.975007897391517), 10: (46.9786914901412, 15.95681690261409), 19: (33.8061255050423, 0.7542244685358246), 20: (14.010549453688908, -22.092325581412332), 2: (11.039436303489166, 50.19553021380995), 1: (26.64014434408358, 57.05699083637795), 18: (26.640133923306177, 57.0569856243083), 17: (29.79115651989951, 61.3520250367259), 11: (33.233404768914696, 66.0446435808658), 12: (61.55121959328294, 67.59409494723882), 7: (70.53852230286375, 76.54767951450391), 8: (80.54775539462337, 85.04005302679599), 3: (84.02141295186792, 83.189035743499), 4: (82.05775368484113, 95.16185054921722), 6: (65.15634194173373, 117.80174613226592), 5: (48.23189072007933, 92.88123807289443)}
lowerBound: 427.4562517613384
upperBound: 427.45637080721093
solType: IP_Optimal
Path: 
50 50
59.4897 38.3199
68.4876 27.2452
88.6264 2.458
60.4158 11.6016
59.2636 11.975
46.9787 15.9568
33.8061 0.7542
14.0105 -22.0923
11.0394 50.1955
26.6401 57.057
26.6401 57.057
29.7912 61.352
33.2334 66.0446
61.5512 67.5941
70.5385 76.5477
80.5478 85.0401
84.0214 83.189
82.0578 95.1619
65.1563 117.8017
48.2319 92.8812
50 50
