OFV: 288.30921163251134
Runtime: 6.956148465018487
Gap: -2.214799629717239e-08
repPt: {0: (50, 50), 6: (57.736874285340335, 48.05808445210207), 5: (63.875418017101346, 43.59994530180131), 11: (60.56906513904618, 44.47098083066535), 12: (46.87901350817548, 19.40191183609932), 9: (42.70402648268754, 21.60297333290493), 10: (27.92091887386428, 12.673236660052266), 4: (35.09551101396911, 12.025336774284028), 3: (19.6558542233411, 26.15251716994326), 1: (9.765556700904511, 11.218377460334267), 2: (9.335750841884726, 38.928108949814906), 8: (-14.454038463368901, 98.63476700273966), 7: (4.584746597841758, 84.26798218809061)}
solType: IP_Optimal
lowerBound: 288.3092180179827
upperBound: 288.30921163251134
Path: 
50 50
57.7369 48.0581
63.8754 43.5999
60.5691 44.471
46.879 19.4019
42.704 21.603
27.9209 12.6732
35.0955 12.0253
19.6559 26.1525
9.7656 11.2184
9.3358 38.9281
-14.454 98.6348
4.5847 84.268
50 50
