OFV: 440.66423632636656
Runtime: 56.1252908030001
Gap: 0.0
repPt: {0: (50, 50), 11: (50.93395219803167, 33.73745384615155), 12: (41.4821026243069, 26.190818376407787), 17: (37.69826610926685, 23.16830527457582), 18: (63.21390410658655, 0.48314790334836144), 16: (89.95100144872437, -4.681692609846961), 15: (85.99918958321875, 10.409996898749641), 9: (97.71593292725689, 49.36834969079489), 10: (124.02734086915447, 47.1928739424774), 14: (118.25572128297375, 82.58303666763608), 13: (99.39490727652947, 83.64852575415539), 1: (62.34173083792202, 70.748444149834), 2: (53.09987313867571, 88.43568502539308), 5: (54.99736722272212, 92.19857719235817), 6: (57.98259024539954, 105.19080992582029), 4: (51.93358861412262, 102.2670400847637), 3: (22.628396456331803, 88.0995992853935), 8: (-1.7810444424419394, 57.233297053218216), 7: (19.629217297055728, 49.130759105022065)}
solType: IP_Optimal
lowerBound: 440.6642363893743
upperBound: 440.66423632636656
Path: 
50 50
50.934 33.7375
41.4821 26.1908
37.6983 23.1683
63.2139 0.4831
89.951 -4.6817
85.9992 10.41
97.7159 49.3683
124.0273 47.1929
118.2557 82.583
99.3949 83.6485
62.3417 70.7484
53.0999 88.4357
54.9974 92.1986
57.9826 105.1908
51.9336 102.267
22.6284 88.0996
-1.781 57.2333
19.6292 49.1308
50 50
