OFV: 296.66576625420794
Runtime: 3.21145228901878
Gap: 4.50190785839142e-08
repPt: {0: (50, 50), 6: (49.11166007584136, 60.31764071552265), 5: (59.20880551615187, 60.12011372582075), 3: (62.99005467613688, 58.735209859180344), 4: (72.42913119632787, 68.18125489692666), 12: (105.39753486613208, 101.17072257742207), 11: (92.37756779677746, 98.00703653929396), 1: (38.47887359725588, 84.91661651277903), 2: (9.006243299129832, 70.47745446882094), 9: (9.586174581347557, 64.30407241976316), 10: (12.578865767565404, 32.44555906125565), 8: (20.504423866024265, 14.23665764097058), 7: (45.94550118448107, 25.85999538934027)}
solType: IP_Optimal
lowerBound: 296.6657528985885
upperBound: 296.66576625420794
Path: 
50 50
49.1117 60.3176
59.2088 60.1201
62.9901 58.7352
72.4291 68.1813
105.3975 101.1707
92.3776 98.007
38.4789 84.9166
9.0062 70.4775
9.5862 64.3041
12.5789 32.4456
20.5044 14.2367
45.9455 25.86
50 50
