OFV: 1184.3294552786272
Runtime: 1735.8419518538285
Gap: None
repPt: {0: (50, 50), 16: (49.554468485894, 50.49619280721557), 15: (42.030369833443615, 58.88228061687512), 72: (44.08894142975173, 58.62490980908779), 71: (28.462252003032535, 42.292302059498994), 19: (24.813659088598218, 38.47659011436525), 20: (26.511345857521096, 64.2083390754149), 29: (26.38584538156612, 61.684496075403295), 30: (45.90203722607083, 62.09503200787086), 33: (42.68258922446045, 60.795823994143184), 34: (39.71539139636442, 75.9131519127817), 100: (39.43740393819697, 77.33175225343545), 99: (33.754537782085386, 64.58205053061529), 27: (33.7545319214941, 64.58206119869541), 28: (39.795444120278134, 70.53375714709347), 68: (39.373105851592314, 70.08944052012407), 67: (34.73336285015669, 65.20939512419046), 89: (34.71479827740159, 65.1898839158619), 90: (50.35086927341432, 70.46665395901411), 7: (50.5893364627733, 73.62540552926883), 8: (52.67647363557241, 101.31047790950673), 85: (52.29920007799566, 94.41067043759563), 86: (52.87852109841246, 63.94953325744017), 10: (51.59401513316647, 63.98466445254141), 9: (21.47965543008685, 64.80914523334904), 4: (21.51854021158, 64.0816436500456), 3: (13.759652705109565, 83.33633825152981), 24: (14.13801677924165, 78.91540435236728), 23: (8.0921643755048, 61.42018783453754), 61: (10.87325307599588, 49.02521326208685), 62: (18.923117023406927, 13.18024560101899), 79: (16.827913335828416, 8.400481765243224), 80: (27.86472553560273, 0.3250428517185546), 21: (25.64305914249433, 4.192992167494265), 22: (33.44126265514813, -23.251370972560093), 14: (49.584996652787126, -13.581990143361063), 13: (37.59974645369387, 1.794524783829472), 91: (36.087527893762854, 3.73585655125754), 92: (59.80031227318974, -9.647086258927981), 12: (60.973046856817675, -10.309090008734618), 11: (59.25389970907594, 7.384678635289012), 69: (48.59914031555028, 7.302944129913927), 70: (58.02270360054803, 13.224289665097967), 55: (63.84364681740136, 16.883921384561166), 56: (92.98210428424092, 16.385024344578856), 93: (91.36740810710648, 19.69274423527547), 94: (112.21568707436118, 31.195758334479223), 88: (112.21565369187087, 31.19575812088272), 87: (101.08951061321827, 50.36452513575837), 96: (101.08961177488045, 50.36457764864224), 95: (96.78618295351872, 25.53309008236348), 43: (95.89997343551187, 25.716298594288098), 44: (106.3419979940135, 27.94461251501742), 64: (103.59809803304334, 25.91569084904737), 63: (94.67648415762967, 19.315639154285936), 83: (97.39537265848229, 16.332795321186893), 84: (117.06106602130174, 12.070982721146585), 54: (118.8387537141917, 0.6082924145609758), 53: (93.3351728315022, 5.658491817521335), 6: (90.46532038439969, 6.96872878284755), 5: (72.50448476802798, 15.184531008604402), 41: (72.5045136234923, 15.184542956628519), 42: (74.87314884040683, 23.770006713187854), 51: (70.81464024828772, 26.775137568842105), 52: (85.80654619180292, 24.46296040135996), 66: (85.50506399649541, 19.54221439597622), 65: (59.44019725082801, 35.72547617736866), 47: (58.442715127191214, 36.345303258629556), 48: (84.31989625479393, 43.026150023414274), 36: (84.69347699277343, 43.12256158722012), 35: (75.99413762589168, 40.38005478133495), 98: (75.99416010588885, 40.38002252387389), 97: (64.86435006187105, 51.79244031997719), 46: (64.75752647854166, 51.90203028263643), 45: (45.18146830971768, 33.995385908473914), 1: (40.536818924217485, 34.17634058123141), 2: (39.795338850797606, 23.655128167040576), 25: (39.79529654622277, 23.655107390890432), 26: (46.58781293664663, 26.78940028486408), 38: (47.13724521661467, 27.042615544871616), 37: (44.62328501034336, 48.240438102758915), 73: (44.623250252218625, 48.24039844395096), 74: (65.39350931953972, 46.69493081639417), 59: (65.5726675129447, 46.68170522467028), 60: (79.98171983803545, 50.28159372216278), 31: (86.32358235021115, 51.868295212361076), 32: (118.88711555390537, 54.65803918870864), 18: (120.9821797241018, 75.95054736136238), 17: (92.81850753060314, 71.30095402153162), 76: (97.04311052870361, 68.85306219548274), 75: (76.05131531742278, 80.3344660852434), 58: (77.11404168480222, 83.5531590335185), 57: (64.91469520151367, 66.85237685360636), 77: (64.91472413087351, 66.85237743140742), 78: (64.45312227011986, 82.97208458288367), 82: (60.59125097828095, 90.62053575662236), 81: (60.142608106065026, 74.34454580328735), 40: (60.64486741052207, 76.157351441554), 39: (59.78033498408924, 50.063467039816366), 50: (58.22699519698793, 52.101613038195026), 49: (54.03525873375818, 45.97835470365983)}
lowerBound: 1184.3290413814045
upperBound: 1184.3294552786272
solType: IP_Optimal
Path: 
50 50
49.5545 50.4962
42.0304 58.8823
44.0889 58.6249
28.4623 42.2923
24.8137 38.4766
26.5113 64.2083
26.3858 61.6845
45.902 62.095
42.6826 60.7958
39.7154 75.9132
39.4374 77.3318
33.7545 64.5821
33.7545 64.5821
39.7954 70.5338
39.3731 70.0894
34.7334 65.2094
34.7148 65.1899
50.3509 70.4667
50.5893 73.6254
52.6765 101.3105
52.2992 94.4107
52.8785 63.9495
51.594 63.9847
21.4797 64.8091
21.5185 64.0816
13.7597 83.3363
14.138 78.9154
8.0922 61.4202
10.8733 49.0252
18.9231 13.1802
16.8279 8.4005
27.8647 0.325
25.6431 4.193
33.4413 -23.2514
49.585 -13.582
37.5997 1.7945
36.0875 3.7359
59.8003 -9.6471
60.973 -10.3091
59.2539 7.3847
48.5991 7.3029
58.0227 13.2243
63.8436 16.8839
92.9821 16.385
91.3674 19.6927
112.2157 31.1958
112.2157 31.1958
101.0895 50.3645
101.0896 50.3646
96.7862 25.5331
95.9 25.7163
106.342 27.9446
103.5981 25.9157
94.6765 19.3156
97.3954 16.3328
117.0611 12.071
118.8388 0.6083
93.3352 5.6585
90.4653 6.9687
72.5045 15.1845
72.5045 15.1845
74.8731 23.77
70.8146 26.7751
85.8065 24.463
85.5051 19.5422
59.4402 35.7255
58.4427 36.3453
84.3199 43.0262
84.6935 43.1226
75.9941 40.3801
75.9942 40.38
64.8644 51.7924
64.7575 51.902
45.1815 33.9954
40.5368 34.1763
39.7953 23.6551
39.7953 23.6551
46.5878 26.7894
47.1372 27.0426
44.6233 48.2404
44.6233 48.2404
65.3935 46.6949
65.5727 46.6817
79.9817 50.2816
86.3236 51.8683
118.8871 54.658
120.9822 75.9505
92.8185 71.301
97.0431 68.8531
76.0513 80.3345
77.114 83.5532
64.9147 66.8524
64.9147 66.8524
64.4531 82.9721
60.5913 90.6205
60.1426 74.3445
60.6449 76.1574
59.7803 50.0635
58.227 52.1016
54.0353 45.9784
50 50
