OFV: 333.39524751283875
Runtime: 48.90515420900192
Gap: 1.7603244079692545e-07
repPt: {0: (50, 50), 11: (26.848570197252734, 50.990788163004446), 12: (3.6641781549361934, 51.982935245149335), 10: (56.17503754975782, -20.603614968412796), 9: (71.84050971704585, 4.274631580787717), 6: (77.20656749043646, 9.046125266484195), 5: (97.60977466833286, 27.187611675222165), 8: (116.4002414579243, 22.13306619202654), 7: (98.2630553950038, 30.16449895806868), 1: (87.34578294291819, 34.99854065121302), 3: (92.90350423541177, 44.818596059338816), 2: (98.48353244355208, 54.678189063713724), 4: (96.37239667039555, 64.79801309207186), 14: (83.13293469929646, 64.36991086858251), 13: (68.24845964335123, 57.91441066831181)}
solType: IP_Optimal
lowerBound: 333.3951888244596
upperBound: 333.39524751283875
Path: 
50 50
26.8486 50.9908
3.6642 51.9829
56.175 -20.6036
71.8405 4.2746
77.2066 9.0461
97.6098 27.1876
116.4002 22.1331
98.2631 30.1645
87.3458 34.9985
92.9035 44.8186
98.4835 54.6782
96.3724 64.798
83.1329 64.3699
68.2485 57.9144
50 50
