OFV: 854.7404026821021
Runtime: 42.20852169499267
Gap: None
Path: 
50 50
39.9065 45.0046
30.6379 40.4177
22.3381 36.3107
6.0262 28.234
8.2562 31.7024
23.7015 10.677
18.9877 3.5499
30.7379 -9.7317
42.1441 11.183
70.229 5.9213
75.1234 3.7834
63.7025 1.26
54.4037 -0.7992
48.4991 6.8531
39.9347 26.3082
39.9347 26.3082
31.952 18.5192
28.4596 46.4146
27.8777 51.0712
27.0666 63.7032
37.5838 62.0301
54.1464 89.7205
53.67 90.1727
42.4917 100.7832
17.2459 124.7532
15.5912 94.73
18.3133 91.8767
38.051 91.4854
41.6851 89.3737
41.7233 86.7497
41.8447 78.3772
49.679 67.5747
56.5816 63.923
69.8904 85.6044
75.0847 75.2966
89.1325 98.7004
92.7226 92.3349
103.3162 73.5237
106.5615 68.1821
81.0272 46.1975
75.2194 41.1994
63.3352 50.7788
64.004 42.4146
65.1226 28.5095
65.6057 22.4644
89.9009 3.4031
89.8927 3.4055
81.8522 15.9454
82.8452 16.3282
97.8431 22.1099
101.2461 33.1774
100.9467 44.6087
100.8092 49.8196
119.7353 71.7551
116.7004 83.8767
96.88 84.118
89.934 80.7867
76.3455 61.4081
73.2692 63.4017
55.3834 53.1022
50 50
