OFV: 370.7514273752112
Runtime: 135.5850451909937
Gap: -9.524973947181212e-08
repPt: {0: (50, 50), 7: (44.044279262138346, 96.37550340282152), 8: (59.232794522990766, 93.63597533172997), 9: (85.68374906135918, 88.86188185820534), 1: (88.54827716979557, 90.16176608584217), 2: (103.97128408389868, 97.15382038297733), 10: (104.55029275078824, 97.4167812885519), 14: (90.9908775627378, 36.298052022170616), 13: (92.8296891813737, 17.46555378268957), 6: (85.4691837507111, 16.713158071072883), 5: (73.83327530968052, 28.300441556187657), 12: (46.17905152253806, 2.1946603719861812), 11: (33.32034092036782, 6.814074448505874), 15: (32.055176611325365, 7.269678941022769), 16: (40.44011936219331, 36.090393332560616), 4: (19.655403387710066, 29.07922090318707), 3: (11.793881398555264, 33.45263349454027)}
solType: IP_Optimal
lowerBound: 370.7514626891881
upperBound: 370.7514273752112
Path: 
50 50
44.0443 96.3755
59.2328 93.636
85.6837 88.8619
88.5483 90.1618
103.9713 97.1538
104.5503 97.4168
90.9909 36.2981
92.8297 17.4656
85.4692 16.7132
73.8333 28.3004
46.1791 2.1947
33.3203 6.8141
32.0552 7.2697
40.4401 36.0904
19.6554 29.0792
11.7939 33.4526
50 50
