OFV: 952.7509499759044
Runtime: 3601.4617290361784
Gap: None
repPt: {0: (50, 50), 73: (55.21823284630491, 49.851095389971405), 74: (82.56862251036003, 49.04890447734212), 88: (82.56863776891146, 49.04885548328838), 87: (79.83678590628567, 73.19721642555767), 64: (80.5805683673721, 74.42335227561115), 63: (76.92587735543212, 75.80977427960481), 76: (76.62638455160187, 75.9226775724313), 75: (63.885457213438286, 80.76647341448025), 25: (60.89712298537298, 81.89932631571352), 26: (73.43480069379109, 85.86269881993813), 93: (76.39153119748714, 85.7503537678804), 94: (94.78933113552792, 85.03994721154594), 55: (97.6576780925606, 84.93080063853856), 56: (110.41612854071154, 84.44274143654197), 62: (111.22550838407837, 81.3476636263891), 61: (102.86869205114795, 79.48691894547022), 23: (101.9718683954962, 79.2871652917857), 24: (97.91468621250625, 67.38420717934467), 41: (83.42987475022962, 67.3253954528707), 42: (90.71470159134847, 49.84144554757677), 5: (90.7467285169285, 49.76401642809085), 6: (95.53930763900603, 38.24543914393667), 44: (97.08629770063605, 34.520585382857085), 43: (99.6967201151496, 28.23813422282362), 97: (99.69670993056843, 28.238155074037824), 98: (113.11513389454792, 21.76004944180687), 38: (113.11505368562091, 21.760066516714183), 37: (89.42295909983116, 8.213537524758248), 17: (88.38739590481747, 7.62288239807372), 18: (91.28645582952643, -12.730001630336925), 20: (91.28640845286121, -12.729995378929448), 19: (86.70892174179274, -0.36238423847887535), 39: (91.54898808505664, -1.3568697251665496), 40: (116.17990319119173, -15.22077843514122), 3: (102.83454754839838, 9.167786115077448), 4: (109.83957432535638, 12.305637856520153), 58: (110.52474314455645, 12.611959354646528), 57: (93.48315126711208, 17.01331662963153), 48: (87.28664143632287, 18.612576430504447), 47: (81.09144987227486, 44.11193254231645), 86: (81.09145936009585, 44.11187176057092), 85: (70.15171887830448, 61.021924192682555), 80: (70.15154908232769, 61.02219005404043), 79: (64.95100650125329, 68.96888325960242), 2: (65.98258064165401, 68.68249009544135), 1: (49.306172125656, 75.60080522633255), 90: (47.53726822146391, 74.79972623911502), 89: (18.229489147955803, 61.57768439959082), 52: (16.27991725729207, 60.695430671315265), 51: (8.18304091951518, 71.08696972839857), 9: (10.003159687582565, 74.24966170748517), 10: (20.32514270465746, 92.14403067087666), 84: (29.28778790366556, 107.69544912172596), 83: (27.588351126980427, 79.40366883212782), 96: (28.71005346150642, 73.0363804821738), 95: (24.214472934042753, 65.37041250233004), 14: (24.214492312850147, 65.37044111122715), 13: (8.751814939224243, 42.35464160023873), 27: (7.1998316183086395, 40.0485521917802), 28: (9.72612347379016, 36.404190530527735), 31: (9.72609770969146, 36.40415269456285), 32: (27.70177513789142, 46.14236504396134), 45: (27.701740082698223, 46.14239978586923), 46: (36.781019567159824, 43.56349228241693), 100: (36.781009578565005, 43.563522753744955), 99: (20.713344489605284, 37.20573003728694), 59: (20.713349666054135, 37.20569808123445), 60: (29.806762615990394, 29.116781118468424), 7: (26.804534797249165, 30.24356975330265), 8: (23.716419523214164, 23.322747054746646), 71: (17.98399989822655, 25.31439782198993), 72: (24.771132564786292, 16.53836587074654), 30: (23.63355545071561, 15.962164289739786), 29: (10.662100651871143, 9.372569925549262), 81: (12.018651795662144, 8.280748969970798), 82: (20.322334053344036, 1.5995691296486259), 65: (26.824287213336667, 7.074494518050252), 66: (49.266358482378216, 25.966539052611), 68: (44.04620196475739, 21.485764368102224), 67: (37.12149932016672, 29.168890109157417), 53: (36.77830358205191, 27.249194717448784), 54: (34.87685477094397, 16.630639823074702), 69: (34.87680947839023, 16.630676276408394), 70: (50.195259220169355, 18.558741315150364), 35: (50.195217792849775, 18.558704523729308), 36: (60.55539499837877, 11.063053646988486), 21: (60.29299394692155, 11.147888009499571), 22: (69.80073782249355, 7.401631542975993), 16: (67.68242188683983, 6.639814700544119), 15: (53.548518223245296, 1.5454741190461796), 92: (52.13463739906716, 1.0373231820540818), 91: (42.92478408107105, 7.528839948636481), 11: (37.30517820659438, 6.958838962813228), 12: (40.32275144437322, 12.013177985822136), 77: (40.415884530180634, 12.168896890305156), 78: (54.25028788521454, 35.34638016205424), 49: (55.55515681351484, 39.15291896878083), 50: (61.8511635309542, 32.38521844282406), 34: (61.47425088932354, 32.947985878875095), 33: (52.60782477845319, 46.118557253782775)}
lowerBound: 921.3382546272677
upperBound: 952.7509499759044
solType: IP_TimeLimit
Path: 
50 50
55.2182 49.8511
82.5686 49.0489
82.5686 49.0489
79.8368 73.1972
80.5806 74.4234
76.9259 75.8098
76.6264 75.9227
63.8855 80.7665
60.8971 81.8993
73.4348 85.8627
76.3915 85.7504
94.7893 85.0399
97.6577 84.9308
110.4161 84.4427
111.2255 81.3477
102.8687 79.4869
101.9719 79.2872
97.9147 67.3842
83.4299 67.3254
90.7147 49.8414
90.7467 49.764
95.5393 38.2454
97.0863 34.5206
99.6967 28.2381
99.6967 28.2382
113.1151 21.76
113.1151 21.7601
89.423 8.2135
88.3874 7.6229
91.2865 -12.73
91.2864 -12.73
86.7089 -0.3624
91.549 -1.3569
116.1799 -15.2208
102.8345 9.1678
109.8396 12.3056
110.5247 12.612
93.4832 17.0133
87.2866 18.6126
81.0914 44.1119
81.0915 44.1119
70.1517 61.0219
70.1515 61.0222
64.951 68.9689
65.9826 68.6825
49.3062 75.6008
47.5373 74.7997
18.2295 61.5777
16.2799 60.6954
8.183 71.087
10.0032 74.2497
20.3251 92.144
29.2878 107.6954
27.5884 79.4037
28.7101 73.0364
24.2145 65.3704
24.2145 65.3704
8.7518 42.3546
7.1998 40.0486
9.7261 36.4042
9.7261 36.4042
27.7018 46.1424
27.7017 46.1424
36.781 43.5635
36.781 43.5635
20.7133 37.2057
20.7133 37.2057
29.8068 29.1168
26.8045 30.2436
23.7164 23.3227
17.984 25.3144
24.7711 16.5384
23.6336 15.9622
10.6621 9.3726
12.0187 8.2807
20.3223 1.5996
26.8243 7.0745
49.2664 25.9665
44.0462 21.4858
37.1215 29.1689
36.7783 27.2492
34.8769 16.6306
34.8768 16.6307
50.1953 18.5587
50.1952 18.5587
60.5554 11.0631
60.293 11.1479
69.8007 7.4016
67.6824 6.6398
53.5485 1.5455
52.1346 1.0373
42.9248 7.5288
37.3052 6.9588
40.3228 12.0132
40.4159 12.1689
54.2503 35.3464
55.5552 39.1529
61.8512 32.3852
61.4743 32.948
52.6078 46.1186
50 50
