OFV: 372.12155461846925
Runtime: 22.469827138003893
Gap: 9.793930452777385e-08
repPt: {0: (50, 50), 7: (44.199637749791066, 96.5297538179234), 8: (59.69304994974795, 95.17263431000364), 1: (85.95481684155942, 92.87018796349732), 2: (103.33522301589184, 98.36073029081979), 10: (103.59646377940722, 98.44325493224864), 9: (91.02896006121989, 82.27613790851186), 14: (90.99446995577536, 36.83500693013929), 13: (92.83355290918591, 17.47026597240474), 6: (85.46910546507138, 16.713180378481887), 5: (73.8336923283139, 28.300442977733198), 12: (46.17867782987276, 2.1945784483075013), 11: (33.02628064136848, 6.920684236758107), 15: (32.05500810330628, 7.2700000685520205), 16: (40.439592038423214, 36.09090345542141), 4: (19.655168544661816, 29.079239031780922), 3: (11.793879105588736, 33.45270585034535)}
solType: IP_Optimal
lowerBound: 372.121518173143
upperBound: 372.12155461846925
Path: 
50 50
44.1996 96.5298
59.693 95.1726
85.9548 92.8702
103.3352 98.3607
103.5965 98.4433
91.029 82.2761
90.9945 36.835
92.8336 17.4703
85.4691 16.7132
73.8337 28.3004
46.1787 2.1946
33.0263 6.9207
32.055 7.27
40.4396 36.0909
19.6552 29.0792
11.7939 33.4527
50 50
