OFV: 944.7076303777462
Runtime: 3600.833838687977
Gap: None
repPt: {0: (50, 50), 16: (49.08648209551528, 53.14686790704474), 15: (44.95141870271078, 67.42327274921666), 58: (44.95142360560438, 67.423294827605), 57: (43.17607325724708, 89.46124223120407), 41: (41.1195008362799, 83.75004514843727), 42: (50.44483010259216, 85.5420302878381), 75: (50.45405335974361, 85.60457587729282), 76: (54.84244571745323, 115.31866383992742), 24: (56.870886912295894, 120.15472409114393), 23: (43.64853912774701, 103.10838548107984), 39: (35.50830967518631, 100.37718939387004), 40: (42.08144811154001, 103.39729205881511), 50: (42.918704827968746, 103.78273406689416), 49: (32.185455260620174, 78.62171284912957), 78: (31.430893729020944, 77.40168026839532), 77: (12.029396472144613, 93.1669198821062), 8: (11.21959731032112, 93.82550635038527), 7: (9.290868658333235, 90.36955293237718), 11: (9.290869072475722, 90.36956224954314), 12: (10.59432554255456, 77.73868477151603), 47: (8.52716114617921, 79.02889634576043), 48: (11.873139369355254, 74.0262444938278), 1: (29.008253558486025, 62.32938951104239), 2: (38.25236983545572, 73.58304841477616), 25: (38.252360064780724, 73.58304995112988), 26: (60.75283517321035, 68.80580475076236), 73: (60.71612901938616, 71.22242489781743), 74: (81.55199264040914, 72.33232325660464), 59: (81.45049275723966, 73.79081772258628), 60: (81.11658151771736, 78.51866023224146), 56: (81.11658679206396, 78.51865719018079), 55: (72.15803756120764, 79.26360622967805), 79: (78.84871690791661, 71.70510314662036), 80: (98.58830486506453, 82.91875888845883), 32: (114.64124079450824, 84.35872941157159), 31: (98.62648558521248, 89.42682666753657), 21: (98.35467201429539, 89.51291062132732), 22: (110.62963444750508, 68.21167412144732), 10: (103.66993884353546, 67.32439638408627), 9: (96.88454553997728, 66.46096887763275), 53: (98.44042187402415, 68.45297722435403), 54: (106.3815564466654, 50.534671472588656), 66: (108.8686896454548, 34.341812432319315), 65: (91.25709136396877, 17.37387321532089), 46: (123.55089341589027, -2.211534411248638), 45: (97.73974577051747, 0.1512628989428748), 20: (87.88605163223194, 1.0508842506404212), 19: (76.09940910724214, 20.13859331741892), 44: (76.09937279941282, 20.138588196969994), 43: (64.23943048994039, 28.45309467806043), 64: (64.23943395132854, 28.453099534621643), 63: (58.421486357935436, 23.013656851613142), 13: (57.29968475487644, 21.966727376354918), 14: (58.605128639709704, 12.667907918865158), 38: (56.74283788704129, 4.196038651421273), 37: (51.0198130168002, 6.528445822502082), 51: (50.59029540404256, 6.7037389381578185), 52: (56.714818492645, -14.210135466670858), 36: (42.97591331811953, -12.217264700379275), 35: (10.19297317514649, -4.813702071884073), 69: (6.6855846084389885, -4.019152116476659), 70: (16.08574581974328, -21.245538230173132), 28: (32.88556601157841, -23.618541019438318), 27: (30.80207199065645, 0.4734907199433862), 5: (38.99619178124987, 9.028199172160642), 6: (49.36740094597535, 19.86905642567215), 68: (45.43554260416052, 27.31561614735934), 67: (41.708872353548664, 34.38215293378289), 18: (48.31717546158689, 34.80993728387499), 17: (30.551467437273633, 33.461170157438644), 29: (28.889132230857648, 34.86290847141249), 30: (31.588279322423737, 49.58585514644451), 71: (31.72475295493769, 50.32641223103093), 72: (56.19388817769916, 55.59299620658134), 33: (56.19387758252372, 55.593000422687425), 34: (68.07285894812034, 35.80369217504845), 4: (66.76520487980693, 40.16321138658232), 3: (60.624866925242465, 60.6373731993085), 62: (66.83942979415278, 55.34108962845482), 61: (47.79093287544364, 55.46743131883166)}
lowerBound: 926.5409494527058
upperBound: 944.7076303777462
solType: IP_TimeLimit
Path: 
50 50
49.0865 53.1469
44.9514 67.4233
44.9514 67.4233
43.1761 89.4612
41.1195 83.75
50.4448 85.542
50.4541 85.6046
54.8424 115.3187
56.8709 120.1547
43.6485 103.1084
35.5083 100.3772
42.0814 103.3973
42.9187 103.7827
32.1855 78.6217
31.4309 77.4017
12.0294 93.1669
11.2196 93.8255
9.2909 90.3696
9.2909 90.3696
10.5943 77.7387
8.5272 79.0289
11.8731 74.0262
29.0083 62.3294
38.2524 73.583
38.2524 73.583
60.7528 68.8058
60.7161 71.2224
81.552 72.3323
81.4505 73.7908
81.1166 78.5187
81.1166 78.5187
72.158 79.2636
78.8487 71.7051
98.5883 82.9188
114.6412 84.3587
98.6265 89.4268
98.3547 89.5129
110.6296 68.2117
103.6699 67.3244
96.8845 66.461
98.4404 68.453
106.3816 50.5347
108.8687 34.3418
91.2571 17.3739
123.5509 -2.2115
97.7397 0.1513
87.8861 1.0509
76.0994 20.1386
76.0994 20.1386
64.2394 28.4531
64.2394 28.4531
58.4215 23.0137
57.2997 21.9667
58.6051 12.6679
56.7428 4.196
51.0198 6.5284
50.5903 6.7037
56.7148 -14.2101
42.9759 -12.2173
10.193 -4.8137
6.6856 -4.0192
16.0857 -21.2455
32.8856 -23.6185
30.8021 0.4735
38.9962 9.0282
49.3674 19.8691
45.4355 27.3156
41.7089 34.3822
48.3172 34.8099
30.5515 33.4612
28.8891 34.8629
31.5883 49.5859
31.7248 50.3264
56.1939 55.593
56.1939 55.593
68.0729 35.8037
66.7652 40.1632
60.6249 60.6374
66.8394 55.3411
47.7909 55.4674
50 50
