OFV: 363.3093257867144
Runtime: 0.12269608199130744
Gap: None
repPt: {0: (50, 50), 10: (37.373591309169456, 58.338397920697204), 9: (20.127446830676924, 69.44465788507722), 4: (38.09378258749507, 98.51815511748848), 3: (16.47097555604127, 82.09560028486784), 13: (15.826609918226513, 71.74057845966182), 14: (14.993913344374674, 58.2836696135335), 18: (13.884795014592683, 40.4980398296588), 17: (12.467974797310179, 17.69486866407236), 12: (12.511244029984054, 20.820194282453507), 11: (4.197646623881831, 10.60017157265395), 19: (4.602592741997073, 15.853632997671625), 20: (-10.101154071039886, 9.072912256485017), 1: (1.307416160231302, 3.282136545872966), 2: (1.0498655042984808, -14.552438200933565), 16: (26.086791701638088, -15.188534834003327), 15: (41.037237652222245, 10.546053762407972), 8: (69.87598912857113, 5.3447669539395735), 7: (63.84306927964667, 22.593006226130733), 5: (62.43298000189903, 26.628045819925653), 6: (58.20074385816368, 38.748967130908206)}
lowerBound: 363.3092593446768
upperBound: 363.3093257867144
solType: IP_Optimal
Path: 
50 50
37.3736 58.3384
20.1274 69.4447
38.0938 98.5182
16.471 82.0956
15.8266 71.7406
14.9939 58.2837
13.8848 40.498
12.468 17.6949
12.5112 20.8202
4.1976 10.6002
4.6026 15.8536
-10.1012 9.0729
1.3074 3.2821
1.0499 -14.5524
26.0868 -15.1885
41.0372 10.5461
69.876 5.3448
63.8431 22.593
62.433 26.628
58.2007 38.749
50 50
