OFV: 320.31129764789927
Runtime: 0.21211644494906068
Gap: None
repPt: {0: (50, 50), 11: (58.151060143578306, 96.68975822661271), 12: (60.79997555408192, 111.86278300083104), 9: (75.2233127593085, 95.50109740673564), 10: (79.30631322242539, 74.79722930067206), 15: (73.39378580183849, 54.205109922170394), 16: (75.80674908322165, 41.99403911429643), 7: (78.45752189826585, 28.583543627015562), 8: (91.67001872752792, 22.79786989369376), 17: (91.6700399502208, 22.79786597613817), 18: (103.62778766327459, 19.62880264614468), 6: (72.06316164619797, -11.014913024835892), 5: (64.4201211218015, 5.330839751980921), 1: (56.11808870240733, 17.47158062080047), 2: (48.42242465230803, 28.729519238070232), 13: (48.510023670655684, 23.417035666044647), 14: (44.04490594208937, 32.85675152281595), 4: (38.45827091635809, 44.664071885794165), 3: (54.35574815020675, 47.881683756594754)}
lowerBound: 320.3112907369341
upperBound: 320.31129764789927
solType: IP_Optimal
Path: 
50 50
58.1511 96.6898
60.8 111.8628
75.2233 95.5011
79.3063 74.7972
73.3938 54.2051
75.8067 41.994
78.4575 28.5835
91.67 22.7979
91.67 22.7979
103.6278 19.6288
72.0632 -11.0149
64.4201 5.3308
56.1181 17.4716
48.4224 28.7295
48.51 23.417
44.0449 32.8568
38.4583 44.6641
54.3557 47.8817
50 50
