OFV: 310.93472905342264
Runtime: 0.07335574692115188
Gap: None
repPt: {0: (50, 50), 12: (51.306119582742824, 67.37918666073331), 11: (37.32404125429653, 85.72465413787283), 4: (55.59161890023914, 81.83752023741316), 3: (62.73581373698927, 50.597373205069964), 8: (58.349610385495424, 41.83431648966226), 7: (53.043704681877806, 31.241608093063768), 15: (53.04370799604891, 31.241609130390923), 16: (73.84164120920997, 10.135585106111419), 17: (58.30086906555924, 7.48914332234878), 18: (32.45046929444678, 3.0877671711804067), 13: (9.108883294122705, 3.75833587489266), 14: (16.35488577685096, 15.334855523791697), 1: (16.025489756557448, 20.77489550213546), 2: (15.33190458811352, 32.325784771654604), 6: (35.78751925726882, 14.906620736403868), 5: (46.22090177196065, 15.085335149652108), 9: (46.53493919921701, 18.10832509482576), 10: (49.06837209619076, 42.33879688908653)}
lowerBound: 310.93471252925644
upperBound: 310.93472905342264
solType: IP_Optimal
Path: 
50 50
51.3061 67.3792
37.324 85.7247
55.5916 81.8375
62.7358 50.5974
58.3496 41.8343
53.0437 31.2416
53.0437 31.2416
73.8416 10.1356
58.3009 7.4891
32.4505 3.0878
9.1089 3.7583
16.3549 15.3349
16.0255 20.7749
15.3319 32.3258
35.7875 14.9066
46.2209 15.0853
46.5349 18.1083
49.0684 42.3388
50 50
