OFV: 391.6488312322766
Runtime: 0.15888126206118613
Gap: None
repPt: {0: (50, 50), 7: (20.120558996091077, 15.65160029556046), 8: (36.00263949020067, 5.84599969210572), 5: (50.183488506021106, -2.9090719345119695), 6: (56.324693868912966, -22.1520512315382), 20: (80.74055910902052, -9.9806707715879), 19: (71.51302771716702, 4.030674030860778), 3: (71.04453471709952, 4.7424876629980295), 4: (96.96101934019505, 7.75887578665186), 15: (100.7866289540861, 55.768718028790566), 16: (104.79512274617834, 60.61195604117225), 14: (107.41164213812158, 65.45479882480868), 13: (87.23163829107128, 83.07643715733037), 9: (80.00296466690645, 71.47398262189277), 10: (71.1523274927105, 93.30165760090544), 1: (71.15230289215258, 93.30157374813395), 2: (78.14164654623582, 98.26244161251088), 12: (70.44393519405574, 106.77533525286863), 11: (65.88303542009936, 80.58723632325173), 17: (49.33343218071654, 82.34300283201968), 18: (49.92051125082219, 53.892499877027966)}
lowerBound: 391.6488037359761
upperBound: 391.6488312322766
solType: IP_Optimal
Path: 
50 50
20.1206 15.6516
36.0026 5.846
50.1835 -2.9091
56.3247 -22.1521
80.7406 -9.9807
71.513 4.0307
71.0445 4.7425
96.961 7.7589
100.7866 55.7687
104.7951 60.612
107.4116 65.4548
87.2316 83.0764
80.003 71.474
71.1523 93.3017
71.1523 93.3016
78.1416 98.2624
70.4439 106.7753
65.883 80.5872
49.3334 82.343
49.9205 53.8925
50 50
