OFV: 302.9252115144268
Runtime: 0.04071510606445372
Gap: None
repPt: {0: (50, 50), 10: (46.441455927404675, 49.94901046292451), 9: (28.79935191130457, 23.595251360709938), 4: (50.46274924351795, -6.931444666201151), 3: (58.493992786827235, 0.764019276827782), 16: (61.78904760220079, 3.9206372598238417), 15: (84.43763978187859, 25.620439209218365), 13: (89.71053845259698, 54.29761550279416), 14: (93.10169407713809, 72.7539774280114), 6: (88.5082274141482, 105.89748395901809), 5: (76.85204164242509, 96.5683836650581), 1: (77.75663108752097, 94.84823717079762), 2: (54.998867254503786, 104.57407480857816), 12: (58.25955451346151, 105.83056357647425), 11: (57.188486583621234, 95.03607573126806), 7: (55.96867446032664, 82.73908205265346), 8: (54.23477555060286, 63.56700153060923)}
lowerBound: 302.92519295835183
upperBound: 302.9252115144268
solType: IP_Optimal
Path: 
50 50
46.4415 49.949
28.7994 23.5953
50.4627 -6.9314
58.494 0.764
61.789 3.9206
84.4376 25.6204
89.7105 54.2976
93.1017 72.754
88.5082 105.8975
76.852 96.5684
77.7566 94.8482
54.9989 104.5741
58.2596 105.8306
57.1885 95.0361
55.9687 82.7391
54.2348 63.567
50 50
