OFV: 326.4932676874125
Runtime: 0.013672898057848215
Gap: None
repPt: {0: (50, 50), 1: (80.02646310274665, 27.239166985664202), 2: (99.24727477902906, 20.389443384904723), 11: (87.85599421199807, 49.5523952738813), 12: (75.18145000706798, 41.64311318434829), 3: (67.15142534822814, 52.83240180765332), 4: (66.92128729421705, 76.636911362623), 9: (34.87518648725505, 75.66950300646677), 10: (9.658992414071621, 93.77696166888767), 5: (7.3331026672995, 65.35840907400359), 6: (4.653984600502925, 32.62567647119126), 7: (31.882470147061152, 25.284084496656522), 8: (46.67266251592742, 49.74525298917396)}
lowerBound: 326.4932647159187
upperBound: 326.4932676874125
solType: IP_Optimal
Path: 
50 50
80.0265 27.2392
99.2473 20.3894
87.856 49.5524
75.1815 41.6431
67.1514 52.8324
66.9213 76.6369
34.8752 75.6695
9.659 93.777
7.3331 65.3584
4.654 32.6257
31.8825 25.2841
46.6727 49.7453
50 50
