OFV: 220.22557216787945
Runtime: 0.3071390229961253
Gap: 3.510140963316982e-08
repPt: {0: (50, 50), 10: (37.49985338080185, 35.52961880073154), 9: (46.22005938186569, 25.817955888834152), 6: (57.18240421152435, 17.67079313603269), 5: (76.1051900189845, 42.436556236448986), 7: (76.10519000809556, 42.43655593004502), 8: (91.39240732379338, 41.746220024820126), 1: (100.11631791250859, 52.173693235209655), 2: (110.85333872691257, 61.06090547995732), 4: (95.15014986295705, 19.87916220563619), 3: (72.05937167504085, 26.36288106619722)}
solType: IP_Optimal
lowerBound: 220.22556443765143
upperBound: 220.22557216787945
Path: 
50 50
37.4999 35.5296
46.2201 25.818
57.1824 17.6708
76.1052 42.4366
76.1052 42.4366
91.3924 41.7462
100.1163 52.1737
110.8533 61.0609
95.1501 19.8792
72.0594 26.3629
50 50
