OFV: 275.4246257689297
Runtime: 0.5570462259929627
Gap: 0.0
repPt: {0: (50, 50), 7: (14.980138753247612, 25.294061343494896), 8: (2.4318507530298223, 21.45673557825533), 6: (9.748968034121473, 31.80429474708776), 5: (21.766687217804677, 63.82567464092945), 9: (35.26250101311588, 83.81682407444885), 10: (52.97985448082328, 110.05933033264168), 4: (41.29629512292278, 63.204932269626816), 3: (71.79576033384068, 62.134044382127), 1: (65.86572479044217, 56.482471968325214), 2: (50.32626381220671, 41.680566617510685)}
solType: IP_Optimal
lowerBound: 275.42464883732487
upperBound: 275.4246257689297
Path: 
50 50
14.9801 25.2941
2.4319 21.4567
9.749 31.8043
21.7667 63.8257
35.2625 83.8168
52.9799 110.0593
41.2963 63.2049
71.7958 62.134
65.8657 56.4825
50.3263 41.6806
50 50
