OFV: 442.76843559551645
Runtime: 0.030036153038963675
Gap: None
repPt: {0: (50, 50), 4: (61.932497663136864, 64.16098222148155), 3: (81.6561208626597, 87.57002478185431), 5: (81.4763209115651, 86.41895897302055), 6: (60.865327088151176, 83.15534423205399), 7: (64.4890050425706, 88.04800159795033), 8: (66.0716831556117, 108.70256912349973), 20: (66.21637587899346, 110.59253773420063), 19: (38.14471279305942, 90.86525101116183), 9: (35.751392230815135, 91.62652963002711), 10: (13.750626861489106, 105.18998548905557), 15: (11.8403695377546, 99.0766079445958), 16: (-6.205729417170781, 66.2853204705465), 1: (36.46540791365054, 7.366700002463622), 2: (46.740728293906486, -2.552591789594924), 18: (56.38236691662077, 18.55654529458121), 17: (67.44293470971905, 38.80055368282377), 13: (67.59306355055759, 38.49808800385), 14: (77.87485547243497, 63.33781967458114), 11: (96.19876595889528, 42.05644972524), 12: (65.99672445968106, 51.71537033179773)}
lowerBound: 442.76835278787337
upperBound: 442.76843559551645
solType: IP_Optimal
Path: 
50 50
61.9325 64.161
81.6561 87.57
81.4763 86.419
60.8653 83.1553
64.489 88.048
66.0717 108.7026
66.2164 110.5925
38.1447 90.8653
35.7514 91.6265
13.7506 105.19
11.8404 99.0766
-6.2057 66.2853
36.4654 7.3667
46.7407 -2.5526
56.3824 18.5565
67.4429 38.8006
67.5931 38.4981
77.8749 63.3378
96.1988 42.0564
65.9967 51.7154
50 50
