OFV: 320.3113000904441
Runtime: 3602.587474911008
Gap: 0.13814650861413175
repPt: {0: (50, 50), 11: (58.16872875037698, 96.79594573918492), 12: (60.80003808629485, 111.86280053003104), 9: (75.22334640202841, 95.501029186286), 10: (79.30631346716187, 74.7972327374827), 15: (73.39375519730152, 54.204387346682935), 16: (75.85131449573603, 41.77166936525735), 7: (78.45809734789273, 28.582827137552183), 8: (91.67001676472866, 22.797869680608382), 17: (91.67002316140406, 22.797868628822286), 18: (103.62774156060182, 19.628978587855254), 6: (72.06313414619183, -11.014907799506318), 5: (64.41982408051719, 5.331362034988031), 1: (58.185682966812955, 14.449319690406014), 2: (48.422090908301705, 28.729412771438156), 13: (48.50956628340526, 23.4169290177665), 14: (43.108556682821, 34.83441117490357), 4: (38.45814926045429, 44.66382880647042), 3: (54.35582079075271, 47.88225786590571)}
solType: IP_TimeLimit
lowerBound: 276.0614123132958
upperBound: 320.3113000904441
Path: 
50 50
58.1687 96.7959
60.8 111.8628
75.2233 95.501
79.3063 74.7972
73.3938 54.2044
75.8513 41.7717
78.4581 28.5828
91.67 22.7979
91.67 22.7979
103.6277 19.629
72.0631 -11.0149
64.4198 5.3314
58.1857 14.4493
48.4221 28.7294
48.5096 23.4169
43.1086 34.8344
38.4581 44.6638
54.3558 47.8823
50 50
