OFV: 443.10153251872043
Runtime: 16.084419929014985
Gap: -1.1111501596445071e-07
repPt: {0: (50, 50), 10: (39.54382588349846, 61.69857770667898), 9: (15.577002718576757, 69.85327597554293), 3: (13.043700554075057, 84.18668069706997), 4: (40.64638902096594, 101.61146156704412), 13: (20.862672599562252, 72.27834813826658), 14: (12.408570494691324, 59.74550737568425), 18: (9.994061966475606, 40.51173158889959), 17: (9.969132857775543, 12.705809301138126), 20: (-14.240151409923804, 10.106261563012504), 19: (8.0560748058603, 22.500200259929944), 12: (12.881740166803661, 25.180394049611618), 11: (4.277285119509203, 5.453563786843386), 1: (4.729619188511446, 5.353029285162243), 2: (-1.5776532393761102, -17.63017601737727), 16: (27.815991791825137, -18.817231620116104), 15: (39.41349424193077, 14.202827088394457), 8: (72.99711281422718, 2.8364981523690664), 7: (63.66554758354232, 24.646604651923703), 5: (65.86418962572854, 27.217304895542558), 6: (61.908855367920694, 40.328406678404576)}
solType: IP_Optimal
lowerBound: 443.1015817539543
upperBound: 443.10153251872043
Path: 
50 50
39.5438 61.6986
15.577 69.8533
13.0437 84.1867
40.6464 101.6115
20.8627 72.2783
12.4086 59.7455
9.9941 40.5117
9.9691 12.7058
-14.2402 10.1063
8.0561 22.5002
12.8817 25.1804
4.2773 5.4536
4.7296 5.353
-1.5777 -17.6302
27.816 -18.8172
39.4135 14.2028
72.9971 2.8365
63.6655 24.6466
65.8642 27.2173
61.9089 40.3284
50 50
