OFV: 920.5941502870363
Runtime: 152.48234430805314
Gap: None
Path: 
50 50
50.1982 45.7474
51.2996 22.2422
51.2996 22.2422
66.509 29.2794
71.5659 31.6178
78.7229 34.928
87.6059 39.0363
90.8692 53.7068
91.7744 57.7848
69.3048 37.6633
68.2421 39.2231
53.7836 60.4726
56.0784 74.2124
64.7516 80.7866
82.6444 85.1932
82.6444 85.1932
82.6444 85.1932
77.5082 76.639
72.9567 69.0594
72.17 59.8841
71.7871 55.4171
106.6729 48.7067
115.0093 46.8057
114.9798 46.8027
102.741 31.7104
97.9693 28.1678
93.5282 24.8714
88.572 21.1927
96.1115 20.9478
115.4829 20.3234
123.3097 25.2879
100.5807 36.0043
102.7884 43.003
111.8348 71.7087
115.0734 81.9767
95.7667 83.236
104.5519 94.4075
86.4781 84.9759
87.5775 78.4749
98.3203 55.1031
98.7037 65.5039
98.0346 49.4983
95.8603 46.8878
94.5933 45.3667
87.5153 43.7804
69.5541 39.7472
63.7997 38.4577
67.7792 37.662
75.031 15.4557
71.4556 9.4651
74.7358 6.3101
81.5212 6.1144
98.907 3.9654
98.1603 3.9529
87.2929 3.7656
87.293 3.7656
95.2196 -7.2871
93.8753 -14.5272
74.1514 -6.764
62.0399 8.1119
57.0818 14.2045
41.2809 11.2281
40.8156 0.2948
36.5878 2.7924
30.4116 6.4404
36.5283 6.3369
25.6126 20.4228
24.2278 22.2077
18.9949 28.9566
17.1895 31.284
14.5262 48.185
13.6534 53.7286
9.2666 62.0953
4.3129 71.5436
19.1795 64.5745
23.8579 47.643
12.0806 47.1398
25.9001 49.001
33.1621 44.6823
45.5862 37.2971
50 50
