OFV: 861.9781518469516
Runtime: 3.673444190993905
Gap: None
repPt: {0: (50, 50), 21: (41.23803710303663, 49.58472260642442), 22: (66.29412340758212, 56.457269150347855), 3: (66.29410411777343, 56.4572572125922), 4: (79.83455913846275, 27.638810864157335), 14: (74.08592342912839, 25.910518828703104), 13: (74.09743242116652, 41.59245065624203), 59: (74.66297968572965, 42.91227842033124), 60: (83.05945444160308, 62.50843610852804), 43: (90.93772991868414, 64.5556522974669), 44: (118.24658264500357, 71.41870862103146), 36: (118.24663078231636, 71.4187266383425), 35: (95.80605534356803, 71.85876262853525), 20: (105.35263011975283, 55.32355460611013), 19: (89.63616130067317, 40.49214502402162), 48: (88.78816584636027, 39.691096970880224), 47: (62.776094963020405, 24.226480685244628), 11: (46.435934891172515, 18.427005690128972), 12: (56.042984383479045, -0.8871812417957134), 25: (56.04299513143974, -0.88720531649893), 26: (63.85636697956807, -18.655840627363805), 6: (33.099839687258765, -19.94353117430851), 5: (31.241243094979293, 1.2781857920755235), 32: (29.137282669784057, 25.301264695006843), 31: (25.84176446561838, 62.92646680138415), 39: (25.46367564363686, 67.24177472749467), 40: (37.79296373700838, 56.46486122513165), 33: (36.5525450227583, 56.687239257865855), 34: (62.3363781357001, 69.24018003073583), 18: (60.796744321348044, 69.2169872122726), 17: (32.6960038749387, 68.78768122827256), 27: (34.5780173492182, 71.11351420247927), 28: (43.04738332587371, 81.58491916539211), 49: (43.047397015866636, 81.58496923357352), 50: (63.869136690351205, 71.88948039282846), 7: (63.869124896610266, 71.88947517368001), 8: (88.31262038056175, 86.34025064380822), 57: (86.02682901570321, 93.10450053781726), 58: (83.13480212348506, 107.22821101342092), 42: (72.64839824497231, 111.64222028364341), 41: (52.42303538383458, 95.99502304474741), 38: (43.89867828050281, 103.89961469591766), 37: (36.635826858070025, 76.0998716419765), 56: (34.77453190944037, 83.64517121802692), 55: (15.301126867937631, 82.09874932960378), 10: (15.30110715737025, 82.09876957889078), 9: (5.488652470620604, 86.96333023989236), 15: (5.488651673642975, 86.96334081956236), 16: (5.50399651394347, 68.88365195581729), 24: (7.822661163457457, 83.0142587910686), 23: (8.080163435018132, 60.81002870614939), 53: (8.092206631346647, 59.77905725208021), 54: (9.498141944843324, 45.75297431046608), 45: (9.584312668818555, 44.89601536930698), 46: (19.15079572538405, 34.013765362496116), 52: (19.150808412675097, 34.013762441052066), 51: (19.5264653920884, 45.858663031684586), 29: (29.151781669539474, 45.57896053820508), 30: (56.39632056061577, 44.78732254491779), 1: (55.54135690512626, 45.29190761274538), 2: (58.11950392779935, 59.953403900327444)}
lowerBound: 861.9303602138557
upperBound: 861.9781518469516
solType: IP_Optimal
Path: 
50 50
41.238 49.5847
66.2941 56.4573
66.2941 56.4573
79.8346 27.6388
74.0859 25.9105
74.0974 41.5925
74.663 42.9123
83.0595 62.5084
90.9377 64.5557
118.2466 71.4187
118.2466 71.4187
95.8061 71.8588
105.3526 55.3236
89.6362 40.4921
88.7882 39.6911
62.7761 24.2265
46.4359 18.427
56.043 -0.8872
56.043 -0.8872
63.8564 -18.6558
33.0998 -19.9435
31.2412 1.2782
29.1373 25.3013
25.8418 62.9265
25.4637 67.2418
37.793 56.4649
36.5525 56.6872
62.3364 69.2402
60.7967 69.217
32.696 68.7877
34.578 71.1135
43.0474 81.5849
43.0474 81.585
63.8691 71.8895
63.8691 71.8895
88.3126 86.3403
86.0268 93.1045
83.1348 107.2282
72.6484 111.6422
52.423 95.995
43.8987 103.8996
36.6358 76.0999
34.7745 83.6452
15.3011 82.0987
15.3011 82.0988
5.4887 86.9633
5.4887 86.9633
5.504 68.8837
7.8227 83.0143
8.0802 60.81
8.0922 59.7791
9.4981 45.753
9.5843 44.896
19.1508 34.0138
19.1508 34.0138
19.5265 45.8587
29.1518 45.579
56.3963 44.7873
55.5414 45.2919
58.1195 59.9534
50 50
