OFV: 443.1015304722562
Runtime: 19.94175346198608
Gap: 0.0
repPt: {0: (50, 50), 10: (39.54361216045568, 61.69872181987774), 9: (15.577122709545165, 69.85313300160517), 3: (13.04366799888772, 84.18661435170023), 4: (40.64664018943306, 101.61120476767465), 13: (20.818810774422385, 72.21227498265314), 14: (12.408643199164784, 59.74570649743126), 18: (9.994075323511286, 40.511672034073776), 17: (9.968671500020953, 12.705288440321457), 20: (-14.24055964063021, 10.107524557724897), 19: (8.111833482725478, 22.529005704366153), 12: (12.88243982465027, 25.179760494001414), 11: (4.2763910898349815, 5.455341263320927), 1: (4.729084047977024, 5.353907091630158), 2: (-1.5775701199738725, -17.630296193899028), 16: (27.815907223994106, -18.817289706072813), 15: (39.41384814942497, 14.202998327398259), 8: (72.99714444933166, 2.83652813628634), 7: (63.66554563548227, 24.646614802771236), 5: (65.864185436556, 27.217264110010554), 6: (61.90846836333907, 40.32898697179128)}
solType: IP_Optimal
lowerBound: 443.10158097823717
upperBound: 443.1015304722562
Path: 
50 50
39.5436 61.6987
15.5771 69.8531
13.0437 84.1866
40.6466 101.6112
20.8188 72.2123
12.4086 59.7457
9.9941 40.5117
9.9687 12.7053
-14.2406 10.1075
8.1118 22.529
12.8824 25.1798
4.2764 5.4553
4.7291 5.3539
-1.5776 -17.6303
27.8159 -18.8173
39.4138 14.203
72.9971 2.8365
63.6655 24.6466
65.8642 27.2173
61.9085 40.329
50 50
