OFV: 329.9976377418731
Runtime: 79.23541913900408
Gap: 4.2733495886510036e-07
repPt: {0: (50, 50), 11: (37.907077835063916, 5.7802960864032515), 12: (47.82546941849011, -0.28030934652200745), 15: (50.040181979372306, -1.6335733888633095), 16: (63.07765503714837, -9.59977444810051), 4: (98.45944597703422, -2.0415131872694605), 3: (95.81984292674711, 11.484523072429404), 5: (87.59703496485491, 53.68252744262278), 6: (80.23692640041077, 71.44786602257997), 1: (48.695591667854664, 75.61820487606076), 2: (28.664689643430904, 75.89564483951278), 10: (30.03006202991275, 78.37758011824366), 9: (18.145733623857875, 66.0194043696062), 8: (18.564768659154943, 55.824800644602284), 7: (19.1388772033566, 41.63834510287819), 13: (11.874029491009598, 41.902417000317186), 14: (41.17251993288256, 48.125911896063975)}
solType: IP_Optimal
lowerBound: 329.99749672234617
upperBound: 329.9976377418731
Path: 
50 50
37.9071 5.7803
47.8255 -0.2803
50.0402 -1.6336
63.0777 -9.5998
98.4594 -2.0415
95.8198 11.4845
87.597 53.6825
80.2369 71.4479
48.6956 75.6182
28.6647 75.8956
30.0301 78.3776
18.1457 66.0194
18.5648 55.8248
19.1389 41.6383
11.874 41.9024
41.1725 48.1259
50 50
