OFV: 353.2727352598243
Runtime: 662.7290999660036
Gap: 2.0297948045678668e-08
repPt: {0: (50, 50), 11: (56.21627364198266, 97.08884547981395), 12: (60.213850672559865, 113.77570719731352), 9: (77.07149094990827, 96.2787272025097), 10: (81.3369024252416, 75.10635430959657), 15: (71.38010629608131, 54.0544158215159), 16: (74.51560925183071, 42.43102986260664), 7: (77.12234089835272, 27.029542259845538), 8: (87.99928395507696, 20.582263817067037), 17: (88.2287880305565, 21.64756860557359), 18: (105.67453014982748, 19.76600451069775), 6: (72.03842418107297, -13.055796210288879), 5: (66.03860719457232, 6.542574134224851), 1: (58.653689727017124, 16.466265675712414), 2: (48.050381795957314, 30.716393636717108), 14: (48.07500309161285, 30.389115088155624), 13: (48.75655966785974, 21.41613622008202), 4: (36.59853880477832, 45.42242531724665), 3: (56.33849258359201, 47.619233817431464)}
solType: IP_Optimal
lowerBound: 353.27272808911266
upperBound: 353.2727352598243
Path: 
50 50
56.2163 97.0888
60.2139 113.7757
77.0715 96.2787
81.3369 75.1064
71.3801 54.0544
74.5156 42.431
77.1223 27.0295
87.9993 20.5823
88.2288 21.6476
105.6745 19.766
72.0384 -13.0558
66.0386 6.5426
58.6537 16.4663
48.0504 30.7164
48.075 30.3891
48.7566 21.4161
36.5985 45.4224
56.3385 47.6192
50 50
