OFV: 955.9315992019563
Runtime: 73.51173792500049
Gap: None
Path: 
50 50
33.1788 50.9596
64.3985 58.6369
71.7365 63.9466
65.2835 61.8883
47.0665 56.0783
46.4513 55.8821
43.5731 54.9641
17.1288 41.8892
17.0749 41.9253
5.7867 49.4993
5.7185 52.7575
5.0733 83.5788
8.4306 86.5091
27.907 103.5175
28.9986 103.8389
49.6814 120.2362
54.6566 103.15
54.8644 91.612
54.978 85.2572
74.7311 93.0232
87.2407 108.6903
83.7543 93.0252
83.1887 82.0363
87.4775 59.2938
83.506 62.0448
61.5252 77.2652
43.1899 75.605
39.11 71.2655
34.3609 66.2138
30.2176 61.8018
20.8402 51.8191
11.4091 41.7794
6.8906 36.968
10.9325 13.8461
11.7616 15.4908
28.5975 24.3043
29.8426 24.9569
44.7647 25.2496
56.5804 25.4812
60.8265 17.6175
55.2395 13.5862
26.4219 19.353
26.7884 17.9009
29.4008 7.531
31.6116 -1.2411
30.905 -7.6236
35.325 5.0606
43.2528 27.8022
44.9708 21.751
65.3782 31.3705
65.8985 31.6159
69.3129 30.6307
82.4119 26.8542
95.7222 16.3158
110.845 14.4956
99.6257 18.7557
99.2361 18.9033
99.2361 18.9033
107.938 29.5571
118.1675 42.0816
118.7955 49.3299
99.2621 62.3075
98.3305 63.5909
99.2025 71.8387
99.2107 71.9155
84.72 82.9134
82.9003 84.2938
85.1111 88.1417
96.1408 95.1293
108.5926 90.6177
117.7564 83.5511
102.0171 61.1933
104.913 49.7733
95.9404 47.5646
93.1453 46.8775
81.4285 43.9926
79.6424 44.2315
76.881 44.6004
59.011 46.9772
54.6202 47.5633
50 50
