OFV: 327.59192615585476
Runtime: 189.70740157499677
Gap: 0.0
repPt: {0: (50, 50), 3: (57.74072460341502, 50.20776696005985), 4: (71.81012559931561, 50.585194520722496), 11: (77.39721988203013, 37.65036386815805), 12: (80.58031182517708, 62.8029419748731), 9: (94.18746246836791, 56.18679305094571), 10: (97.68201236175973, 40.98618620150825), 7: (98.64575397780958, 36.79512527270317), 8: (112.31137914897624, 27.237158621844163), 15: (61.42313600348251, 1.0414989692210226), 16: (47.21365237422481, -6.274784891527939), 2: (59.14813063368627, -7.513965603747652), 1: (47.96727311389449, 13.338429407249826), 14: (37.33361365938826, 27.908636723733103), 13: (29.372580507533552, 60.40743455589697), 5: (27.004822319320095, 42.457722664889346), 6: (54.898851134432256, 43.377078736975996)}
solType: IP_Optimal
lowerBound: 327.59192625848993
upperBound: 327.59192615585476
Path: 
50 50
57.7407 50.2078
71.8101 50.5852
77.3972 37.6504
80.5803 62.8029
94.1875 56.1868
97.682 40.9862
98.6458 36.7951
112.3114 27.2372
61.4231 1.0415
47.2137 -6.2748
59.1481 -7.514
47.9673 13.3384
37.3336 27.9086
29.3726 60.4074
27.0048 42.4577
54.8989 43.3771
50 50
