OFV: 391.6472461002385
Runtime: 0.48231978600961156
Gap: 0.0
repPt: {0: (50, 50), 8: (39.44118693876577, 51.025527824628064), 7: (23.002791548515873, 31.242500422987046), 12: (28.861955485071732, -0.37193169570039875), 11: (56.91576543785211, 3.380289304972865), 5: (95.89063551758873, 8.592948677246653), 6: (110.24089284567553, 41.70635131363786), 3: (72.4112769044774, 83.19158456366253), 4: (47.585826096625425, 95.07663283218085), 10: (24.680315683709853, 100.7646894054988), 9: (7.752091350890558, 79.03036661805716), 1: (23.775389304288286, 74.44526517527335), 2: (34.73215142094442, 59.24209033131092), 13: (22.568488053823323, 64.0443715080477), 14: (52.91294192100382, 50.67837368247145)}
solType: IP_Optimal
lowerBound: 391.6472531800864
upperBound: 391.6472461002385
Path: 
50 50
39.4412 51.0255
23.0028 31.2425
28.862 -0.3719
56.9158 3.3803
95.8906 8.5929
110.2409 41.7064
72.4113 83.1916
47.5858 95.0766
24.6803 100.7647
7.7521 79.0304
23.7754 74.4453
34.7322 59.2421
22.5685 64.0444
52.9129 50.6784
50 50
