OFV: 393.8291905150474
Runtime: 80.84421403997112
Gap: 3.385386475183307e-08
repPt: {0: (50, 50), 8: (43.10386028480215, 43.6567538628085), 7: (40.88069241382288, 13.059808566184751), 13: (40.8806927877145, 13.059807090989112), 14: (28.433008028621575, -2.2538983857729358), 1: (0.8768865422502055, 18.263354815851116), 2: (-11.972811954898276, 27.828995190127184), 10: (0.11556595007535675, 90.13501624332707), 9: (9.166956910069024, 86.38471699989658), 5: (46.51127813677641, 70.91382632628245), 6: (57.551296867244616, 52.228096607263865), 16: (60.12564628212541, 53.26269219406482), 15: (84.95087972026072, 63.2386410088821), 12: (121.54303352256011, 72.29216035863513), 11: (96.76240316858265, 68.23039675009124), 4: (86.70797414897929, 66.58263096993265), 3: (80.87035671889561, 53.05208334864992)}
solType: IP_Optimal
lowerBound: 393.82917718240725
upperBound: 393.8291905150474
Path: 
50 50
43.1039 43.6568
40.8807 13.0598
40.8807 13.0598
28.433 -2.2539
0.8769 18.2634
-11.9728 27.829
0.1156 90.135
9.167 86.3847
46.5113 70.9138
57.5513 52.2281
60.1256 53.2627
84.9509 63.2386
121.543 72.2922
96.7624 68.2304
86.708 66.5826
80.8704 53.0521
50 50
