OFV: 902.3042887489631
Runtime: 24.83987024007365
Gap: None
Path: 
50 50
55.8042 49.8419
35.1536 47.0994
42.9117 55.7316
44.1619 62.3291
46.4695 74.522
48.1971 83.643
44.3233 88.2649
38.0632 95.736
37.1415 93.4796
42.4966 122.6609
108.8746 127.0806
93.0851 97.9408
83.8621 80.9245
86.0967 68.5222
78.1755 68.5121
61.1847 96.8638
34.6924 78.0303
31.8523 65.8042
26.0855 57.3456
20.0148 57.2866
13.4163 57.2219
16.0461 48.4916
17.7057 42.9854
5.7554 15.9844
5.9316 13.5005
7.5879 -10.0399
10.9805 -1.958
31.973 -9.9843
25.3395 7.1007
44.9576 27.2075
37.8788 24.8544
23.8528 24.4668
18.2378 35.9199
29.8995 33.0626
32.9704 29.3038
47.532 11.48
38.6179 8.822
30.4711 21.0342
30.5166 21.036
54.5818 21.944
56.567 20.4057
73.2215 5.1975
81.9836 11.9793
105.0337 29.8117
125.836 45.9071
114.4695 46.5121
96.0278 42.1157
98.1005 44.7607
87.329 35.3562
83.3331 31.8702
87.6015 22.5728
72.4469 38.1121
70.4794 47.478
58.5871 69.8398
58.1049 66.9061
56.4274 56.7337
57.6059 61.1956
32.5763 45.9368
33.7243 46.2056
46.5692 49.1986
50 50
