OFV: 393.31567481330325
Runtime: 0.07317547604907304
Gap: None
repPt: {0: (50, 50), 12: (45.89393928407721, 32.038679665174385), 11: (35.8620166207465, 19.461479852428674), 10: (2.7717333487968814, -6.678422454862604), 9: (18.759060463500965, 16.796619339683456), 4: (22.402428392982948, 20.33532076866461), 3: (17.709503213374497, 42.44316079138886), 2: (-4.733684432704828, 73.11918680942058), 1: (16.271021891953733, 76.3619178881573), 5: (39.84807305120364, 65.85058214642564), 6: (52.58880936990698, 83.85100704238427), 15: (87.55870044290617, 72.30881506420961), 16: (89.91066372710893, 68.48852374321574), 13: (96.97763375266169, 64.28899168327453), 14: (120.6283191995982, 50.23416629605863), 8: (79.75754028559258, 43.946572662145144), 7: (60.731801123240665, 56.20202364574543)}
lowerBound: 393.31564708619754
upperBound: 393.31567481330325
solType: IP_Optimal
Path: 
50 50
45.8939 32.0387
35.862 19.4615
2.7717 -6.6784
18.7591 16.7966
22.4024 20.3353
17.7095 42.4432
-4.7337 73.1192
16.271 76.3619
39.8481 65.8506
52.5888 83.851
87.5587 72.3088
89.9107 68.4885
96.9776 64.289
120.6283 50.2342
79.7575 43.9466
60.7318 56.202
50 50
