OFV: 392.3999877300908
Runtime: 0.015905934036709368
Gap: None
repPt: {0: (50, 50), 2: (51.45733102725228, 65.63260264191113), 1: (30.78321347792076, 58.29595820012941), 7: (7.746612136286521, 85.56344826132982), 8: (11.63003898066432, 97.1479080108946), 11: (7.91579674296902, 98.98806810467552), 12: (-7.086966467726274, 115.71751071738605), 4: (41.86795808605753, 93.10495950905675), 3: (58.54330771566225, 68.94149080709809), 9: (89.92257443911939, 60.13118390265169), 10: (103.60988834819386, 55.595484865456946), 6: (51.57218015317611, -5.202724410454376), 5: (35.979905267026496, 10.148370363637088), 14: (34.775259355113484, 18.742435203868805), 13: (48.18551126800538, 25.93625951174445)}
lowerBound: 392.39997553013455
upperBound: 392.3999877300908
solType: IP_Optimal
Path: 
50 50
51.4573 65.6326
30.7832 58.296
7.7466 85.5634
11.63 97.1479
7.9158 98.9881
-7.087 115.7175
41.868 93.105
58.5433 68.9415
89.9226 60.1312
103.6099 55.5955
51.5722 -5.2027
35.9799 10.1484
34.7753 18.7424
48.1855 25.9363
50 50
