OFV: 276.5417795307162
Runtime: 80.04661042103544
Gap: -6.968378365811167e-08
repPt: {0: (50, 50), 6: (56.727606351136465, 70.31940656186536), 5: (62.54168637495437, 87.87889271702723), 14: (34.5311811561351, 87.64903733849715), 13: (27.32557937545906, 65.66117228710291), 3: (26.253347669656378, 63.515054959612634), 4: (12.713317599702393, 36.44342911462405), 7: (8.945181929907177, 37.9514798427879), 8: (9.368784466766947, 54.738451792647886), 10: (25.44578260635229, 47.13832209671764), 9: (51.79396141298364, 34.677549972289825), 12: (57.78113365111345, 5.4025532577728725), 11: (51.8254513603058, 20.176572930026968), 1: (40.73126445437378, 47.71073864766725), 2: (46.66395177479131, 49.17636147250301)}
solType: IP_Optimal
lowerBound: 276.54179880119375
upperBound: 276.5417795307162
Path: 
50 50
56.7276 70.3194
62.5417 87.8789
34.5312 87.649
27.3256 65.6612
26.2533 63.5151
12.7133 36.4434
8.9452 37.9515
9.3688 54.7385
25.4458 47.1383
51.794 34.6775
57.7811 5.4026
51.8255 20.1766
40.7313 47.7107
46.664 49.1764
50 50
