OFV: 1353.0631853719838
Runtime: 9.25132060307078
Gap: None
repPt: {0: (50, 50), 33: (52.72265678531969, 48.26001005597662), 34: (67.86083444189015, 33.14711125151219), 86: (81.15299813056481, 38.90581123287168), 85: (71.98176050395338, 65.287604377952), 80: (74.78752610693638, 60.690593731055706), 79: (61.97205845447006, 74.46385615659976), 75: (61.21861428321234, 78.2806558831328), 76: (82.7168642053527, 76.09771856069693), 64: (84.25404502478959, 76.1331232197091), 63: (73.68146286159217, 72.1759606992709), 87: (73.72633510666604, 72.08149121512933), 88: (85.93211797411294, 46.51891065841313), 42: (85.89886674552491, 46.59226743782647), 41: (75.76055497878141, 68.83009662350673), 2: (73.6633636613615, 69.20521972823803), 1: (52.18689198327181, 82.31986381835506), 25: (55.775065695927275, 83.67461709469242), 26: (72.10173479615058, 89.82655337572662), 93: (75.86900912546412, 87.10307315646396), 94: (95.95746520540501, 85.05694860812443), 55: (97.51224981633125, 84.89871191202293), 56: (113.1365574506636, 87.40341054935794), 62: (114.98266441392916, 79.72074810373383), 61: (99.00726411649168, 82.03311909463676), 23: (99.00722598286261, 82.03314381379076), 24: (99.02408250755927, 62.079351203764325), 5: (97.28066923725545, 55.35998397379099), 6: (97.82403828275649, 35.311802006665445), 44: (97.82403720950288, 35.311803095942416), 43: (96.66296023947474, 24.276173730692058), 97: (95.75801223620675, 25.019589687890765), 98: (117.30356252003035, 22.386249244244166), 38: (112.61943790870528, 25.729466068071105), 37: (92.47112440950212, 0.33431541380817076), 20: (87.91415768563942, -15.802172783029441), 19: (83.94037310252108, 3.965089373071241), 17: (83.14989256787612, 7.889710762942986), 18: (96.76586341323366, -16.105025232903248), 40: (118.4490549982223, -18.795546156846083), 39: (96.94899132113865, 5.75086312986885), 3: (98.19193786300305, 9.15674710522089), 4: (113.85045881262504, 12.834765934218634), 58: (114.50736061021827, 12.989977423292602), 57: (92.593947243565, 14.987347171552843), 48: (84.51252738541253, 15.726011492760987), 47: (84.38899280203184, 50.29147010580424), 74: (85.38512671037068, 51.920003653083825), 73: (57.09527602250412, 44.7660097118626), 49: (56.79951064101365, 44.691320398625365), 50: (63.89507027829686, 28.82023409458573), 78: (61.237602848655726, 29.4685391683691), 77: (36.859543353176015, 10.222783601660279), 54: (36.8232422554987, 11.252614349943341), 53: (36.1183675395443, 30.73949244646111), 67: (36.03779093002898, 33.01935660701273), 68: (45.57234917523457, 16.760495240196608), 35: (45.615363938683636, 16.742507852894843), 36: (64.04507630439754, 9.087600703691297), 21: (56.51112119924677, 12.452337075608087), 22: (73.8009737176701, 7.223571223386977), 16: (70.3474070921911, 5.986814716242471), 15: (51.61242172091989, -0.7261268787521329), 92: (51.04103293593191, -2.9042147152137936), 91: (45.425434641232755, 11.868867154859952), 12: (45.35519491578839, 12.05266030251958), 11: (33.706515538760925, 4.646811795457052), 65: (33.450634847487464, 4.483593401701838), 66: (52.95514385956026, 27.991126093790747), 70: (52.236711911599286, 26.568369432421417), 69: (30.163599533471903, 19.168785704962776), 60: (32.913685070423355, 24.68196202575737), 59: (16.760770677611564, 34.69667772632472), 7: (22.19128061721935, 34.38552590902438), 8: (26.05547655928394, 19.136329395570794), 30: (26.76394489078244, 16.332205802658265), 29: (6.638387504842851, 9.495120779507669), 81: (9.402537417893694, 7.001039788707139), 82: (19.86814863447194, -2.447520681700558), 72: (28.65936700038322, 14.40613338066127), 71: (11.688514601580485, 28.45567773800713), 31: (9.899336954274743, 29.93692992213491), 32: (31.707530626556565, 46.51243128066044), 45: (27.430602598184908, 50.841543003171026), 46: (41.50138245571894, 43.837303714673524), 100: (41.094871704692395, 44.94941242858759), 99: (16.70206748834932, 38.83036890387099), 28: (16.56857580610137, 38.79711989771148), 27: (3.0476300418355224, 40.94392962917573), 13: (4.157170722018507, 42.081592998987276), 14: (28.213911430751764, 66.75156672433859), 95: (23.70755926464426, 61.11543033837553), 96: (32.60638483585513, 71.60437727892224), 83: (23.45651828537617, 79.91668057976135), 84: (30.31520970447619, 111.56624135222457), 10: (21.72007218122752, 94.04825969697835), 9: (9.778613539824713, 70.8838102614701), 51: (4.048625428778992, 69.65907855454681), 52: (15.387618481137663, 56.794763743066156), 89: (19.03660676878193, 57.99260689058609), 90: (50.506350057031064, 68.29525055731631)}
lowerBound: 1353.01403593856
upperBound: 1353.0631853719838
solType: IP_Optimal
Path: 
50 50
52.7227 48.26
67.8608 33.1471
81.153 38.9058
71.9818 65.2876
74.7875 60.6906
61.9721 74.4639
61.2186 78.2807
82.7169 76.0977
84.254 76.1331
73.6815 72.176
73.7263 72.0815
85.9321 46.5189
85.8989 46.5923
75.7606 68.8301
73.6634 69.2052
52.1869 82.3199
55.7751 83.6746
72.1017 89.8266
75.869 87.1031
95.9575 85.0569
97.5122 84.8987
113.1366 87.4034
114.9827 79.7207
99.0073 82.0331
99.0072 82.0331
99.0241 62.0794
97.2807 55.36
97.824 35.3118
97.824 35.3118
96.663 24.2762
95.758 25.0196
117.3036 22.3862
112.6194 25.7295
92.4711 0.3343
87.9142 -15.8022
83.9404 3.9651
83.1499 7.8897
96.7659 -16.105
118.4491 -18.7955
96.949 5.7509
98.1919 9.1567
113.8505 12.8348
114.5074 12.99
92.5939 14.9873
84.5125 15.726
84.389 50.2915
85.3851 51.92
57.0953 44.766
56.7995 44.6913
63.8951 28.8202
61.2376 29.4685
36.8595 10.2228
36.8232 11.2526
36.1184 30.7395
36.0378 33.0194
45.5723 16.7605
45.6154 16.7425
64.0451 9.0876
56.5111 12.4523
73.801 7.2236
70.3474 5.9868
51.6124 -0.7261
51.041 -2.9042
45.4254 11.8689
45.3552 12.0527
33.7065 4.6468
33.4506 4.4836
52.9551 27.9911
52.2367 26.5684
30.1636 19.1688
32.9137 24.682
16.7608 34.6967
22.1913 34.3855
26.0555 19.1363
26.7639 16.3322
6.6384 9.4951
9.4025 7.001
19.8681 -2.4475
28.6594 14.4061
11.6885 28.4557
9.8993 29.9369
31.7075 46.5124
27.4306 50.8415
41.5014 43.8373
41.0949 44.9494
16.7021 38.8304
16.5686 38.7971
3.0476 40.9439
4.1572 42.0816
28.2139 66.7516
23.7076 61.1154
32.6064 71.6044
23.4565 79.9167
30.3152 111.5662
21.7201 94.0483
9.7786 70.8838
4.0486 69.6591
15.3876 56.7948
19.0366 57.9926
50.5064 68.2953
50 50
