OFV: 330.5891876788785
Runtime: 0.07940117304679006
Gap: None
repPt: {0: (50, 50), 10: (48.32786642474003, 43.10810881632168), 9: (41.48674840904172, 34.68534375679271), 1: (43.62937643854506, 23.340630286896612), 2: (35.04023797576989, 1.2252566524785005), 7: (34.73242368346549, 0.7931417032467278), 8: (26.693926332693145, -10.461273209691294), 16: (19.789475727685563, 25.5961750843562), 15: (32.39467176108027, 41.14736302571494), 17: (30.55364065582157, 46.158600321408635), 18: (27.304183781980367, 55.02669746328024), 14: (22.29279000891899, 68.68237145726054), 13: (32.583718048775566, 90.36590508687101), 4: (80.97248200924632, 81.37469661640927), 3: (89.31733061628726, 67.10167847265718), 5: (92.8569738958822, 61.04221884466221), 6: (102.91198126543388, 43.83189670550271), 12: (98.07521283114023, 54.75220077927172), 11: (74.84194906813674, 52.45652032302602)}
lowerBound: 330.5891596231226
upperBound: 330.5891876788785
solType: IP_Optimal
Path: 
50 50
48.3279 43.1081
41.4867 34.6853
43.6294 23.3406
35.0402 1.2253
34.7324 0.7931
26.6939 -10.4613
19.7895 25.5962
32.3947 41.1474
30.5536 46.1586
27.3042 55.0267
22.2928 68.6824
32.5837 90.3659
80.9725 81.3747
89.3173 67.1017
92.857 61.0422
102.912 43.8319
98.0752 54.7522
74.8419 52.4565
50 50
