OFV: 617.0306662160567
Runtime: 16.097768540028483
Gap: None
Path: 
50 50
43.996 49.0548
65.4435 47.9346
78.5964 47.2466
88.4575 46.7304
95.5048 50.4306
79.9086 56.4936
76.0082 61.6555
74.8717 77.3307
71.1915 67.5113
94.767 63.8075
93.2818 66.0028
74.3886 93.9247
95.664 89.4164
89.3531 90.7279
67.316 95.9778
67.7513 94.6856
69.4852 89.5357
50.5272 87.7819
25.2756 85.445
43.7461 70.79
38.6828 71.5323
20.2141 74.2379
16.7915 58.0742
17.8814 39.4111
19.9938 3.2931
32.5446 -12.0005
46.9085 6.8716
55.8621 12.327
76.4348 20.9223
80.4645 17.9203
78.1325 9.3327
87.3431 -1.8213
89.6456 2.9187
101.1796 0.7122
116.403 12.865
90.6299 29.9008
81.8452 24.6668
71.063 36.5694
72.7166 40.2586
55.6732 44.1133
50 50
