OFV: 601.6769968224778
Runtime: 39.703313753940165
Gap: None
Path: 
50 50
30.7062 48.4776
19.1144 38.6498
23.2239 38.002
38.8952 35.5236
42.0549 34.584
57.8802 21.5751
69.4293 11.6358
69.8202 12.717
70.1837 13.7226
72.3294 19.6728
55.4571 26.6311
46.8025 20.5305
35.1968 12.3512
34.9583 12.1818
55.8957 9.274
89.2873 4.6384
95.6956 3.7486
99.1962 3.2625
98.1573 19.3611
102.3422 24.4388
100.6618 17.7937
127.6377 20.9496
120.3656 71.7411
100.3264 85.229
100.2223 84.5047
97.9331 68.7797
97.7307 67.3779
93.0464 80.9816
92.1381 83.6154
98.0817 91.5003
91.5787 113.8523
77.2169 91.5983
63.8976 92.8438
44.6935 94.6353
9.1742 82.3926
16.8494 77.8435
27.8984 80.4819
54.9883 62.0641
58.8722 53.6966
64.8863 40.7442
50 50
