OFV: 422.4519298245898
Runtime: 237.37931003098493
Gap: 0.0
repPt: {0: (50, 50), 7: (6.2711792789955005, 11.540586943608027), 8: (-14.09058979942819, -6.362637342140368), 6: (5.706688994726529, -4.887389929122167), 5: (9.374646288761342, 1.6998763788094782), 17: (43.82102666382482, -0.8422014521696329), 18: (58.399612310201974, -21.836174441944173), 10: (60.87880007974556, -15.374863303529606), 9: (64.53452886751171, 5.886203198941397), 2: (66.49309302779906, 35.923892242643596), 1: (58.999877618773844, 46.36462839504529), 13: (73.07639875789496, 65.39555754107242), 14: (92.83276696651598, 92.11244976338615), 4: (90.89999339332626, 91.05378443544852), 3: (60.26166274934098, 74.28690592303829), 16: (52.9040865703385, 79.82533119665402), 15: (73.51216483276308, 85.14106041292439), 11: (67.81365920264676, 91.46664389765758), 12: (56.85640085295496, 65.96406089220602)}
solType: IP_Optimal
lowerBound: 422.4519662160192
upperBound: 422.4519298245898
Path: 
50 50
6.2712 11.5406
-14.0906 -6.3626
5.7067 -4.8874
9.3746 1.6999
43.821 -0.8422
58.3996 -21.8362
60.8788 -15.3749
64.5345 5.8862
66.4931 35.9239
58.9999 46.3646
73.0764 65.3956
92.8328 92.1124
90.9 91.0538
60.2617 74.2869
52.9041 79.8253
73.5122 85.1411
67.8137 91.4666
56.8564 65.9641
50 50
