OFV: 353.4033405482601
Runtime: 3602.757088017999
Gap: 0.13476361254515448
repPt: {0: (50, 50), 14: (84.47628422176459, 83.93904584987723), 13: (94.77238736815927, 66.8653276285814), 16: (104.0837093437046, 51.42383995848787), 15: (84.37391415619656, 52.00927000935827), 19: (72.44190798843718, 52.37083250185214), 20: (73.44222757601712, 23.313173175901817), 3: (71.11448152075948, 23.36365587300611), 4: (38.16413474633209, 24.092470197113922), 1: (17.79483920657533, 59.96524265005153), 2: (-4.865668094110503, 39.68987022439918), 12: (-6.442905323083988, 45.643444868066645), 11: (2.1323823809234588, 40.798952071522), 8: (8.820028013712212, 37.02032579467173), 7: (24.823175587861307, 27.993686486265357), 18: (25.69714608945168, 27.82728610207368), 9: (32.17819056600011, 33.454438863408136), 5: (37.582024343901374, 38.150475697403), 17: (43.99939004841902, 43.72234708351432), 6: (53.275675786322616, 42.86199212365217), 10: (61.72359907219512, 50.13044354634885)}
solType: IP_TimeLimit
lowerBound: 305.7774296904511
upperBound: 353.4033405482601
Path: 
50 50
84.4763 83.939
94.7724 66.8653
104.0837 51.4238
84.3739 52.0093
72.4419 52.3708
73.4422 23.3132
71.1145 23.3637
38.1641 24.0925
17.7948 59.9652
-4.8657 39.6899
-6.4429 45.6434
2.1324 40.799
8.82 37.0203
24.8232 27.9937
25.6971 27.8273
32.1782 33.4544
37.582 38.1505
43.9994 43.7223
53.2757 42.862
61.7236 50.1304
50 50
