OFV: 489.4156534190882
Runtime: 3601.6204287470027
Gap: 0.10032355819809465
repPt: {0: (50, 50), 6: (43.57793075434533, 54.20141978085366), 5: (32.87286297532903, 61.20343460774795), 20: (28.175561155027793, 64.27762756635849), 19: (11.45012083786239, 75.22104260130033), 1: (10.457123467783996, 70.66600885329369), 2: (4.064970113230818, 41.36966358855931), 13: (0.7878814610340633, 26.34791861275169), 14: (-12.519116482100896, 16.117016712444382), 9: (3.5341233404889345, 7.181797202390064), 10: (19.365917447413697, -15.011945479661017), 18: (61.836443100114785, -3.651839914651894), 17: (61.70257144141852, 20.257231663982726), 12: (61.7025709189149, 20.257237791422824), 11: (66.47897373180929, 46.40030826529651), 8: (67.42641588210465, 51.59789252351861), 7: (89.08063426583702, 32.86758983283386), 3: (96.85390583685529, 26.143576625776927), 4: (121.93134600026316, 13.929537703004575), 16: (80.88240777013854, 105.7191588047831), 15: (64.314766072871, 79.79275489267177)}
solType: IP_TimeLimit
lowerBound: 440.3157336302398
upperBound: 489.4156534190882
Path: 
50 50
43.5779 54.2014
32.8729 61.2034
28.1756 64.2776
11.4501 75.221
10.4571 70.666
4.065 41.3697
0.7879 26.3479
-12.5191 16.117
3.5341 7.1818
19.3659 -15.0119
61.8364 -3.6518
61.7026 20.2572
61.7026 20.2572
66.479 46.4003
67.4264 51.5979
89.0806 32.8676
96.8539 26.1436
121.9313 13.9295
80.8824 105.7192
64.3148 79.7928
50 50
