OFV: 303.83803738992265
Runtime: 3603.2780554600176
Gap: 0.16807225226197653
repPt: {0: (50, 50), 1: (49.539539537389416, 50.815158827304806), 2: (41.51292583984002, 50.63573149098188), 12: (32.14778699490643, 23.898645411100294), 11: (6.554645705138627, 30.90881142517776), 10: (7.503548675551492, 32.61026277125322), 18: (12.188192190319569, 41.00770698157681), 9: (9.858499283431057, 53.06106948236458), 17: (9.795423782620638, 55.40857734802923), 19: (9.276148626321326, 74.5226086712367), 20: (10.904864382085535, 82.8897677622727), 13: (10.82321319278695, 82.94741121366508), 14: (-0.13092350549293919, 90.6731387282624), 15: (23.532494603461615, 90.59621745422675), 16: (52.970087561387494, 90.50296477661855), 7: (65.03984598134205, 90.43079343205419), 5: (79.1470011331373, 90.34754567451618), 6: (93.32444683981805, 96.74709652340222), 8: (94.83395261519121, 97.42846124664617), 4: (91.11688565140346, 79.08228647911776), 3: (80.79270361421085, 54.91790512965181)}
solType: IP_TimeLimit
lowerBound: 252.7712941229397
upperBound: 303.83803738992265
Path: 
50 50
49.5395 50.8152
41.5129 50.6357
32.1478 23.8986
6.5546 30.9088
7.5035 32.6103
12.1882 41.0077
9.8585 53.0611
9.7954 55.4086
9.2761 74.5226
10.9049 82.8898
10.8232 82.9474
-0.1309 90.6731
23.5325 90.5962
52.9701 90.503
65.0398 90.4308
79.147 90.3475
93.3244 96.7471
94.834 97.4285
91.1169 79.0823
80.7927 54.9179
50 50
