OFV: 578.6274604579664
Runtime: 0.16103627800475806
Gap: None
repPt: {0: (50, 50), 29: (56.68334103999147, 45.839696841741954), 30: (72.3792746668908, 37.61562839423421), 23: (72.66460736119855, 37.312935158472975), 24: (82.88457954773489, 26.474518150185133), 27: (89.8512259085645, 27.972568362553584), 28: (114.40327668981848, 12.819063476604693), 16: (100.00354009227017, 2.4263839692505575), 15: (89.93274205568106, 0.8740978425119881), 6: (88.59167548467092, 0.11984906577802246), 5: (79.8759394287325, 10.470759853516258), 36: (79.75783612247149, 15.371108521825551), 35: (59.41123752328189, 15.93794775435946), 2: (72.40596745769966, 21.514108548737873), 1: (48.0769284098237, 5.239027348082884), 32: (32.890622042073204, -10.008453262899245), 31: (21.869254405085538, 3.9883115935119946), 14: (19.564249585374895, 39.67635143075145), 13: (18.476056978571055, 56.529550584411695), 18: (33.93626711190387, 71.8988712154348), 17: (23.221989303794828, 78.34402463936745), 25: (24.506248124575674, 81.76527632178966), 26: (45.15676202719748, 74.41619266105721), 39: (53.38229706637254, 84.48678380747987), 40: (67.66761104062385, 90.39607810468257), 7: (67.66761212316126, 90.39609118688183), 8: (86.4249414364648, 89.73033077506743), 34: (93.64557111938629, 89.47352391712609), 33: (69.30394428705245, 95.29318407878205), 37: (71.00696510957886, 93.10528172936081), 38: (91.43119973996164, 66.85668499617202), 22: (93.0304280371218, 64.80206749601244), 21: (72.88584062543353, 68.57518351450601), 11: (74.99498109380723, 75.30931232525367), 12: (77.96916186887152, 59.09828784519687), 9: (77.96915848890625, 59.09829566186693), 10: (93.50711502440993, 50.866645120950885), 20: (88.07162248859892, 48.693101234804416), 19: (70.79568101736267, 48.107776737779396), 4: (74.00011757101517, 48.265833211800896), 3: (45.98672873420242, 49.26405567085258)}
lowerBound: 578.6273680606704
upperBound: 578.6274604579664
solType: IP_Optimal
Path: 
50 50
56.6833 45.8397
72.3793 37.6156
72.6646 37.3129
82.8846 26.4745
89.8512 27.9726
114.4033 12.8191
100.0035 2.4264
89.9327 0.8741
88.5917 0.1198
79.8759 10.4708
79.7578 15.3711
59.4112 15.9379
72.406 21.5141
48.0769 5.239
32.8906 -10.0085
21.8693 3.9883
19.5642 39.6764
18.4761 56.5296
33.9363 71.8989
23.222 78.344
24.5062 81.7653
45.1568 74.4162
53.3823 84.4868
67.6676 90.3961
67.6676 90.3961
86.4249 89.7303
93.6456 89.4735
69.3039 95.2932
71.007 93.1053
91.4312 66.8567
93.0304 64.8021
72.8858 68.5752
74.995 75.3093
77.9692 59.0983
77.9692 59.0983
93.5071 50.8666
88.0716 48.6931
70.7957 48.1078
74.0001 48.2658
45.9867 49.2641
50 50
