OFV: 393.732198929471
Runtime: 403.33480685198447
Gap: 2.3169766840231024e-07
repPt: {0: (50, 50), 8: (43.11510290011014, 43.68014420856546), 13: (41.249543981081686, 14.468114810859486), 7: (35.0567371727885, 6.436050564077619), 14: (28.34786546540059, -2.2650508882397533), 1: (1.580413795693635, 17.710276768801684), 2: (-11.9712321108879, 27.82493038601308), 10: (0.11378376161501258, 90.13405189694333), 9: (9.401025402694215, 86.28732404740234), 5: (46.51007073437252, 70.91486830541605), 16: (53.16888499335355, 59.64772014456822), 6: (57.552401015024046, 52.227727269337784), 15: (84.95157462454947, 63.23886232061532), 11: (97.74495375507928, 66.405334792708), 12: (121.54267743367753, 72.2938745715063), 4: (86.70711171076492, 66.58195079526635), 3: (80.8708756196851, 53.05246925387165)}
solType: IP_Optimal
lowerBound: 393.73210770263853
upperBound: 393.732198929471
Path: 
50 50
43.1151 43.6801
41.2495 14.4681
35.0567 6.4361
28.3479 -2.2651
1.5804 17.7103
-11.9712 27.8249
0.1138 90.1341
9.401 86.2873
46.5101 70.9149
53.1689 59.6477
57.5524 52.2277
84.9516 63.2389
97.745 66.4053
121.5427 72.2939
86.7071 66.582
80.8709 53.0525
50 50
