OFV: 330.5449191847448
Runtime: 3601.2342596759554
Gap: 0.16922378349296197
repPt: {0: (50, 50), 6: (48.896221816903754, 41.8610415575006), 5: (39.919102049803016, 36.087088299207416), 4: (40.431600897717, 24.86514232963336), 3: (68.30262022108052, 24.890607607218175), 20: (72.2008658704114, 24.895913500959352), 19: (73.80894045620879, 50.90977523058021), 15: (81.19438823446676, 51.24772774318945), 16: (102.23154336950066, 52.209105256420806), 13: (93.79564128350292, 66.2737002316365), 14: (84.40213052403857, 81.93487045077866), 10: (61.73274514715184, 57.116958857342034), 9: (38.94609767446369, 40.54872514248738), 17: (39.39297839730822, 42.54187717137459), 18: (25.565452898973373, 29.851431971303516), 7: (25.565161544159235, 29.851551185939034), 8: (8.643270056438293, 37.883104207782274), 11: (2.7382140157174626, 40.68803983894924), 12: (-4.905527232330648, 44.31881885926963), 2: (-4.026922545199551, 41.520662531256995), 1: (19.804821859666834, 58.004462023362244)}
solType: IP_TimeLimit
lowerBound: 274.60885734592694
upperBound: 330.5449191847448
Path: 
50 50
48.8962 41.861
39.9191 36.0871
40.4316 24.8651
68.3026 24.8906
72.2009 24.8959
73.8089 50.9098
81.1944 51.2477
102.2315 52.2091
93.7956 66.2737
84.4021 81.9349
61.7327 57.117
38.9461 40.5487
39.393 42.5419
25.5655 29.8514
25.5652 29.8516
8.6433 37.8831
2.7382 40.688
-4.9055 44.3188
-4.0269 41.5207
19.8048 58.0045
50 50
