OFV: 474.7934228346153
Runtime: 0.017218468943610787
Gap: None
repPt: {0: (50, 50), 3: (68.40260697737486, 96.5249252632558), 4: (58.69413419333688, 128.5102646614748), 11: (15.796005251030877, 89.95371051539512), 12: (-2.2770191002890074, 70.79991074295546), 16: (-13.650324415120352, 83.2347875113941), 15: (4.827420633969151, 72.85323706881061), 17: (10.533053866272285, 69.64733165558282), 18: (11.042804227474388, 52.09659751290313), 1: (12.146177965730944, 60.900483101883275), 2: (15.198809565263577, 26.573930869284773), 10: (-7.681323041400029, 5.263736258172166), 9: (13.910299429767676, 11.228194103155058), 5: (36.94116952376762, 11.299395523006668), 6: (65.73191122463962, 12.420190920210977), 8: (56.73386019452982, 6.834516538784094), 7: (54.494482921906034, 20.093794381500317), 14: (85.00107803853433, 31.28039753008742), 13: (69.88106225673113, 37.763193675381196)}
lowerBound: 474.7933807328913
upperBound: 474.7934228346153
solType: IP_Optimal
Path: 
50 50
68.4026 96.5249
58.6941 128.5103
15.796 89.9537
-2.277 70.7999
-13.6503 83.2348
4.8274 72.8532
10.5331 69.6473
11.0428 52.0966
12.1462 60.9005
15.1988 26.5739
-7.6813 5.2637
13.9103 11.2282
36.9412 11.2994
65.7319 12.4202
56.7339 6.8345
54.4945 20.0938
85.0011 31.2804
69.8811 37.7632
50 50
