OFV: 801.9131741576442
Runtime: 3600.501536723925
Gap: None
repPt: {0: (50, 50), 46: (49.904715150156676, 50.11521391746817), 45: (42.011426867340646, 59.674882422140996), 24: (41.77541799980518, 59.96023587205004), 23: (29.39588967177017, 74.95905113237559), 28: (29.395897950329907, 74.95905475711328), 27: (7.3131504196898405, 74.71934741458186), 19: (6.822107238746146, 74.71373350109134), 20: (12.671179947223896, 60.18910157224658), 51: (13.585875635262163, 57.91996615815948), 52: (17.826888184618312, 35.91292828805439), 55: (17.826889532591878, 35.91290770852539), 56: (21.964641736353183, 10.13480824649348), 11: (26.111326771760545, 9.44336085000704), 12: (31.695902931232492, 11.937057163966244), 67: (32.6410250416959, 12.359767789618134), 68: (32.39799963251294, -1.7837783852697995), 34: (16.36173286879935, -8.567828394593835), 33: (10.20397761283604, 7.818132579261294), 59: (7.415401798315026, 15.240793207551736), 60: (24.981646346347155, 24.007546009890298), 13: (30.714363344954513, 26.866857124381323), 14: (48.17715466920138, 28.466697978187423), 66: (48.17715591720799, 28.466695633539537), 65: (46.95433510623066, 38.10170158717244), 57: (46.95432995043551, 38.10169245244973), 58: (63.12524125572334, 20.14371873530203), 29: (65.69568786065417, 15.064665397272556), 30: (75.46409686568488, 15.6180126123239), 47: (79.79581572264118, 15.863971330386173), 48: (91.95262618368216, 7.4015386196702595), 16: (102.47252634184866, 0.07928906489317633), 15: (96.93789481013762, 16.01955508758974), 44: (96.93790537567688, 16.019546538618414), 43: (91.98833495775956, 19.524892334080384), 50: (91.78759570989787, 21.014142843450582), 49: (88.70048554720815, 27.551432225427288), 53: (87.96634708210965, 29.106526508580018), 54: (101.08412053482971, 38.29492542655446), 78: (98.46240308600352, 43.09258272015418), 77: (88.43595848174274, 57.24710363048596), 18: (96.04352031004532, 58.368248654610404), 17: (77.98964582956488, 42.59913008573691), 32: (77.94345204075658, 42.63693237808832), 31: (57.41742051682714, 59.4764018683123), 25: (54.767402404143745, 73.37476198672712), 26: (54.678483449008986, 92.50136015704531), 63: (54.904009012499706, 93.07014215193612), 64: (59.50932547825515, 104.66328694643445), 80: (85.99100675576011, 109.20983113231556), 79: (83.69468790902107, 94.3726555618259), 3: (83.85202298808336, 93.70492775562307), 4: (85.61563033535903, 86.23159357292656), 9: (85.61563403102495, 86.23160111474077), 10: (96.78533989607017, 75.0643347239566), 39: (96.48691317897028, 79.11931293621105), 40: (102.72394293299764, 58.6682855977567), 41: (102.59931878424075, 58.902344705342834), 42: (116.6691575125439, 83.67602335870409), 76: (120.91135812440649, 85.69860348054277), 75: (102.22591655671741, 97.3862594383343), 36: (101.03686345561923, 98.12903127686712), 35: (81.75650868218136, 80.47912694706724), 73: (81.75650458675769, 80.47913024226969), 74: (85.39795764097313, 79.6025312397213), 6: (86.13059158561843, 79.42665850143885), 5: (72.87542994889333, 57.885251717567314), 61: (72.8754249431802, 57.885263581285024), 62: (83.77524104261968, 66.923675914718), 72: (83.77525398437766, 66.92366626354607), 71: (68.96468557470293, 68.60030204631225), 1: (68.96468758752596, 68.60029971743204), 2: (78.68710498760169, 51.9990895633772), 70: (78.68711229195085, 51.99909876196681), 69: (69.22089359186707, 53.87004234545469), 37: (69.06223578042695, 52.831861566640086), 38: (68.47445040901133, 49.00039564587578), 8: (68.47444344238012, 49.00039585591538), 7: (65.00505129733534, 42.50059355882221), 22: (63.36974541786524, 39.4352064398078), 21: (41.68442169942268, 49.433217514915)}
lowerBound: 787.1990345813209
upperBound: 801.9131741576442
solType: IP_TimeLimit
Path: 
50 50
49.9047 50.1152
42.0114 59.6749
41.7754 59.9602
29.3959 74.9591
29.3959 74.9591
7.3132 74.7193
6.8221 74.7137
12.6712 60.1891
13.5859 57.92
17.8269 35.9129
17.8269 35.9129
21.9646 10.1348
26.1113 9.4434
31.6959 11.9371
32.641 12.3598
32.398 -1.7838
16.3617 -8.5678
10.204 7.8181
7.4154 15.2408
24.9816 24.0075
30.7144 26.8669
48.1772 28.4667
48.1772 28.4667
46.9543 38.1017
46.9543 38.1017
63.1252 20.1437
65.6957 15.0647
75.4641 15.618
79.7958 15.864
91.9526 7.4015
102.4725 0.0793
96.9379 16.0196
96.9379 16.0195
91.9883 19.5249
91.7876 21.0141
88.7005 27.5514
87.9663 29.1065
101.0841 38.2949
98.4624 43.0926
88.436 57.2471
96.0435 58.3682
77.9896 42.5991
77.9435 42.6369
57.4174 59.4764
54.7674 73.3748
54.6785 92.5014
54.904 93.0701
59.5093 104.6633
85.991 109.2098
83.6947 94.3727
83.852 93.7049
85.6156 86.2316
85.6156 86.2316
96.7853 75.0643
96.4869 79.1193
102.7239 58.6683
102.5993 58.9023
116.6692 83.676
120.9114 85.6986
102.2259 97.3863
101.0369 98.129
81.7565 80.4791
81.7565 80.4791
85.398 79.6025
86.1306 79.4267
72.8754 57.8853
72.8754 57.8853
83.7752 66.9237
83.7753 66.9237
68.9647 68.6003
68.9647 68.6003
78.6871 51.9991
78.6871 51.9991
69.2209 53.87
69.0622 52.8319
68.4745 49.0004
68.4744 49.0004
65.0051 42.5006
63.3697 39.4352
41.6844 49.4332
50 50
