OFV: 343.6164496454146
Runtime: 0.905557598976884
Gap: 1.6471325817365156e-09
repPt: {0: (50, 50), 6: (59.705797377003044, 51.569529555259294), 5: (67.88995254298703, 42.51407472933996), 11: (58.79154093571479, 48.06859609324204), 12: (46.637973104279915, 14.670592587488418), 4: (41.912972261077435, 12.171439836319303), 3: (21.457154207725054, 31.707329286572982), 9: (39.565127404742334, 27.97828885225145), 10: (19.409157588076823, 13.578098811742281), 1: (9.382049938780852, 7.048944795136119), 2: (13.241643771738437, 39.80187448969918), 8: (-16.811751158423533, 101.86879483363434), 7: (3.824418684831992, 85.84813972844842)}
solType: IP_Optimal
lowerBound: 343.61644907943275
upperBound: 343.6164496454146
Path: 
50 50
59.7058 51.5695
67.89 42.5141
58.7915 48.0686
46.638 14.6706
41.913 12.1714
21.4572 31.7073
39.5651 27.9783
19.4092 13.5781
9.382 7.0489
13.2416 39.8019
-16.8118 101.8688
3.8244 85.8481
50 50
