OFV: 287.501168078537
Runtime: 3600.02724814415
Gap: 0.42506640966780107
repPt: {0: (50, 50), 1: (33.1340898812333, 46.09018896246801), 2: (47.869455220851506, 39.376372764878724), 3: (28.548684422745996, 63.6201901017946), 4: (13.409317133011683, 34.56834575639731), 5: (64.09487838176938, 89.1455343984154), 6: (57.00331357902649, 69.44696882137103), 7: (7.267560552964325, 36.862505544988814), 8: (8.088024977489093, 56.30712637086694), 9: (53.175673790405845, 36.173353905381155), 10: (23.316517928322494, 47.33147621131136), 11: (56.40481791408207, 17.797202255198698), 12: (58.89621286081283, 3.6176388043582914), 13: (29.069972581975723, 64.62075142449407), 14: (33.58518511167232, 89.44583387279009)}
solType: IP_TimeLimit
lowerBound: 165.29408241910969
upperBound: 287.501168078537
Path: 
50 50
57.0033 69.447
64.0949 89.1455
33.5852 89.4458
29.07 64.6208
28.5487 63.6202
13.4093 34.5683
7.2676 36.8625
8.088 56.3071
23.3165 47.3315
33.1341 46.0902
47.8695 39.3764
53.1757 36.1734
56.4048 17.7972
58.8962 3.6176
50 50
