OFV: 357.9000456779992
Runtime: 135.31063160503982
Gap: 3.368188727095439e-08
repPt: {0: (50, 50), 10: (50.15895578572163, 42.29720046964339), 9: (39.5266408677918, 35.0948023236295), 1: (45.60824080308637, 22.41304576620292), 2: (38.62024131017118, 2.183088886845943), 7: (35.659207257391074, 2.643722228425299), 8: (26.078427516743652, -12.377767953911206), 16: (17.76345419212685, 25.780294196654477), 15: (34.38424135597355, 40.913958235403996), 17: (33.43128829740545, 42.81567739133342), 18: (25.482808235687727, 58.677292354686124), 14: (20.299960781454804, 69.0198663730793), 13: (31.655143150853643, 92.13745218827314), 4: (82.06354937646948, 83.05311742332061), 3: (90.92209530793666, 66.59248427459313), 5: (93.84748602483182, 61.15594195020008), 6: (104.06827823391288, 42.168600641829784), 12: (98.91939561644024, 56.579293535289935), 11: (74.66305198667331, 54.244177757358564)}
solType: IP_Optimal
lowerBound: 357.9000336232502
upperBound: 357.9000456779992
Path: 
50 50
50.159 42.2972
39.5266 35.0948
45.6082 22.413
38.6202 2.1831
35.6592 2.6437
26.0784 -12.3778
17.7635 25.7803
34.3842 40.914
33.4313 42.8157
25.4828 58.6773
20.3 69.0199
31.6551 92.1375
82.0635 83.0531
90.9221 66.5925
93.8475 61.1559
104.0683 42.1686
98.9194 56.5793
74.6631 54.2442
50 50
