OFV: 383.41314709234814
Runtime: 0.034441306022927165
Gap: None
repPt: {0: (50, 50), 9: (52.77489011498872, 41.434118859676936), 10: (38.72174998801143, 47.85320810139569), 3: (33.84033131065092, 50.08508602867861), 4: (35.97939694644727, 18.127275766400626), 15: (64.30334990812855, 8.199020151887598), 16: (92.87843481456433, 1.4726047032967524), 2: (107.63958701394357, -2.0046559089948035), 1: (97.78679260215014, 23.978229220765357), 7: (78.16772100438186, 75.66616891792647), 8: (67.94196573678309, 102.6688671510099), 12: (40.469688218341375, 104.2595975651875), 11: (12.926011929077312, 93.67581440014328), 5: (13.004828954637667, 70.31965984555856), 6: (11.850643687104322, 57.76470449510387), 13: (29.59526376858759, 54.9121461788872), 14: (51.432109439893544, 51.39427127206286)}
lowerBound: 383.41313061762696
upperBound: 383.41314709234814
solType: IP_Optimal
Path: 
50 50
52.7749 41.4341
38.7217 47.8532
33.8403 50.0851
35.9794 18.1273
64.3033 8.199
92.8784 1.4726
107.6396 -2.0047
97.7868 23.9782
78.1677 75.6662
67.942 102.6689
40.4697 104.2596
12.926 93.6758
13.0048 70.3197
11.8506 57.7647
29.5953 54.9121
51.4321 51.3943
50 50
