OFV: 457.6412443387145
Runtime: 11.798199412005488
Gap: 1.1891253913703468e-08
repPt: {0: (50, 50), 12: (56.379737156808375, 65.81764989372027), 11: (67.52378917810984, 93.44607972103002), 15: (75.45727829977872, 84.65861019022839), 16: (50.901888459310065, 80.03905089430805), 3: (60.12052222037293, 72.29188401485155), 4: (91.95987897260014, 91.88830562647175), 14: (94.38253843854847, 93.37939015692433), 13: (73.26795059564736, 65.2872047668533), 1: (56.994572390142864, 46.58037826104045), 2: (68.52009575468074, 36.17211159742948), 9: (66.52070148991743, 5.651814409877014), 10: (62.8459527013444, -15.775655200356907), 18: (58.903702274630255, -23.80154592356957), 17: (44.6989768931897, 0.9629298456387287), 5: (8.790649946370742, 3.6930158680138843), 6: (6.496311940157009, -6.781385858887017), 8: (-15.900176775193952, -7.222507606824001), 7: (5.676145236832654, 11.510254228126577)}
solType: IP_Optimal
lowerBound: 457.64123889678626
upperBound: 457.6412443387145
Path: 
50 50
56.3797 65.8176
67.5238 93.4461
75.4573 84.6586
50.9019 80.0391
60.1205 72.2919
91.9599 91.8883
94.3825 93.3794
73.268 65.2872
56.9946 46.5804
68.5201 36.1721
66.5207 5.6518
62.846 -15.7757
58.9037 -23.8015
44.699 0.9629
8.7906 3.693
6.4963 -6.7814
-15.9002 -7.2225
5.6761 11.5103
50 50
