OFV: 709.3693056499086
Runtime: 1076.869408846018
Gap: None
repPt: {0: (50, 50), 38: (51.804514079511684, 49.74865017157393), 37: (39.359522058212406, 47.09533405781463), 28: (42.05585915791405, 47.61744237283122), 27: (36.857376488449745, 47.296516829757614), 25: (36.35152982507132, 47.265249876016824), 26: (53.22234840298511, 60.308128124096385), 19: (53.22236438620638, 60.30813296134174), 20: (58.615397983681355, 65.8189997193513), 43: (59.65359054703766, 65.03160906444242), 44: (72.31383516942378, 55.43018606726649), 54: (81.50165540246495, 67.78863022578889), 53: (79.42306130047886, 74.55758433900303), 2: (77.87234383299676, 72.80113106216905), 1: (68.10981275632153, 96.76911514897678), 47: (89.15847402340421, 103.01542367462828), 48: (105.310655393474, 125.24748175052288), 32: (45.4010715677804, 119.90205067177602), 31: (42.55062353722618, 93.75114350607427), 39: (42.55063073106509, 93.75113734728959), 40: (44.11312935032673, 83.97146934213038), 24: (44.09803950973165, 83.5516381604434), 23: (43.56886838975319, 68.79107850370455), 29: (43.568079739480446, 68.76909473220596), 30: (43.28973437948999, 61.007773661581446), 18: (33.2072932804011, 72.77285338344433), 17: (28.247318975692625, 61.65999384687729), 58: (28.247328863086704, 61.66000519962556), 57: (21.60903335042861, 57.81099884304353), 5: (16.73372794614497, 54.9844846109626), 6: (14.947575751747625, 44.972761974684076), 22: (14.626774707748433, 43.17927414545624), 21: (9.77991608117182, 15.970121240471888), 13: (9.831571721600117, 13.90683842446117), 14: (10.349364842884826, -6.799868701565744), 35: (11.639374896594012, -5.954013620787255), 36: (29.502337472380436, -6.8216006894018655), 10: (30.61147188284385, 5.5994069949213685), 9: (28.356212498680424, 16.521153737657734), 49: (27.019367063691405, 12.959415170043439), 50: (44.73128323732278, 22.370831508813122), 46: (46.39411767759606, 16.340462247855275), 45: (27.724563054541708, 29.70541978840999), 16: (26.78349111889467, 30.241835215931125), 15: (21.312242965619248, 33.36067278958793), 55: (26.236579608655667, 27.688207061320146), 56: (33.00777397382855, 25.302771799163015), 11: (33.51766929136779, 25.123454835874444), 12: (53.12568364825164, 18.21497010266267), 59: (53.12575507140501, 18.214944186462752), 60: (72.26876978833299, 9.1504716627875), 41: (79.40999917353452, 14.929326757077945), 42: (98.100140530257, 30.055644573620885), 7: (93.0880715667699, 34.00844617796953), 8: (100.44798349303264, 41.351032105546054), 51: (100.44801518736891, 41.35102805555772), 52: (121.94478384343597, 44.96504640982489), 4: (116.93653737468748, 43.05706874187388), 3: (86.22150312492985, 28.61282861627738), 34: (86.11593338672738, 26.33391689086746), 33: (69.15920318544947, 37.4454427530023)}
lowerBound: 709.3691590432767
upperBound: 709.3693056499086
solType: IP_Optimal
Path: 
50 50
51.8045 49.7487
39.3595 47.0953
42.0559 47.6174
36.8574 47.2965
36.3515 47.2652
53.2223 60.3081
53.2224 60.3081
58.6154 65.819
59.6536 65.0316
72.3138 55.4302
81.5017 67.7886
79.4231 74.5576
77.8723 72.8011
68.1098 96.7691
89.1585 103.0154
105.3107 125.2475
45.4011 119.9021
42.5506 93.7511
42.5506 93.7511
44.1131 83.9715
44.098 83.5516
43.5689 68.7911
43.5681 68.7691
43.2897 61.0078
33.2073 72.7729
28.2473 61.66
28.2473 61.66
21.609 57.811
16.7337 54.9845
14.9476 44.9728
14.6268 43.1793
9.7799 15.9701
9.8316 13.9068
10.3494 -6.7999
11.6394 -5.954
29.5023 -6.8216
30.6115 5.5994
28.3562 16.5212
27.0194 12.9594
44.7313 22.3708
46.3941 16.3405
27.7246 29.7054
26.7835 30.2418
21.3122 33.3607
26.2366 27.6882
33.0078 25.3028
33.5177 25.1235
53.1257 18.215
53.1258 18.2149
72.2688 9.1505
79.41 14.9293
98.1001 30.0556
93.0881 34.0084
100.448 41.351
100.448 41.351
121.9448 44.965
116.9365 43.0571
86.2215 28.6128
86.1159 26.3339
69.1592 37.4454
50 50
