OFV: 409.1921704509494
Runtime: 1.5601743289735168
Gap: 3.366971009637185e-08
repPt: {0: (50, 50), 9: (54.10105672822684, 39.93701260696522), 10: (36.35917280391881, 49.61597178076038), 3: (32.597867410497514, 51.660941476379676), 4: (34.41006541561038, 16.886500428177904), 15: (63.69125395572195, 6.293770142959424), 16: (93.95374089008497, 0.5704428268985648), 2: (109.1676558634708, -3.295844499924051), 1: (99.33169099061283, 23.116194741261232), 7: (79.73738949663168, 75.73760892054771), 8: (69.10677952320428, 104.29493048448508), 12: (40.1566425453567, 106.23495795064925), 11: (11.394163901029033, 94.99324424776694), 5: (15.010932553048624, 70.35587369626919), 6: (10.411981736508373, 56.34010589784231), 13: (29.546650351290786, 54.48061026147671), 14: (53.288535396025125, 52.17655534427652)}
solType: IP_Optimal
lowerBound: 409.19215667356764
upperBound: 409.1921704509494
Path: 
50 50
54.1011 39.937
36.3592 49.616
32.5979 51.6609
34.4101 16.8865
63.6913 6.2938
93.9537 0.5704
109.1677 -3.2958
99.3317 23.1162
79.7374 75.7376
69.1068 104.2949
40.1566 106.235
11.3942 94.9932
15.0109 70.3559
10.412 56.3401
29.5467 54.4806
53.2885 52.1766
50 50
