OFV: 769.0243327635442
Runtime: 317.43720568693243
Gap: None
Path: 
50 50
63.529 47.7026
68.8135 39.9953
92.108 6.0296
103.4494 -10.5065
102.5739 -0.0572
99.0193 5.4492
94.1891 33.1914
94.4006 36.6893
94.2863 39.9909
94.1625 43.5639
93.9515 49.6264
93.6227 59.0074
93.6227 59.0074
86.3319 52.2603
87.6745 65.1833
88.0219 68.5354
88.0369 68.6809
113.864 59.5044
105.3971 61.3063
103.6239 60.768
79.346 53.4021
81.6379 49.35
78.4092 50.1701
73.6778 51.3712
68.7503 52.6216
65.0647 52.2846
59.9166 53.459
55.8011 54.3038
45.1798 47.8301
42.3584 46.1094
38.5564 43.7909
19.6893 58.1142
15.2695 69.4881
9.4492 84.4664
23.6913 83.5645
36.282 78.663
45.0537 75.2478
48.2239 75.6518
53.2445 76.2918
63.0542 82.4351
72.3099 88.2313
76.5947 92.303
81.6998 97.1533
85.3272 100.6
85.3272 100.6
94.7794 89.9503
92.3403 97.1124
92.9802 106.6641
77.2679 112.9012
52.2911 104.0673
50.0357 115.9975
43.6103 104.8033
37.1532 93.554
34.6631 87.8443
31.0508 79.5586
27.3538 71.0789
23.9379 63.2452
21.3681 57.3527
23.9154 50.2225
24.5573 47.8066
26.1202 41.9204
27.9855 34.8907
28.523 32.8672
23.5745 21.8286
13.8 26.091
8.8266 28.2605
14.0462 7.5377
15.7498 6.4855
28.6686 16.9673
47.9002 8.7424
47.9002 8.7424
40.655 25.4075
45.7639 32.3121
47.2144 34.508
52.6267 42.7058
53.5448 45.3331
55.7601 51.6787
56.9336 55.0387
53.1282 59.3136
53.1281 59.3136
50 50
