OFV: 293.98353754383925
Runtime: 9.019889352000064
Gap: 0.0
repPt: {0: (50, 50), 13: (32.71873411047364, 30.494639305713566), 14: (19.47085731313812, 11.72905630826587), 11: (27.23051366027912, 7.4946854362267965), 12: (39.33522379378683, 12.72617716132192), 7: (64.44803573415399, 41.95285299041303), 8: (72.9180371459002, 51.8135912607907), 5: (74.92207776508978, 52.74494529259524), 6: (101.70412770092587, 65.21408181666203), 3: (81.26762464481237, 97.6529982105227), 4: (75.54297564460828, 106.73641862325363), 9: (78.69337047417247, 95.74185138963816), 10: (55.67081332889254, 98.50910016876061), 2: (54.006985296023565, 98.70933230493203), 1: (63.904651948763, 75.81568394269968)}
solType: IP_Optimal
lowerBound: 293.9835478111278
upperBound: 293.98353754383925
Path: 
50 50
32.7187 30.4946
19.4709 11.7291
27.2305 7.4947
39.3352 12.7262
64.448 41.9529
72.918 51.8136
74.9221 52.7449
101.7041 65.2141
81.2676 97.653
75.543 106.7364
78.6934 95.7419
55.6708 98.5091
54.007 98.7093
63.9047 75.8157
50 50
