OFV: 489.1625133766628
Runtime: 3603.3070321129926
Gap: 0.07754859131609604
repPt: {0: (50, 50), 6: (44.26128757730631, 53.75473184373523), 5: (32.505209184246816, 61.44527519033192), 20: (28.021054287165903, 64.37978651490106), 19: (11.450252540747332, 75.22109710007861), 1: (10.309816002584084, 69.99315936275056), 2: (4.044354980861975, 41.27825125413308), 13: (0.7892358652498777, 26.350050711524247), 14: (-12.518979200397773, 16.115142433901127), 9: (3.5334696171928988, 7.182384324349842), 10: (19.353989033196697, -15.007674523987568), 18: (62.03809402329957, -3.400001621262338), 12: (63.502264159176924, 12.59662861092554), 17: (64.66401019915502, 25.291279362772517), 11: (66.9468453496945, 45.554236923496), 8: (67.63331092472006, 51.67448383274579), 7: (89.4187031581181, 32.64325125385943), 3: (96.86907611111877, 26.133545378281376), 4: (121.93178097379253, 13.929955679940992), 16: (80.8825178396094, 105.7191530391649), 15: (64.31501621572762, 79.79316576568618)}
solType: IP_TimeLimit
lowerBound: 451.2286495396616
upperBound: 489.1625133766628
Path: 
50 50
44.2613 53.7547
32.5052 61.4453
28.0211 64.3798
11.4503 75.2211
10.3098 69.9932
4.0444 41.2783
0.7892 26.3501
-12.519 16.1151
3.5335 7.1824
19.354 -15.0077
62.0381 -3.4
63.5023 12.5966
64.664 25.2913
66.9468 45.5542
67.6333 51.6745
89.4187 32.6433
96.8691 26.1335
121.9318 13.93
80.8825 105.7192
64.315 79.7932
50 50
