OFV: 1039.6097973469584
Runtime: 725.4669297389919
Gap: None
Path: 
50 50
50.9467 60.0198
61.2286 70.7448
72.5634 82.5684
91.0132 88.6264
91.0132 88.6264
85.5389 74.5705
86.1373 75.348
104.0801 98.7084
96.9749 103.1392
67.6005 93.8215
70.9612 84.9407
73.6056 67.0933
74.7188 59.5906
74.9371 58.1235
76.8134 45.4664
74.5074 37.853
73.6151 34.9105
72.1042 32.8041
69.462 29.1226
53.5111 20.1312
52.4674 19.5438
73.3185 18.4719
79.8085 24.8894
90.8405 35.7934
95.9261 40.8229
101.209 41.5846
112.5808 43.2269
116.7196 40.4259
111.4114 44.9363
98.1887 66.9295
114.3657 66.1072
112.7861 63.0476
101.5375 55.6691
97.2431 49.8424
94.421 46.0149
95.5168 42.1899
94.372 32.3103
93.6945 26.4704
93.1265 21.5763
92.723 18.1028
91.6981 9.2611
91.9429 5.1415
92.3012 -0.9117
92.1245 -12.6176
92.0888 -15.075
78.9359 6.6108
77.6723 8.6954
77.209 5.6989
97.0613 0.0427
103.2447 -2.1989
89.9638 23.5439
80.8858 35.6464
79.269 37.8001
64.481 18.5643
67.5369 12.7114
74.7569 -1.1256
74.7569 -1.1256
59.5054 0.7422
54.0168 1.4152
30.4529 7.3505
28.4045 7.8666
34.0626 23.9854
36.8113 26.1356
43.5634 31.4193
59.8123 44.1404
68.2971 50.7804
65.6273 55.5325
59.4546 66.527
57.2248 70.3919
55.5692 73.2623
48.8526 77.64
40.5756 81.583
35.8605 83.8306
32.6904 85.3423
24.3681 89.3072
20.0274 86.63
18.3941 71.6088
15.7915 47.6921
17.5986 39.8019
10.9016 34.7056
13.71 27.1208
22.8368 31.3337
28.6924 33.8543
42.2758 39.6974
44.292 40.5659
54.2416 48.7977
63.1016 62.91
64.3556 64.9093
59.7071 65.1804
41.3549 66.24
31.507 66.8124
26.7475 67.09
25.6348 63.4953
25.2463 46.7077
25.1788 43.7336
40.1035 59.8338
48.0983 67.8362
58.2893 78.0357
57.326 75.0725
49.2126 50.0934
50 50
