OFV: 883.7655404721527
Runtime: 47.4402789559681
Gap: None
Path: 
50 50
42.5775 54.1703
66.4985 29.5848
67.6228 31.3354
75.8515 46.2533
75.0859 52.0031
58.0423 42.0002
63.913 51.5793
61.4897 57.932
56.6913 70.5287
57.3 73.3603
57.5687 73.4397
88.2929 82.5546
106.739 88.0282
104.0996 82.1994
96.4156 75.6111
88.925 74.2782
79.7681 60.9367
85.4872 56.3382
91.6141 51.4096
109.622 36.9203
125.4919 24.1558
101.0558 25.1788
97.6899 25.8539
85.3119 34.6733
91.481 27.4262
61.2116 22.3471
58.4942 28.3364
60.878 15.2762
62.7405 5.0735
39.8872 6.1234
43.5645 5.6079
53.279 -25.0992
7.8079 -20.1654
5.8248 -3.8007
5.2958 0.5584
5.5209 15.4456
9.4356 5.1969
15.1498 16.8934
26.9027 37.355
28.6022 40.3147
22.6143 52.8761
16.3116 66.501
11.2158 77.5058
10.965 83.6429
15.2371 95.4697
28.5581 113.0994
19.5934 106.5913
12.7312 87.8412
25.3518 85.0495
34.8333 91.3225
43.6559 81.6788
48.369 109.1276
67.9836 111.5267
52.9479 97.37
44.2551 97.0789
53.2383 90.15
53.2383 90.15
28.294 73.9096
31.0392 68.3783
53.3141 50.4195
50 50
