OFV: 400.12625762158797
Runtime: 0.04612653097137809
Gap: None
repPt: {0: (50, 50), 16: (45.344529828353515, 39.54561846450939), 15: (30.418793985826767, 6.026839832811287), 11: (31.391417732126463, 5.553180176135311), 12: (44.75869417983557, -0.9564329974356407), 4: (19.21329642484404, 24.682425235996902), 3: (9.763574609949186, 34.166073969722945), 7: (41.97700562535574, 97.33469420109444), 8: (59.47141408311902, 94.77313449882928), 1: (86.09024238955342, 90.87188457858657), 2: (105.33444441728896, 99.45496394376278), 10: (105.33444625378678, 99.4549649185281), 9: (89.07786810154138, 82.767106307914), 14: (88.97796869332676, 36.962905385182395), 13: (94.22114880624882, 15.98976213195916), 6: (84.92088917488935, 14.782733700960584), 5: (71.74012421064629, 31.217949609296)}
lowerBound: 400.1262376219461
upperBound: 400.12625762158797
solType: IP_Optimal
Path: 
50 50
45.3445 39.5456
30.4188 6.0268
31.3914 5.5532
44.7587 -0.9564
19.2133 24.6824
9.7636 34.1661
41.977 97.3347
59.4714 94.7731
86.0902 90.8719
105.3344 99.455
105.3344 99.455
89.0779 82.7671
88.978 36.9629
94.2211 15.9898
84.9209 14.7827
71.7401 31.2179
50 50
