OFV: 503.17291878558547
Runtime: 29.704136679007206
Gap: 4.521424366795445e-08
repPt: {0: (50, 50), 1: (51.77102319633268, 38.2192141079915), 2: (40.3457388857399, 45.574779283619236), 3: (10.335501280768373, 54.54958904371858), 4: (-8.327333354410634, 29.804051557499623), 13: (16.694975798777417, 10.603530453676097), 14: (37.213068636264566, -4.310413389331513), 10: (33.214868529987186, -25.786416382164372), 9: (41.45064974151957, 1.1025357047454092), 8: (61.516213681171976, 35.82901183170318), 7: (71.27221539853285, 26.401849169485928), 11: (81.41383027221485, 26.781297465939637), 12: (95.9297482147914, 59.787431938434096), 16: (119.76254860682569, 86.92589748104754), 15: (90.05982105165766, 92.59827766590226), 19: (71.12287703320766, 96.21465134214898), 20: (68.01543837889355, 130.50003859077634), 6: (66.38093258753437, 110.18791758027258), 5: (65.09981219851925, 94.26673173463784), 18: (66.84649972649146, 64.09089871754236), 17: (55.14883236990239, 54.30726459902615)}
solType: IP_Optimal
lowerBound: 503.1728960350025
upperBound: 503.17291878558547
Path: 
50 50
51.771 38.2192
40.3457 45.5748
10.3355 54.5496
-8.3273 29.8041
16.695 10.6035
37.2131 -4.3104
33.2149 -25.7864
41.4506 1.1025
61.5162 35.829
71.2722 26.4018
81.4138 26.7813
95.9297 59.7874
119.7625 86.9259
90.0598 92.5983
71.1229 96.2147
68.0154 130.5
66.3809 110.1879
65.0998 94.2667
66.8465 64.0909
55.1488 54.3073
50 50
