OFV: 203.66023237146962
Runtime: 1.1744104239987792
Gap: -7.255582290742926e-08
repPt: {0: (50, 50), 10: (39.490655323153156, 35.80560854683432), 9: (47.56633655413017, 27.296980020719822), 6: (57.25081131832493, 19.68779417861165), 7: (76.21303490927431, 39.43622613386102), 5: (78.66676680664604, 40.58598701722562), 8: (90.34918016496287, 43.46473392311243), 1: (100.9151980053199, 52.22623679214906), 2: (109.64666657599271, 59.46541753750426), 4: (94.33991684364992, 21.70933227868319), 3: (73.01092796143122, 28.12380250547655)}
solType: IP_Optimal
lowerBound: 203.66024714820537
upperBound: 203.66023237146962
Path: 
50 50
39.4907 35.8056
47.5663 27.297
57.2508 19.6878
76.213 39.4362
78.6668 40.586
90.3492 43.4647
100.9152 52.2262
109.6467 59.4654
94.3399 21.7093
73.0109 28.1238
50 50
