OFV: 326.6648484763641
Runtime: 2289.26246714592
Gap: 0
repPt: {0: (50, 50), 1: (88.5074222797407, 62.572335082773755), 2: (77.98391676793207, 39.4540083196137), 3: (25.048512235462766, 15.223197383488612), 4: (5.695528461028605, -6.545163180501598), 5: (64.52356721788806, 31.696268893711352), 6: (52.46224435130295, 23.68373753727121), 7: (89.72645272939889, 21.72055691788217), 8: (81.78977472073962, 5.990366432399949), 9: (54.2243687393242, 49.18052681475719), 10: (43.45219575044459, 21.32113873772456), 11: (80.56446010626296, 86.68830328105739), 12: (87.92685730983052, 64.33514859665163), 13: (79.61434871940341, 43.03659887030835), 14: (92.96383741761603, 30.197263923763288)}
solType: IP_Optimal
lowerBound: 326.66483262982405
upperBound: 326.6648484763641
Path: 
50 50
80.5645 86.6883
87.9269 64.3351
88.5074 62.5723
79.6143 43.0366
77.9839 39.454
92.9638 30.1973
89.7265 21.7206
81.7898 5.9904
64.5236 31.6963
52.4622 23.6837
5.6955 -6.5452
25.0485 15.2232
43.4522 21.3211
54.2244 49.1805
50 50
