OFV: 385.09565092589975
Runtime: 107.0868170261383
Gap: 0
repPt: {0: (50, 50), 1: (57.0603646056002, 98.2075627710479), 2: (34.98028731283794, 119.92312104857604), 3: (80.59457780204464, 27.50378749953776), 4: (107.41289911435935, 13.667620969208606), 5: (6.677768470686915, 56.48637513464779), 6: (-0.8001559815820309, 67.76058333437558), 7: (86.21247693333183, 38.278406006684875), 8: (100.31312418726094, 33.71646870938503), 9: (24.20234287978692, 21.787703201971404), 10: (15.81260369900261, 38.39640379272535), 11: (24.688488047714607, 19.72741118510556), 12: (30.212278074411334, -3.6801306765098127)}
solType: IP_Optimal
lowerBound: 385.09502729629605
upperBound: 385.09565092589975
Path: 
50 50
57.0604 98.2076
34.9803 119.9231
-0.8002 67.7606
6.6778 56.4864
15.8126 38.3964
24.2023 21.7877
24.6885 19.7274
30.2123 -3.6801
80.5946 27.5038
107.4129 13.6676
100.3131 33.7165
86.2125 38.2784
50 50
