OFV: 302.46247271315303
Runtime: 0.029475649003870785
Gap: None
repPt: {0: (50, 50), 1: (80.98937426501314, 28.992138402694685), 2: (97.86493918498502, 21.8360066833028), 11: (86.87206983765691, 47.78664074921993), 12: (76.04668761461356, 43.486135417034134), 3: (68.942880451756, 53.755708879333476), 4: (65.59864880089796, 75.1351934962991), 9: (35.50168299904596, 77.56916583984756), 10: (10.719819892422933, 92.07072980501917), 5: (8.657888632741635, 65.05294639846649), 6: (6.270246577070634, 33.80397798798547), 7: (31.4252995821994, 27.24555749497928), 8: (48.73222578660059, 48.863879448477206)}
lowerBound: 302.4624628694381
upperBound: 302.46247271315303
solType: IP_Optimal
Path: 
50 50
80.9894 28.9921
97.8649 21.836
86.8721 47.7866
76.0467 43.4861
68.9429 53.7557
65.5986 75.1352
35.5017 77.5692
10.7198 92.0707
8.6579 65.0529
6.2702 33.804
31.4253 27.2456
48.7322 48.8639
50 50
