OFV: 764.6231201477781
Runtime: 1.9585877670906484
Gap: None
repPt: {0: (50, 50), 11: (57.25005790803295, 49.1859131317166), 12: (91.94869953115187, 45.289676175168815), 24: (82.95535092271726, 39.126294225785415), 23: (67.93518991880435, 59.89439219207999), 44: (68.80021563257782, 60.15356424566288), 43: (52.97050766266558, 64.57257313189471), 38: (57.21187671488961, 61.896742379704584), 37: (39.27173606652284, 70.27514131585554), 42: (39.198177229348545, 70.30949398847712), 41: (17.372007738963298, 88.80884738466395), 29: (15.355260612259164, 90.51822040426383), 30: (13.589307321639563, 78.8643034295363), 7: (6.561989089541209, 81.20645508757313), 8: (15.557727651828111, 62.78684071917207), 50: (25.769568118386825, 71.21771759964577), 49: (32.372486809992424, 91.36366198448918), 28: (43.13464895309391, 98.45005238933628), 27: (42.448480159058704, 82.40716868374287), 51: (37.290019184759096, 84.08423341573855), 52: (66.71779614763625, 89.68122648498752), 57: (66.71779472121361, 89.68122601243869), 58: (75.69553384411034, 96.92979617306469), 54: (75.69552655226326, 96.92979572327708), 53: (70.63455242089736, 75.02568921842489), 17: (70.6345657229851, 75.02569243096205), 18: (83.43487702907711, 94.48953700784071), 36: (75.92721983296718, 115.35316754735526), 35: (74.32866177347047, 85.38159101933962), 55: (74.66601008141258, 88.21974745006116), 56: (95.42592526361679, 64.2350938425726), 40: (100.35600044444732, 58.53922084626), 39: (87.39653643973348, 53.71392580400413), 16: (88.47670760070176, 53.2175167668276), 15: (78.4730145623335, 54.245739761287524), 60: (78.47301640071598, 54.24574056073931), 59: (65.05675558193853, 44.44381854573511), 21: (67.48827460095653, 41.41569784997069), 22: (75.71107256548817, 29.46251879626823), 6: (75.71107002707139, 29.46251885860547), 5: (68.05920096772375, 36.08148481208649), 20: (67.44821662616489, 36.1874837548345), 19: (44.217459409492214, 40.218089831496904), 4: (45.54680706333584, 42.11363778065935), 3: (23.73589645111933, 32.30192342232866), 26: (23.73589746598998, 32.301924181149744), 25: (11.285996865994479, 23.0311136323662), 33: (5.7425737926874145, 21.715590657226752), 34: (10.544154107332384, 34.714690481448), 2: (11.08692170288592, 36.18407811053316), 1: (10.715252454254035, 8.562179603115283), 45: (27.18727653347613, 14.375400835257135), 46: (44.52966104910255, -6.207168700643661), 13: (58.5870470835535, 0.6840548241104409), 14: (65.05079226602084, -6.285478307040256), 48: (65.05079148167295, -6.285476516406459), 47: (63.90984939721725, 5.6489633033953925), 10: (63.085332746033615, 14.27341208592495), 9: (45.1568163060068, 26.71389002150303), 31: (43.13024982252137, 28.120103890661504), 32: (49.14855426952741, 47.28818289515438)}
lowerBound: 764.623096390957
upperBound: 764.6231201477781
solType: IP_Optimal
Path: 
50 50
57.2501 49.1859
91.9487 45.2897
82.9554 39.1263
67.9352 59.8944
68.8002 60.1536
52.9705 64.5726
57.2119 61.8967
39.2717 70.2751
39.1982 70.3095
17.372 88.8088
15.3553 90.5182
13.5893 78.8643
6.562 81.2065
15.5577 62.7868
25.7696 71.2177
32.3725 91.3637
43.1346 98.4501
42.4485 82.4072
37.29 84.0842
66.7178 89.6812
66.7178 89.6812
75.6955 96.9298
75.6955 96.9298
70.6346 75.0257
70.6346 75.0257
83.4349 94.4895
75.9272 115.3532
74.3287 85.3816
74.666 88.2197
95.4259 64.2351
100.356 58.5392
87.3965 53.7139
88.4767 53.2175
78.473 54.2457
78.473 54.2457
65.0568 44.4438
67.4883 41.4157
75.7111 29.4625
75.7111 29.4625
68.0592 36.0815
67.4482 36.1875
44.2175 40.2181
45.5468 42.1136
23.7359 32.3019
23.7359 32.3019
11.286 23.0311
5.7426 21.7156
10.5442 34.7147
11.0869 36.1841
10.7153 8.5622
27.1873 14.3754
44.5297 -6.2072
58.587 0.6841
65.0508 -6.2855
65.0508 -6.2855
63.9098 5.649
63.0853 14.2734
45.1568 26.7139
43.1302 28.1201
49.1486 47.2882
50 50
