OFV: 394.26317034655074
Runtime: 455.74688434501877
Gap: 0.0
repPt: {0: (50, 50), 9: (54.88218899453243, 41.14228809979655), 10: (41.288443534348524, 38.65237941985038), 2: (31.660976574031512, 43.39129053706247), 1: (16.707471138295716, 48.66259501436629), 18: (16.371772553078834, 40.16045541768614), 17: (15.249435525052478, 11.757498747553884), 15: (10.329991741513368, 27.647569320440276), 16: (33.368967778563466, 5.613233508369557), 8: (64.64346258231168, 8.214406823636367), 7: (65.96744589917657, 26.803351283678044), 4: (66.18992522221288, 26.619216844186806), 3: (88.33017572256244, 8.308701331129567), 12: (114.28610810567133, 85.47333776901232), 11: (95.4954278306471, 94.6699560335386), 6: (91.72056819167672, 96.51771680550004), 5: (80.63820557211487, 88.54715512332344), 13: (62.62087882750503, 75.5892630258796), 14: (43.66822073298717, 61.95962691142013)}
solType: IP_Optimal
lowerBound: 394.2632030790503
upperBound: 394.26317034655074
Path: 
50 50
54.8822 41.1423
41.2884 38.6524
31.661 43.3913
16.7075 48.6626
16.3718 40.1605
15.2494 11.7575
10.33 27.6476
33.369 5.6132
64.6435 8.2144
65.9674 26.8034
66.1899 26.6192
88.3302 8.3087
114.2861 85.4733
95.4954 94.67
91.7206 96.5177
80.6382 88.5472
62.6209 75.5893
43.6682 61.9596
50 50
