OFV: 281.0217784183783
Runtime: 60.18492412567139
Gap: 0
repPt: {0: (50, 50), 1: (82.13602169735424, 30.641145376590412), 2: (96.0340644941226, 22.795206612949652), 3: (69.71544764128144, 56.335432486298394), 4: (64.30139735355435, 73.61123991522065), 5: (10.2460137812104, 67.11289118136392), 6: (7.874520108382946, 34.9987649799631), 7: (30.981119640080284, 29.202553975618788), 8: (46.46056502553759, 46.122133683510256), 9: (36.17154020503792, 79.4546573060821), 10: (11.970102171097164, 90.47883530441315), 11: (82.536815317955, 49.27387582394536), 12: (81.33439161457257, 40.609911324030215)}
solType: IP_Optimal
lowerBound: 281.02181251709646
upperBound: 281.0217784183783
Path: 
50 50
46.4606 46.1221
30.9811 29.2026
7.8745 34.9988
10.246 67.1129
11.9701 90.4788
36.1715 79.4547
64.3014 73.6112
69.7154 56.3354
82.5368 49.2739
81.3344 40.6099
96.0341 22.7952
82.136 30.6411
50 50
