OFV: 1190.1724100221068
Runtime: 2623.9392602748703
Gap: None
repPt: {0: (50, 50), 43: (49.260999257393095, 58.75425155074834), 44: (61.669780009223885, 64.96757532319636), 74: (61.459942324897824, 64.99496161719715), 73: (41.46915355443231, 92.67099719012587), 56: (39.05398044420558, 94.02990315540129), 55: (25.788596945347866, 90.0173020497553), 63: (15.91863724841219, 87.0298043612093), 64: (13.736028018310353, 114.65871000535354), 66: (10.898286552973126, 107.66853291258147), 65: (6.387436821605651, 96.55526551204404), 59: (6.2196322104767425, 96.14130756123765), 60: (33.76604885007357, 104.01497003102294), 7: (39.75655469557754, 104.92832128766467), 8: (55.463549850050114, 107.90013286310841), 96: (66.2300347747876, 105.69857789363647), 95: (59.67222139829801, 82.42562982424462), 61: (70.22141753985494, 79.35910932009544), 62: (81.86203248449895, 90.39082393947022), 1: (82.99757928287012, 91.46829788585146), 2: (95.73644079991676, 104.40912309678205), 10: (95.82564287984037, 104.49972406933983), 9: (91.26516844210585, 83.31084607994495), 85: (90.87974358413632, 67.39736517402888), 86: (97.77047073041194, 72.1397814497012), 67: (97.77046918176963, 72.13978922333958), 68: (102.63864047655198, 60.97958749279873), 53: (101.89390570189379, 56.45320891306058), 54: (103.53795991062479, 30.839851388762142), 28: (103.722276978111, 27.976644708430722), 27: (96.3804104531195, 40.33853763559609), 84: (96.38040106877837, 40.33851011241477), 83: (68.32287527891106, 19.97732648226807), 91: (68.32283588557463, 19.97724804295438), 92: (83.4395297094325, 21.061486318444814), 35: (85.07066307788592, 19.990141955929147), 36: (99.14868380517282, 10.73706529265699), 13: (99.1628184640009, 10.395596221215412), 14: (99.80043373646131, -5.313420267806936), 32: (95.47251632120235, -2.2838707730856402), 31: (75.42395897358811, 11.749458005510286), 40: (75.17555377304232, 11.923345898400628), 39: (50.46612988123883, 29.219006021832538), 25: (56.387375458363024, 31.568326455461005), 26: (72.80088328625378, 38.07219483869268), 5: (73.62432876706224, 38.196184911959335), 6: (92.65692232330494, 41.045050439884264), 18: (92.48661584999105, 41.58335235050053), 17: (84.09149274311105, 68.05013787512506), 21: (84.02731388955276, 68.252969917928), 22: (88.2648207240351, 46.10602904297074), 71: (90.51360089555297, 49.55834017654053), 72: (90.02987200060885, 42.49560899811582), 51: (87.85958068597316, 42.17663739381201), 52: (103.50004440852216, 47.52107328283398), 41: (102.17355194301157, 47.98640378684634), 42: (126.7939848676639, 51.2363812471112), 20: (124.28150047537189, 36.727857087978784), 19: (97.7106023184909, 27.366500373401017), 24: (97.7105759772677, 27.36649759465064), 23: (69.7387475968341, 9.501634152422888), 94: (69.73875760229764, 9.50162795859985), 93: (44.80408875139824, 11.429013007978217), 12: (44.80409519196574, 11.429018046009816), 11: (33.79469944275605, 3.030603465274748), 37: (33.79468039431967, 3.030581349199661), 38: (53.93507193078258, -16.28821412475436), 46: (77.79493261203746, -6.5310445302136015), 45: (74.68239304466245, 4.082340033648965), 97: (74.6823729292873, 4.082326064951758), 98: (79.68164284346125, 20.516881795207606), 57: (79.68165334919344, 20.516901390423662), 58: (83.8335905202981, 30.898981291411033), 90: (84.99614270635429, 33.80289587833748), 89: (64.12020200612181, 17.528216365550243), 30: (64.06829541713968, 19.107599193268705), 29: (57.80058909213122, 6.077366466678692), 100: (57.80059870406624, 6.077373653241063), 99: (27.321768860568238, 10.437091333772724), 88: (25.64687033884921, 16.74340192792371), 87: (21.393745295979304, 32.723165672438476), 75: (30.24893472393459, 30.144734367404112), 76: (34.593246983271705, 37.57377886451425), 16: (34.593245933609566, 37.57378058828941), 15: (31.340066283126163, 8.318418930427994), 82: (31.340091253721976, 8.318414119328374), 81: (17.17987140360129, 19.709366714523316), 34: (17.17986825385313, 19.709356925281458), 33: (7.3512217031088, 38.669538822598014), 3: (7.35125259276843, 38.669519149672944), 4: (15.814994808945276, 40.88694088070072), 77: (15.595784018906631, 40.98255642078667), 78: (23.157410799047323, 38.730073001473805), 80: (25.151728251361288, 38.134535031171666), 79: (9.617586539340994, 60.5382879097609), 49: (9.617573882776888, 60.53827571299266), 50: (30.09811612532016, 72.2453278601016), 47: (24.94412354910786, 59.745414201070176), 48: (34.706997465990106, 47.93556532872795), 69: (29.890769764696667, 40.66037798285131), 70: (46.76972715872792, 48.5006543118391)}
lowerBound: 1190.1722234348917
upperBound: 1190.1724100221068
solType: IP_Optimal
Path: 
50 50
49.261 58.7543
61.6698 64.9676
61.4599 64.995
41.4692 92.671
39.054 94.0299
25.7886 90.0173
15.9186 87.0298
13.736 114.6587
10.8983 107.6685
6.3874 96.5553
6.2196 96.1413
33.766 104.015
39.7566 104.9283
55.4635 107.9001
66.23 105.6986
59.6722 82.4256
70.2214 79.3591
81.862 90.3908
82.9976 91.4683
95.7364 104.4091
95.8256 104.4997
91.2652 83.3108
90.8797 67.3974
97.7705 72.1398
97.7705 72.1398
102.6386 60.9796
101.8939 56.4532
103.538 30.8399
103.7223 27.9766
96.3804 40.3385
96.3804 40.3385
68.3229 19.9773
68.3228 19.9772
83.4395 21.0615
85.0707 19.9901
99.1487 10.7371
99.1628 10.3956
99.8004 -5.3134
95.4725 -2.2839
75.424 11.7495
75.1756 11.9233
50.4661 29.219
56.3874 31.5683
72.8009 38.0722
73.6243 38.1962
92.6569 41.0451
92.4866 41.5834
84.0915 68.0501
84.0273 68.253
88.2648 46.106
90.5136 49.5583
90.0299 42.4956
87.8596 42.1766
103.5 47.5211
102.1736 47.9864
126.794 51.2364
124.2815 36.7279
97.7106 27.3665
97.7106 27.3665
69.7387 9.5016
69.7388 9.5016
44.8041 11.429
44.8041 11.429
33.7947 3.0306
33.7947 3.0306
53.9351 -16.2882
77.7949 -6.531
74.6824 4.0823
74.6824 4.0823
79.6816 20.5169
79.6817 20.5169
83.8336 30.899
84.9961 33.8029
64.1202 17.5282
64.0683 19.1076
57.8006 6.0774
57.8006 6.0774
27.3218 10.4371
25.6469 16.7434
21.3937 32.7232
30.2489 30.1447
34.5932 37.5738
34.5932 37.5738
31.3401 8.3184
31.3401 8.3184
17.1799 19.7094
17.1799 19.7094
7.3512 38.6695
7.3513 38.6695
15.815 40.8869
15.5958 40.9826
23.1574 38.7301
25.1517 38.1345
9.6176 60.5383
9.6176 60.5383
30.0981 72.2453
24.9441 59.7454
34.707 47.9356
29.8908 40.6604
46.7697 48.5007
50 50
