OFV: 327.550048303569
Runtime: 73.99775772297289
Gap: 1.399387549943615e-07
repPt: {0: (50, 50), 1: (38.72987735336636, 44.73077447565505), 2: (29.725367873907906, 55.57059500037136), 16: (25.76839087038992, 60.33553699566827), 15: (33.259318525943826, 66.48751477432964), 7: (44.5875362428999, 75.78470791605974), 8: (49.65441274855505, 101.96147861027279), 4: (-1.0832711948597886, 107.76614636942568), 3: (5.8863965503893265, 86.21838505568516), 9: (11.021603271379346, 67.00091533672061), 10: (14.816533419345017, 33.27751346475786), 14: (18.728005940683957, 13.69431617572221), 13: (38.14036579322255, 4.391909061748602), 6: (54.949425200224546, -3.663048569722166), 5: (60.700686344170094, 13.897918796844085), 11: (60.26785781878504, 15.356944473509447), 12: (54.51793584297582, 34.75708122102414)}
solType: IP_Optimal
lowerBound: 327.550002466623
upperBound: 327.550048303569
Path: 
50 50
38.7299 44.7308
29.7254 55.5706
25.7684 60.3355
33.2593 66.4875
44.5875 75.7847
49.6544 101.9615
-1.0833 107.7661
5.8864 86.2184
11.0216 67.0009
14.8165 33.2775
18.728 13.6943
38.1404 4.3919
54.9494 -3.663
60.7007 13.8979
60.2679 15.3569
54.5179 34.7571
50 50
