OFV: 397.4639952163974
Runtime: 0.035843770019710064
Gap: None
repPt: {0: (50, 50), 11: (27.308482182337272, 51.740160118277394), 12: (0.11222303543738121, 53.8247754936958), 10: (56.03691901819673, -24.622052683978062), 9: (68.30948618263922, 6.4071457188344425), 6: (78.34733807932002, 7.424834784030329), 5: (96.74167005140988, 31.093124914833467), 8: (120.20279131565472, 20.884258091605055), 7: (95.89893054770917, 29.204054011609283), 1: (83.63801719692538, 33.40667106273751), 2: (103.40826869764733, 51.35656405064477), 3: (98.13755268768865, 43.94973560917014), 4: (98.55460646569048, 68.20302989796477), 14: (82.35529974236707, 68.29663695891212), 13: (67.53857640957273, 59.91712478669181)}
lowerBound: 397.4639660625334
upperBound: 397.4639952163974
solType: IP_Optimal
Path: 
50 50
27.3085 51.7402
0.1122 53.8248
56.0369 -24.6221
68.3095 6.4071
78.3473 7.4248
96.7417 31.0931
120.2028 20.8843
95.8989 29.2041
83.638 33.4067
103.4083 51.3566
98.1376 43.9497
98.5546 68.203
82.3553 68.2966
67.5386 59.9171
50 50
