OFV: 954.6001252807209
Runtime: 1.163223119918257
Gap: None
repPt: {0: (50, 50), 28: (48.23587919821183, 49.605087465784955), 27: (33.40811824037547, 46.28752524427745), 25: (32.51016277196934, 46.086474931520804), 26: (56.9041428486139, 65.26453855627226), 43: (57.1219111599697, 66.04574734643445), 44: (70.55189076138073, 47.29671770190124), 33: (72.4502726997882, 38.10572209798286), 34: (87.5770365671405, 22.555890268116435), 3: (83.23108554913988, 31.507551203612316), 4: (114.8641323326257, 46.57443706381884), 52: (125.707025413644, 46.59480953865436), 51: (95.71685222814999, 42.52127709722565), 8: (96.28046653784891, 44.959062544549084), 7: (88.96401649869297, 34.492977759297425), 42: (102.14418990603974, 29.586982760092116), 41: (81.71877567464367, 12.384454016986975), 60: (73.18669405174377, 5.198747095270331), 59: (55.637202515498664, 21.803140412165323), 12: (55.637200163438024, 21.803139101530167), 11: (30.46700907883731, 21.02629603866067), 9: (30.496838773287077, 20.981600129771547), 10: (38.61313432945241, 8.823749073569573), 46: (47.54447787438867, 11.519778989836237), 45: (31.36817049007904, 32.60290031126894), 16: (31.342114174826182, 32.57471042790974), 15: (18.229667118371346, 35.90985420732173), 55: (23.8507903090714, 24.468082829133483), 56: (37.8797812355822, 24.85454899021417), 50: (44.957237820436184, 27.208032507184935), 49: (25.33938322343016, 7.099982426170423), 36: (31.9731667765786, -9.984206900533291), 35: (10.979734877620581, -1.9583012196867753), 14: (7.58833223186503, -10.040011548785753), 13: (5.8586786172327745, 14.528458979581632), 21: (5.7558402616177915, 15.987164573656129), 22: (18.361594018553852, 44.68015013246217), 6: (18.362197656078294, 44.68005871843469), 5: (13.734449535875541, 57.76598795153774), 57: (19.383811580121552, 60.04241478365435), 58: (32.05919586564603, 66.19509070301653), 18: (32.08233494345048, 76.70230839903982), 17: (30.444803322992975, 55.27282508504422), 37: (33.870075337636884, 48.36887496320063), 38: (56.642378991513986, 52.084387580019566), 19: (57.01249882892298, 54.9789774982577), 20: (59.22528470343945, 72.27477902238084), 1: (62.369799328505096, 96.85460890114145), 2: (78.21357886448675, 68.49018899329354), 54: (86.09480726709643, 68.5199183483077), 53: (83.86201557316424, 80.92412588274779), 47: (92.7188162353854, 97.26824861132278), 48: (108.87484188672295, 127.0802541856973), 32: (42.49752551276281, 122.66172123589092), 31: (37.18479692132753, 93.46655444881294), 39: (38.206394920408236, 95.76192491578192), 40: (48.64922253088604, 86.13022824993797), 24: (47.82748466969683, 86.56261413285243), 23: (42.4684454052462, 64.97155055294292), 29: (45.16916075898195, 72.50889431065931), 30: (48.5165195637568, 55.102761061898214)}
lowerBound: 954.600015698908
upperBound: 954.6001252807209
solType: IP_Optimal
Path: 
50 50
48.2359 49.6051
33.4081 46.2875
32.5102 46.0865
56.9041 65.2645
57.1219 66.0457
70.5519 47.2967
72.4503 38.1057
87.577 22.5559
83.2311 31.5076
114.8641 46.5744
125.707 46.5948
95.7169 42.5213
96.2805 44.9591
88.964 34.493
102.1442 29.587
81.7188 12.3845
73.1867 5.1987
55.6372 21.8031
55.6372 21.8031
30.467 21.0263
30.4968 20.9816
38.6131 8.8237
47.5445 11.5198
31.3682 32.6029
31.3421 32.5747
18.2297 35.9099
23.8508 24.4681
37.8798 24.8545
44.9572 27.208
25.3394 7.1
31.9732 -9.9842
10.9797 -1.9583
7.5883 -10.04
5.8587 14.5285
5.7558 15.9872
18.3616 44.6802
18.3622 44.6801
13.7344 57.766
19.3838 60.0424
32.0592 66.1951
32.0823 76.7023
30.4448 55.2728
33.8701 48.3689
56.6424 52.0844
57.0125 54.979
59.2253 72.2748
62.3698 96.8546
78.2136 68.4902
86.0948 68.5199
83.862 80.9241
92.7188 97.2682
108.8748 127.0803
42.4975 122.6617
37.1848 93.4666
38.2064 95.7619
48.6492 86.1302
47.8275 86.5626
42.4684 64.9716
45.1692 72.5089
48.5165 55.1028
50 50
