OFV: 395.74865215979406
Runtime: 160.80144157703035
Gap: 1.80325325752389e-08
repPt: {0: (50, 50), 3: (64.40254768731944, 96.58883339731436), 4: (57.33471838938746, 124.7433074656712), 11: (16.549923407680236, 90.678234034995), 12: (-2.4624748839487736, 74.79811427399542), 16: (-10.436502730081546, 80.85176537726578), 15: (1.125599521156976, 71.97428201080777), 17: (7.369209168292942, 67.18029404262063), 18: (10.887298766887705, 56.09998862358578), 1: (11.162726074851093, 56.97727918583876), 2: (11.354278859769202, 27.69872430933289), 10: (-4.143406487870913, 7.131119489928197), 9: (13.93987407128166, 8.341119559003321), 5: (37.006774236129374, 9.884540341670522), 6: (61.823562182678465, 11.545038477060483), 8: (58.94657230934409, 10.192711982513554), 7: (58.115862745987144, 18.380830675908083), 14: (81.00072376939895, 31.300659809753416), 13: (69.39894676688941, 38.29913024041255)}
solType: IP_Optimal
lowerBound: 395.7486450234436
upperBound: 395.74865215979406
Path: 
50 50
64.4025 96.5888
57.3347 124.7433
16.5499 90.6782
-2.4625 74.7981
-10.4365 80.8518
1.1256 71.9743
7.3692 67.1803
10.8873 56.1
11.1627 56.9773
11.3543 27.6987
-4.1434 7.1311
13.9399 8.3411
37.0068 9.8845
61.8236 11.545
58.9466 10.1927
58.1159 18.3808
81.0007 31.3007
69.3989 38.2991
50 50
