OFV: 515.5350118415103
Runtime: 126.23075754099409
Gap: 2.0313298894630958e-08
repPt: {0: (50, 50), 6: (45.260304912002375, 52.77270494424788), 5: (32.492821704965166, 60.24730333194473), 20: (28.093121270398687, 63.63406793258943), 19: (10.65437510649146, 77.05658579853943), 1: (9.948885936468761, 72.5371762269973), 2: (4.951514261057246, 40.525816442871076), 13: (2.600352069528255, 25.46232289779533), 14: (-14.513242531739706, 15.963670801918274), 9: (4.920659616957475, 8.625621336896097), 10: (18.956524719902077, -16.998693865279193), 18: (63.393091126883625, -4.9092331603399515), 12: (62.96494995576915, 13.79987668429676), 17: (62.69097365730531, 25.69973259395953), 11: (65.91904400968164, 48.145607030670384), 8: (66.68313037738376, 53.45724760130531), 7: (88.7166009055885, 31.504875012504755), 3: (95.81485596798342, 24.432382957239838), 4: (123.25474609159558, 12.425787341736285), 16: (80.94879573147898, 107.72039948765105), 15: (62.60380889215007, 80.83220394652591)}
solType: IP_Optimal
lowerBound: 515.5350013692935
upperBound: 515.5350118415103
Path: 
50 50
45.2603 52.7727
32.4928 60.2473
28.0931 63.6341
10.6544 77.0566
9.9489 72.5372
4.9515 40.5258
2.6004 25.4623
-14.5132 15.9637
4.9207 8.6256
18.9565 -16.9987
63.3931 -4.9092
62.9649 13.7999
62.691 25.6997
65.919 48.1456
66.6831 53.4572
88.7166 31.5049
95.8149 24.4324
123.2547 12.4258
80.9488 107.7204
62.6038 80.8322
50 50
