OFV: 807.9176989822365
Runtime: 385.6998345720349
Gap: None
Path: 
50 50
45.1413 47.0369
41.276 44.6798
33.8697 30.9975
33.3787 30.0907
32.5749 30.3453
31.1392 30.8003
14.3756 36.1137
14.2613 35.7312
14.0645 35.0724
13.0596 31.7054
10.3409 22.5919
10.6363 12.7135
10.6473 12.3463
10.6593 11.9465
11.7521 12.7014
19.4416 18.0123
24.5909 23.4646
28.1305 12.859
33.0411 13.3048
36.2668 12.7691
41.6734 11.8719
51.673 15.4531
50.8585 15.37
49.9312 15.2753
41.5879 14.4236
41.5877 14.4235
44.3524 9.8524
52.8348 -7.553
53.2143 -8.0971
59.2145 -16.6968
69.2159 -18.9884
63.7786 -0.1014
63.5468 0.7037
56.2309 26.1172
56.0101 26.8843
64.89 21.7483
74.0255 16.4648
72.8225 20.3028
66.0215 29.9707
63.8605 33.0429
67.3375 41.2576
73.4233 49.0849
73.7825 45.0199
74.0497 41.9961
75.3747 27.0064
75.4736 25.886
77.8413 25.2361
78.8088 24.9704
83.6418 23.6442
84.0812 24.6015
84.3126 25.1059
89.8485 37.1653
90.9725 40.9379
91.0053 40.5361
92.2688 25.0294
92.869 24.9999
106.7366 25.7962
125.3818 26.8663
113.2128 35.6832
101.6331 44.0731
98.6999 46.1983
102.8939 68.8362
103.2102 69.1948
114.0096 66.2593
92.091 76.1039
93.4477 73.7458
92.3945 73.149
90.6123 72.1392
85.1642 69.0531
75.278 63.454
73.6212 63.6309
57.4364 65.3544
56.6906 66.0625
60.9634 71.0585
65.3269 76.1608
77.8116 83.7021
77.8115 83.7021
56.7891 88.1536
54.8503 88.5647
54.3444 88.5967
40.8431 69.1788
41.0381 69.0918
41.2719 69.1701
65.6407 77.33
65.4028 79.973
65.0794 83.565
64.4235 90.8522
65.3395 92.0476
74.2817 100.0813
82.7564 107.695
50.7115 110.6187
33.3899 106.4297
24.4689 111.5498
16.591 88.4576
28.4598 81.0996
39.1699 74.4599
50.4163 67.4879
55.9002 57.4516
55.9002 57.4516
52.9089 53.6737
50 50
