OFV: 451.61712979507155
Runtime: 4.230144533968996
Gap: 1.276678576303881e-07
repPt: {0: (50, 50), 8: (39.309336360962305, 45.055849895993006), 7: (38.51164447671129, 9.82559849308152), 13: (45.12433899070406, 10.643224473594895), 14: (29.26887008946202, -6.200161314506987), 1: (3.206963079360781, 20.357908462937242), 2: (-15.89437220149884, 26.786843920321765), 10: (-1.7024454640656024, 93.70051353718245), 9: (10.869054244726255, 89.58279099715608), 5: (48.8916468719736, 74.16943959333969), 6: (57.00900320537079, 48.06562530717776), 3: (82.90225489167042, 49.544636568459325), 4: (84.52412826774429, 69.98149125310537), 12: (125.42211314408246, 73.33642095806984), 11: (96.77580298034353, 68.66960084549146), 15: (83.65764954885611, 67.02520947161423), 16: (57.791447593017885, 54.34236526692909)}
solType: IP_Optimal
lowerBound: 451.6170721380801
upperBound: 451.61712979507155
Path: 
50 50
39.3093 45.0558
38.5116 9.8256
45.1243 10.6432
29.2689 -6.2002
3.207 20.3579
-15.8944 26.7868
-1.7024 93.7005
10.8691 89.5828
48.8916 74.1694
57.009 48.0656
82.9023 49.5446
84.5241 69.9815
125.4221 73.3364
96.7758 68.6696
83.6576 67.0252
57.7914 54.3424
50 50
