OFV: 250.49078975166992
Runtime: 66.36166191101074
Gap: 0
repPt: {0: (50, 50), 1: (87.2448390464234, 61.109349527941994), 2: (85.26642548013118, 72.41114024094415), 3: (68.17288140863354, 3.805330837533263), 4: (69.06480277311412, -8.288408687625765), 5: (66.20022339117136, 70.22255131949115), 6: (82.12471424994355, 62.49328248050473), 7: (48.370268882025165, 27.158412560800905), 8: (33.57849005238755, 56.61345161394656), 9: (85.45730055895315, 8.585914363254485), 10: (95.30897503194488, 15.080521227169285), 11: (79.93827285529858, 4.947258030723125), 12: (77.71759381359824, -11.9597627336287)}
solType: IP_Optimal
lowerBound: 250.4900838424055
upperBound: 250.49078975166992
Path: 
50 50
33.5785 56.6135
48.3703 27.1584
68.1729 3.8053
69.0648 -8.2884
77.7176 -11.9598
79.9383 4.9473
85.4573 8.5859
95.309 15.0805
87.2448 61.1093
85.2664 72.4111
82.1247 62.4933
66.2002 70.2226
50 50
