OFV: 435.1109188240714
Runtime: 3604.5435183999944
Gap: 0.02918865233933608
repPt: {0: (50, 50), 1: (49.31493774022562, 41.38439033152406), 2: (39.70463650913535, 43.78935783792979), 3: (11.704151193821124, 50.79009019743824), 4: (-4.321422977507899, 29.947253439493974), 13: (16.374033787779915, 10.303190762153266), 14: (33.60801141704263, -6.05350634824334), 10: (34.0597447486681, -21.875981614251245), 9: (44.85107593499711, -1.0411957346343446), 8: (63.84941753529575, 32.362552498336164), 7: (71.09369887983485, 30.54271512113383), 11: (79.77374146410565, 30.45922273669538), 12: (97.80504561068874, 58.56015142237607), 16: (115.73932725561724, 86.51032706244514), 15: (95.14727592387982, 100.62186612469858), 20: (70.30340991236255, 126.8898312739789), 19: (68.07022130028143, 101.15064483348056), 6: (67.16296897020717, 103.84170387378181), 5: (66.05547913088783, 93.27262345092939), 18: (63.15814742096383, 65.63907855050441), 17: (54.86038738492531, 55.77509967022729)}
solType: IP_TimeLimit
lowerBound: 422.4106174854665
upperBound: 435.1109188240714
Path: 
50 50
49.3149 41.3844
39.7046 43.7894
11.7042 50.7901
-4.3214 29.9473
16.374 10.3032
33.608 -6.0535
34.0597 -21.876
44.8511 -1.0412
63.8494 32.3626
71.0937 30.5427
79.7737 30.4592
97.805 58.5602
115.7393 86.5103
95.1473 100.6219
70.3034 126.8898
68.0702 101.1506
67.163 103.8417
66.0555 93.2726
63.1581 65.6391
54.8604 55.7751
50 50
