OFV: 409.2069920232701
Runtime: 172.57926956302254
Gap: -2.1846317003135573e-07
repPt: {0: (50, 50), 11: (49.0286409485846, 34.368641887875526), 12: (44.814197204555896, 29.562140393149154), 17: (39.68721240527177, 23.723095270065578), 18: (63.29971608052015, 2.6114624805907916), 15: (79.8096647060409, 3.60194023603865), 16: (91.59550958369456, -1.3931260448795157), 10: (120.83466856955619, 42.43348688828755), 9: (101.67729746922998, 55.25167353394277), 14: (115.71747866042156, 82.50578483344886), 13: (99.74616733282015, 81.6786143984912), 1: (63.42680421021377, 72.45876244220187), 2: (55.01322384446482, 89.49884794854458), 5: (55.77780450207265, 94.77949138653865), 6: (57.024584051530724, 103.4086794586957), 4: (49.51270453023945, 99.587667154301), 3: (23.875350677939434, 86.53590167093422), 8: (0.13287243840619567, 57.815340209772565), 7: (20.05990439038579, 51.08568296385446)}
solType: IP_Optimal
lowerBound: 409.2070814199268
upperBound: 409.2069920232701
Path: 
50 50
49.0286 34.3686
44.8142 29.5621
39.6872 23.7231
63.2997 2.6115
79.8097 3.6019
91.5955 -1.3931
120.8347 42.4335
101.6773 55.2517
115.7175 82.5058
99.7462 81.6786
63.4268 72.4588
55.0132 89.4988
55.7778 94.7795
57.0246 103.4087
49.5127 99.5877
23.8754 86.5359
0.1329 57.8153
20.0599 51.0857
50 50
