OFV: 635.7487274000605
Runtime: 0.4196202059974894
Gap: None
repPt: {0: (50, 50), 18: (49.3067094025566, 51.18941687959768), 17: (30.75101010452527, 82.93392776947715), 19: (27.222763673437207, 86.2767802196058), 20: (34.66867382860959, 64.57148146076007), 28: (39.30002291521938, 68.11172564672857), 27: (14.650657884688654, 87.25416979633425), 31: (9.704029833176449, 87.17868624950714), 32: (12.722749520848835, 69.03124590253917), 26: (13.28622711112168, 62.0894864765232), 25: (15.715143132599517, 32.50847284515827), 1: (19.495917077126407, 23.458904707276435), 2: (25.340136144588875, 9.474903524773792), 22: (45.635009414750925, 17.955899513973698), 21: (43.2193474990535, 46.40334992227815), 3: (40.19861488744334, 42.0911523823232), 4: (62.40471023077511, 14.193656085948273), 37: (65.44150668063929, 10.375402883244117), 38: (82.373270890055, -10.646755906790247), 24: (67.8810370301662, 13.125086954743153), 23: (63.311752885645596, 33.459543526499104), 14: (67.66632593289988, 34.30639214443558), 13: (63.923230813051894, 49.017600075063356), 7: (67.16506972888276, 47.19237746798264), 8: (74.21645014729691, 34.2867644789589), 36: (79.29654985094051, 37.19065332031364), 35: (79.0317235288298, 58.65275842162086), 33: (68.24629553030307, 56.313194949855806), 34: (76.6731656877457, 64.44556273929078), 39: (79.82927759526874, 65.54757563301632), 40: (111.41832958045279, 75.13112159276784), 30: (86.18488964910316, 89.40772201543089), 29: (71.13199124061549, 83.5612133636127), 10: (59.66604834322518, 79.11619160987175), 9: (43.999590918717836, 73.6912183381945), 12: (39.86524543951285, 81.50455446640734), 11: (29.423601474636932, 55.01752110209775), 5: (23.871598832425892, 54.611825665937744), 6: (34.715490666081614, 56.852583628315635), 15: (36.26823303009784, 50.86981991440421), 16: (46.780510537136635, 54.944384632398254)}
lowerBound: 635.7486492613409
upperBound: 635.7487274000605
solType: IP_Optimal
Path: 
50 50
49.3067 51.1894
30.751 82.9339
27.2228 86.2768
34.6687 64.5715
39.3 68.1117
14.6507 87.2542
9.704 87.1787
12.7227 69.0312
13.2862 62.0895
15.7151 32.5085
19.4959 23.4589
25.3401 9.4749
45.635 17.9559
43.2193 46.4033
40.1986 42.0912
62.4047 14.1937
65.4415 10.3754
82.3733 -10.6468
67.881 13.1251
63.3118 33.4595
67.6663 34.3064
63.9232 49.0176
67.1651 47.1924
74.2165 34.2868
79.2965 37.1907
79.0317 58.6528
68.2463 56.3132
76.6732 64.4456
79.8293 65.5476
111.4183 75.1311
86.1849 89.4077
71.132 83.5612
59.666 79.1162
43.9996 73.6912
39.8652 81.5046
29.4236 55.0175
23.8716 54.6118
34.7155 56.8526
36.2682 50.8698
46.7805 54.9444
50 50
