OFV: 504.5096614120991
Runtime: 20.056876872025896
Gap: -1.574028427228723e-08
repPt: {0: (50, 50), 13: (59.76572697583509, 38.34602966764432), 14: (70.26417339370121, 25.817374909183197), 16: (91.83763095359524, 0.06021488620022164), 15: (59.51470251822739, 7.310291921792987), 9: (60.50060597390029, 8.139657667465702), 10: (45.52607661937991, 19.730410201150946), 19: (32.258621202329834, 1.4151506333190829), 20: (12.532995335921726, -25.8179653197161), 2: (7.537990320625989, 52.15179886724641), 1: (30.445361311169854, 58.31173819639462), 18: (23.813433009628326, 54.22398073278017), 17: (30.47427163847122, 67.91422506170096), 11: (31.256779608254064, 69.52434057901827), 12: (62.870687621624455, 63.780931787383764), 7: (68.26256422320466, 79.98658849654939), 8: (79.51642061312211, 89.01343190000894), 3: (86.95894315533776, 80.2745260605004), 4: (85.71675504761409, 96.78037923102002), 6: (65.07465767888688, 121.8009283942615), 5: (44.401550284819464, 94.03776090810418)}
solType: IP_Optimal
lowerBound: 504.5096693532246
upperBound: 504.5096614120991
Path: 
50 50
59.7657 38.346
70.2642 25.8174
91.8376 0.0602
59.5147 7.3103
60.5006 8.1397
45.5261 19.7304
32.2586 1.4152
12.533 -25.818
7.538 52.1518
30.4454 58.3117
23.8134 54.224
30.4743 67.9142
31.2568 69.5243
62.8707 63.7809
68.2626 79.9866
79.5164 89.0134
86.9589 80.2745
85.7168 96.7804
65.0747 121.8009
44.4016 94.0378
50 50
