OFV: 399.34560212301193
Runtime: 0.044853099971078336
Gap: None
repPt: {0: (50, 50), 3: (59.414533839285006, 82.58093431063217), 4: (56.7097167657369, 103.41898819021642), 11: (85.8363678164069, 79.17819040840453), 12: (101.38860912231053, 66.23966344136764), 5: (95.58185100446795, 49.04093008329262), 6: (88.57219116574471, 39.80223744811039), 10: (82.65519816268746, 27.32624075516729), 9: (51.575214828714664, 12.393090793055553), 13: (25.50041787315686, 5.553760866237792), 14: (2.5646644869635313, 26.56258125640935), 8: (-13.776532596265756, -23.173314048339815), 7: (2.399182981350969, 2.6236333171504773), 2: (6.659361734053844, 9.421113970828099), 1: (25.61402442594264, 27.16981164794097)}
lowerBound: 399.3455852880969
upperBound: 399.34560212301193
solType: IP_Optimal
Path: 
50 50
59.4145 82.5809
56.7097 103.419
85.8364 79.1782
101.3886 66.2397
95.5819 49.0409
88.5722 39.8022
82.6552 27.3262
51.5752 12.3931
25.5004 5.5538
2.5647 26.5626
-13.7765 -23.1733
2.3992 2.6236
6.6594 9.4211
25.614 27.1698
50 50
