OFV: 293.98352451984925
Runtime: 7.619071240999801
Gap: -5.6125561965700984e-08
repPt: {0: (50, 50), 1: (63.9046263239915, 75.81513183370858), 2: (54.00722085606979, 98.70964472711889), 10: (56.04882471376009, 98.4646540640046), 9: (78.694452765262, 95.74312435887965), 4: (75.54305123339606, 106.7364503296104), 3: (81.63812141208093, 97.06646761066246), 6: (101.70341546841053, 65.21167317532814), 8: (72.91915252741374, 51.814431527677904), 5: (70.39171010431153, 48.87134428943784), 7: (64.42450776710841, 41.92310086494749), 12: (39.33499553262304, 12.726012384106017), 11: (27.22890684340245, 7.494761072392885), 14: (19.47055626461288, 11.730365080147845), 13: (32.71889583879149, 30.494835937236463)}
solType: IP_Optimal
lowerBound: 293.9835410198398
upperBound: 293.98352451984925
Path: 
50 50
63.9046 75.8151
54.0072 98.7096
56.0488 98.4647
78.6945 95.7431
75.5431 106.7365
81.6381 97.0665
101.7034 65.2117
72.9192 51.8144
70.3917 48.8713
64.4245 41.9231
39.335 12.726
27.2289 7.4948
19.4706 11.7304
32.7189 30.4948
50 50
