OFV: 990.7577700617021
Runtime: 0.3797420220216736
Gap: None
repPt: {0: (50, 50), 47: (52.07541283253437, 51.99884851312131), 48: (71.17703544281059, 70.41453411518866), 5: (72.41791504583273, 71.98499082665693), 6: (89.03837825232168, 100.70435676178263), 13: (91.4900347812555, 95.16301299452863), 14: (101.36332696700373, 72.84788680579545), 26: (108.50156478815852, 67.30311718217803), 25: (84.23421827338395, 45.80876666768393), 51: (80.29963419503196, 56.54674354239748), 52: (88.938686439134, 82.60293345823314), 59: (96.40393719482226, 86.0614241586606), 60: (117.94169951704906, 85.44485286548421), 38: (121.71947883653957, 71.43820280066342), 37: (98.96678750898133, 50.61595849738342), 23: (100.19238549516456, 45.42836712011796), 24: (103.2021560912019, 32.61368322408992), 18: (99.47880499478796, 20.91692681785461), 17: (79.97094177082228, 16.62954417197208), 15: (80.6372634151826, 15.937484470249565), 16: (91.9705707353893, 4.146872617786814), 8: (87.36232852085705, 2.3641613213187544), 7: (63.96281564109702, 21.26912348933278), 32: (64.34714542876101, 25.493569394672146), 31: (65.94170218537182, 42.81674912731432), 56: (73.20444508351471, 38.34677655846956), 55: (63.193738826706884, 55.55135051507163), 29: (60.867989506034306, 59.5370629625931), 30: (67.84981089747866, 88.61590095940392), 42: (60.62979769806936, 87.81935686252794), 41: (41.238622030573595, 60.07539166866587), 58: (43.49429627928696, 64.54624462346624), 57: (44.34572975499046, 88.71085499081879), 36: (55.02527925197795, 90.38863410978337), 35: (42.94666134595776, 95.71734592981024), 10: (43.509912130568715, 93.5731594073821), 9: (17.31707097059225, 90.12233220660922), 27: (13.731474202016717, 93.99133391625735), 28: (16.153520036291663, 126.49617363554448), 4: (36.47889340407016, 95.61654989684496), 3: (34.292242286238015, 77.8566364898779), 2: (26.54620728365421, 66.45179564689928), 1: (25.846532092823892, 51.16386933411815), 43: (27.12836065527471, 48.33185186499789), 44: (32.46653712291917, 15.875118525533692), 19: (39.81664160085126, 14.340681357936278), 20: (70.56744942320047, 7.922002743994794), 46: (77.13207142307002, 3.737492813932309), 45: (61.39594093991326, -0.6886816970426017), 40: (53.98218232624453, -2.787803752995338), 39: (40.308817692250194, 28.550922135641443), 49: (40.30838177410328, 28.551139720866033), 50: (41.29660935511766, 5.055192801889674), 34: (30.991524580855277, -11.715901657823004), 33: (16.997990057150165, 3.090209699621851), 22: (25.711374714949, 11.060995987620172), 21: (8.310212799802759, 33.707373966096156), 53: (4.482366170081086, 26.958464937686724), 54: (27.577005782454947, 38.29737253571311), 11: (26.918427978504898, 35.986067829503305), 12: (40.54973542027961, 44.26191730444013)}
lowerBound: 990.7576098756499
upperBound: 990.7577700617021
solType: IP_Optimal
Path: 
50 50
52.0754 51.9988
71.177 70.4145
72.4179 71.985
89.0384 100.7044
91.49 95.163
101.3633 72.8479
108.5016 67.3031
84.2342 45.8088
80.2996 56.5467
88.9387 82.6029
96.4039 86.0614
117.9417 85.4449
121.7195 71.4382
98.9668 50.616
100.1924 45.4284
103.2022 32.6137
99.4788 20.9169
79.9709 16.6295
80.6373 15.9375
91.9706 4.1469
87.3623 2.3642
63.9628 21.2691
64.3471 25.4936
65.9417 42.8167
73.2044 38.3468
63.1937 55.5514
60.868 59.5371
67.8498 88.6159
60.6298 87.8194
41.2386 60.0754
43.4943 64.5462
44.3457 88.7109
55.0253 90.3886
42.9467 95.7173
43.5099 93.5732
17.3171 90.1223
13.7315 93.9913
16.1535 126.4962
36.4789 95.6165
34.2922 77.8566
26.5462 66.4518
25.8465 51.1639
27.1284 48.3319
32.4665 15.8751
39.8166 14.3407
70.5674 7.922
77.1321 3.7375
61.3959 -0.6887
53.9822 -2.7878
40.3088 28.5509
40.3084 28.5511
41.2966 5.0552
30.9915 -11.7159
16.998 3.0902
25.7114 11.061
8.3102 33.7074
4.4824 26.9585
27.577 38.2974
26.9184 35.9861
40.5497 44.2619
50 50
