OFV: 999.5765825405099
Runtime: 212.10533163510263
Gap: None
repPt: {0: (50, 50), 25: (50.37374195371635, 54.62212550877942), 26: (65.18278868313494, 36.25376202812124), 41: (63.711965030743464, 37.465869636103534), 42: (92.8724304956789, 46.92306441675771), 22: (91.3375795177535, 52.0503850433265), 21: (69.45189994224336, 35.608127929447754), 65: (69.46905167531139, 35.585546107493485), 66: (81.57243845040341, 19.646307756529588), 79: (83.993556561757, 20.347165189414202), 80: (101.91290654084317, 25.526902708319277), 49: (98.59708083470707, 22.11389370505511), 50: (115.76258408880919, 20.391192924758556), 6: (123.37634613706425, 24.72957904552005), 5: (97.25438061701378, 29.159904002226803), 31: (97.25437028302998, 29.159894714641226), 32: (113.79366152233345, 46.344572915787886), 8: (115.03248444896714, 45.93097517607168), 7: (97.34599030655568, 35.066899035040734), 45: (94.39915867188971, 39.79172008106214), 46: (97.98427075903334, 46.03810417718438), 3: (97.9842680004473, 46.03810932477952), 4: (102.90707302785457, 67.50945393791694), 76: (108.24433683949536, 70.52162533818176), 75: (100.82596433004858, 47.27115614843453), 18: (103.21384563076212, 51.39219136350818), 17: (71.69086369074262, 55.540251540889784), 13: (72.06460330786527, 60.088495577900716), 14: (73.02855312149109, 71.89815496610679), 19: (73.02854048190912, 71.89815130649892), 20: (82.53066696501128, 84.55295113783387), 64: (82.53066829024559, 84.55293974213222), 63: (63.87152067092937, 80.46438090529958), 69: (56.592589971597874, 78.22516011877244), 70: (84.59048405907326, 86.2660376428758), 77: (85.1596747316546, 86.42944912899448), 78: (107.17557413241862, 92.75223955884806), 30: (114.2980322866392, 85.78524744971415), 29: (93.10977755813767, 77.37597863751864), 37: (87.43577854840088, 75.1266187653907), 38: (96.76591690695045, 54.51026946692669), 2: (94.82532810278649, 57.12767354406182), 1: (84.94613166782521, 35.44014504516171), 44: (86.52592766062682, 35.391468425087794), 43: (75.03664574543038, 32.65045507512894), 15: (72.4355247633848, 36.581662775771505), 16: (71.1260839434609, 6.411475887199316), 9: (70.97870095961825, 6.577110503350523), 10: (98.96501454598487, 4.503690592615781), 60: (98.82755192873435, 4.538741150026591), 59: (85.72024844473762, 7.874212992077774), 47: (86.40821650968276, 6.319973590962258), 48: (95.41490668893965, -13.978962524963233), 40: (95.74386459317583, -8.654401009902992), 39: (82.08475536518246, -1.4953648262346428), 34: (71.73777489707628, -5.829004308986519), 33: (58.418124630759856, 3.5184484346233225), 54: (43.57753238699396, 0.8857265565582964), 53: (30.02652598022874, 5.474947797067776), 56: (32.6809677561719, 3.4960533429668343), 55: (29.37851317920442, 18.30450506147733), 51: (29.622863433552624, 18.617913437467784), 52: (40.130368077300815, 9.023793285569827), 27: (41.28018087520714, 11.227350835986506), 28: (54.965052083038884, 21.100239008021802), 67: (55.609174885004805, 21.563902622960555), 68: (63.779730629015354, 27.4630749502958), 72: (50.65005899517128, 22.7008370256435), 71: (47.55880092006175, 42.819503702253996), 12: (45.68349046487026, 37.3314793588089), 11: (27.96689364535651, 49.0151522081545), 24: (27.966893145892993, 49.01514217530593), 23: (10.460340217604355, 50.402446977601535), 61: (9.37185156975122, 56.51623769902528), 62: (15.333431206838052, 33.73628324584755), 73: (15.113045119958052, 33.62256916949342), 74: (14.328137638539738, 52.3982872455525), 36: (14.328130539164055, 52.39829011883389), 35: (4.2898149831331915, 71.51959364630042), 57: (19.753734119556107, 63.99713820479026), 58: (30.118173652824645, 49.1810384561968)}
lowerBound: 999.5764714145905
upperBound: 999.5765825405099
solType: IP_Optimal
Path: 
50 50
50.3737 54.6221
65.1828 36.2538
63.712 37.4659
92.8724 46.9231
91.3376 52.0504
69.4519 35.6081
69.4691 35.5855
81.5724 19.6463
83.9936 20.3472
101.9129 25.5269
98.5971 22.1139
115.7626 20.3912
123.3763 24.7296
97.2544 29.1599
97.2544 29.1599
113.7937 46.3446
115.0325 45.931
97.346 35.0669
94.3992 39.7917
97.9843 46.0381
97.9843 46.0381
102.9071 67.5095
108.2443 70.5216
100.826 47.2712
103.2138 51.3922
71.6909 55.5403
72.0646 60.0885
73.0286 71.8982
73.0285 71.8982
82.5307 84.553
82.5307 84.5529
63.8715 80.4644
56.5926 78.2252
84.5905 86.266
85.1597 86.4294
107.1756 92.7522
114.298 85.7852
93.1098 77.376
87.4358 75.1266
96.7659 54.5103
94.8253 57.1277
84.9461 35.4401
86.5259 35.3915
75.0366 32.6505
72.4355 36.5817
71.1261 6.4115
70.9787 6.5771
98.965 4.5037
98.8276 4.5387
85.7202 7.8742
86.4082 6.32
95.4149 -13.979
95.7439 -8.6544
82.0848 -1.4954
71.7378 -5.829
58.4181 3.5184
43.5775 0.8857
30.0265 5.4749
32.681 3.4961
29.3785 18.3045
29.6229 18.6179
40.1304 9.0238
41.2802 11.2274
54.9651 21.1002
55.6092 21.5639
63.7797 27.4631
50.6501 22.7008
47.5588 42.8195
45.6835 37.3315
27.9669 49.0152
27.9669 49.0151
10.4603 50.4024
9.3719 56.5162
15.3334 33.7363
15.113 33.6226
14.3281 52.3983
14.3281 52.3983
4.2898 71.5196
19.7537 63.9971
30.1182 49.181
50 50
