OFV: 300.2968068695961
Runtime: 0.3452423509879736
Gap: 0.0
repPt: {0: (50, 50), 10: (39.88290044476956, 43.735847344995335), 9: (24.19246692974926, 45.94278492200178), 1: (18.874290258407672, 66.10355905002288), 2: (52.365922711262016, 69.81615144753668), 5: (68.34306977661828, 80.58093168149094), 6: (82.35359100353877, 90.01910431663127), 8: (84.43080101327176, 45.82879924887123), 7: (77.18818886188193, 24.93400991692828), 3: (79.61540844903534, 9.50369758030574), 4: (69.32275127294524, -17.902508576041118)}
solType: IP_Optimal
lowerBound: 300.29683378147865
upperBound: 300.2968068695961
Path: 
50 50
39.8829 43.7358
24.1925 45.9428
18.8743 66.1036
52.3659 69.8162
68.3431 80.5809
82.3536 90.0191
84.4308 45.8288
77.1882 24.934
79.6154 9.5037
69.3228 -17.9025
50 50
