OFV: 639.0950316368045
Runtime: 18.884969645994715
Gap: None
Path: 
50 50
52.4287 49.1861
37.7482 39.1369
26.4861 29.122
17.4698 21.1029
18.6354 21.7105
18.859 23.5058
21.7409 37.2184
23.7685 46.8623
4.2966 73.2421
7.6287 78.7917
15.13 84.4362
16.6236 85.561
26.5084 92.9997
29.9805 95.6131
65.6075 78.0463
68.8449 76.79
82.4753 71.5058
88.8395 69.0369
88.8544 69.0311
67.9634 49.5122
96.4903 63.7518
100.191 35.229
115.4576 36.4149
84.1471 26.2177
76.2538 10.8243
95.5147 -6.9856
64.0574 -6.5167
61.4588 28.5453
66.7318 26.8715
49.8284 39.4898
39.4896 17.45
49.0466 -16.7967
47.0151 -15.169
40.2133 -9.7177
26.6369 1.1651
18.508 7.6827
17.7134 13.3585
38.1481 31.3822
40.6278 35.0466
43.5504 50.3386
50 50
