OFV: 367.3959110226205
Runtime: 0.05116432998329401
Gap: None
repPt: {0: (50, 50), 7: (86.92260628310319, 36.620946095997716), 8: (98.92479368614815, 32.2768174641624), 4: (105.80832215911214, 14.90714359549624), 3: (80.74575782655263, 25.508544407311227), 12: (30.75976690655068, -1.74640963545718), 11: (23.48437545371191, 17.97736376468496), 9: (22.429061129879624, 20.83036649342438), 10: (15.327098672737726, 36.338520640025244), 5: (6.886641575194542, 54.77164501752267), 6: (1.1773698619898303, 67.23758588609302), 2: (35.148337971701395, 117.93008911070498), 1: (55.18576273179976, 97.50830516941289)}
lowerBound: 367.39590840023294
upperBound: 367.3959110226205
solType: IP_Optimal
Path: 
50 50
86.9226 36.6209
98.9248 32.2768
105.8083 14.9071
80.7458 25.5085
30.7598 -1.7464
23.4844 17.9774
22.4291 20.8304
15.3271 36.3385
6.8866 54.7716
1.1774 67.2376
35.1483 117.9301
55.1858 97.5083
50 50
