OFV: 360.8626834060325
Runtime: 181.6973505540518
Gap: 0.0
repPt: {0: (50, 50), 17: (34.250681136234135, 25.6765582772268), 18: (19.29238161022609, 2.5759432113905296), 10: (26.69758235422716, -6.490811973135352), 9: (5.609195771965342, -0.8956227642939564), 2: (-6.507308363588862, -5.222134582488452), 1: (1.0009680780329067, 17.500249754955817), 12: (-20.657974388493653, 42.11469040271505), 11: (4.353134978771108, 47.28551931124126), 4: (5.098316490217273, 48.98437647292319), 3: (16.51431335088216, 75.01719309795973), 6: (18.029709542850267, 72.69831896626043), 5: (32.48358760416812, 92.50224794317846), 7: (31.660487656137512, 91.05984458609129), 8: (39.868151436456884, 109.43238297855862), 19: (46.08294425834399, 101.21919017572917), 20: (55.441662256624, 88.84951709004928), 14: (60.62815199082353, 75.72984744094556), 13: (53.667611251529145, 65.31229742558648), 16: (45.79930454972792, 70.77214274817597), 15: (35.92718307702437, 69.97758885179445)}
solType: IP_Optimal
lowerBound: 360.8627172454136
upperBound: 360.8626834060325
Path: 
50 50
34.2507 25.6766
19.2924 2.5759
26.6976 -6.4908
5.6092 -0.8956
-6.5073 -5.2221
1.001 17.5002
-20.658 42.1147
4.3531 47.2855
5.0983 48.9844
16.5143 75.0172
18.0297 72.6983
32.4836 92.5022
31.6605 91.0598
39.8682 109.4324
46.0829 101.2192
55.4417 88.8495
60.6282 75.7298
53.6676 65.3123
45.7993 70.7721
35.9272 69.9776
50 50
