OFV: 305.8342841826412
Runtime: 0.593001127243042
Gap: 0
repPt: {0: (50, 50), 1: (15.581921086288865, 62.92886396138132), 2: (30.028080264500513, 72.36948153528485), 3: (45.63573131887447, 98.8656794402607), 4: (50.99203089467139, 118.50643978389104), 5: (84.46993174478693, 86.01034850836977), 6: (104.71628203642939, 53.88787474688048), 7: (68.56460499729246, 24.59610156349918), 8: (52.29740099098901, 29.32923647443984), 9: (88.43038588938828, 9.84617627008985), 10: (74.84068017353904, 8.074161684804782)}
solType: IP_Optimal
lowerBound: 305.831802936344
upperBound: 305.8342841826412
Path: 
50 50
15.5819 62.9289
30.0281 72.3695
45.6357 98.8657
50.992 118.5064
84.4699 86.0103
104.7163 53.8879
88.4304 9.8462
74.8407 8.0742
68.5646 24.5961
52.2974 29.3292
50 50
