OFV: 550.4739648421086
Runtime: 2.4281278379494324
Gap: None
repPt: {0: (50, 50), 10: (38.60665472842689, 49.09096497483741), 9: (27.665911779087892, 41.72934876144507), 17: (26.625238193188668, 41.0287993158431), 18: (18.7646721524968, 30.52007819810407), 33: (9.615455494115277, 28.696213212333795), 34: (22.535783781765193, 48.11491885436921), 24: (26.616488453970344, 62.77258253311993), 23: (9.687951101328784, 80.23328519958966), 31: (11.777915625724033, 80.65869346877669), 32: (25.465292252034622, 85.29220926695714), 27: (26.108203935313767, 83.09571230777932), 28: (28.547946839947457, 74.74830609755104), 1: (21.797029541630934, 72.2578102389809), 2: (36.63049699060167, 96.81340475711367), 16: (37.8048921070834, 99.77109241788757), 15: (40.23615926459827, 73.76240261165924), 39: (54.90272925324644, 87.87673999967595), 40: (63.057321678788654, 88.86164641059992), 35: (61.59955295570054, 82.98159595949036), 36: (69.0346791732485, 71.70407918523594), 13: (66.6518015468235, 65.79972279698129), 14: (74.86543822876514, 80.18256004128425), 5: (75.49119658903045, 81.27656734395133), 6: (81.47675391273398, 91.75839590281707), 29: (90.18858847688452, 94.10041305900269), 30: (111.10893798430232, 99.73038459825246), 21: (95.39930608345405, 87.90143859719319), 22: (112.17309166339714, 74.50496562620305), 20: (112.04532362963474, 64.63466021898296), 19: (96.52939879677199, 54.23549402870288), 11: (96.04045850959729, 55.65583457628114), 12: (114.87954596898328, 41.72475182565166), 37: (101.14588611195545, 15.331284787893937), 38: (105.18315529474842, -1.8053706316120266), 4: (107.87467124567517, 1.2802835469985596), 3: (87.76018775040657, 13.929953739790054), 7: (80.83999111786082, 27.4159688523825), 8: (78.36349537975146, 41.85705483002079), 26: (74.57964381579629, 39.28063245283412), 25: (51.26181049368609, 50.50405361948207)}
lowerBound: 550.4739581282398
upperBound: 550.4739648421086
solType: IP_Optimal
Path: 
50 50
38.6067 49.091
27.6659 41.7293
26.6252 41.0288
18.7647 30.5201
9.6155 28.6962
22.5358 48.1149
26.6165 62.7726
9.688 80.2333
11.7779 80.6587
25.4653 85.2922
26.1082 83.0957
28.5479 74.7483
21.797 72.2578
36.6305 96.8134
37.8049 99.7711
40.2362 73.7624
54.9027 87.8767
63.0573 88.8616
61.5996 82.9816
69.0347 71.7041
66.6518 65.7997
74.8654 80.1826
75.4912 81.2766
81.4768 91.7584
90.1886 94.1004
111.1089 99.7304
95.3993 87.9014
112.1731 74.505
112.0453 64.6347
96.5294 54.2355
96.0405 55.6558
114.8795 41.7248
101.1459 15.3313
105.1832 -1.8054
107.8747 1.2803
87.7602 13.93
80.84 27.416
78.3635 41.8571
74.5796 39.2806
51.2618 50.5041
50 50
