OFV: 301.4887653077325
Runtime: 3600.029860019684
Gap: 0.46892955194491165
repPt: {0: (50, 50), 1: (86.50001329338238, 62.31517085092355), 2: (79.92917051721622, 39.92828908660645), 3: (26.53669738046618, 13.8277082492495), 4: (7.382092704463197, -5.447217668964816), 5: (64.26837493448463, 29.709199066618762), 6: (53.31814497798542, 22.94083311350754), 7: (87.85331950546271, 22.4276438472875), 8: (81.27268011979488, 7.950938840236876), 9: (52.09565604127142, 49.012806673990724), 10: (41.62083148950801, 22.29677919285311), 11: (80.00473204830082, 84.76156296615423), 12: (86.02094422878372, 63.97146542387096), 13: (80.4458709894711, 41.68838094757578), 14: (90.89207576637438, 30.171436172843713)}
solType: IP_TimeLimit
lowerBound: 160.11177922610437
upperBound: 301.4887653077325
Path: 
50 50
52.0957 49.0128
41.6208 22.2968
26.5367 13.8277
7.3821 -5.4472
53.3181 22.9408
64.2684 29.7092
81.2727 7.9509
87.8533 22.4276
90.8921 30.1714
79.9292 39.9283
80.4459 41.6884
86.5 62.3152
86.0209 63.9715
80.0047 84.7616
50 50
