OFV: 669.5600188865667
Runtime: 79.01360054500401
Gap: None
Path: 
50 50
47.5235 50.4748
47.3484 37.1204
47.205 26.1441
46.9298 5.3901
16.5093 -0.4933
11.7585 23.6262
19.7349 25.8439
29.4961 28.5599
32.9106 31.9181
36.3681 35.3187
34.6117 42.5514
41.7869 44.0244
38.2752 52.0875
34.5111 60.7293
30.853 66.5473
23.4604 65.9782
22.4699 65.9017
12.5688 65.1394
14.9345 69.9385
20.3905 80.9984
20.4771 81.1743
6.2105 70.078
10.9217 77.4929
11.7777 83.9647
12.3674 88.4288
37.1293 97.5562
40.9628 93.7895
43.7168 87.7171
63.3799 91.4994
78.9096 115.6104
82.8944 118.0868
87.278 95.2485
91.9809 70.7503
95.1154 54.4167
96.0562 49.5103
105.1972 41.6556
115.4918 32.809
99.4438 32.205
92.0594 27.6264
85.5244 23.5743
99.6136 7.5718
75.0233 1.3513
75.0233 1.3513
86.722 -15.7252
71.2722 17.1317
71.5468 21.9761
72.0306 30.546
69.8363 39.3768
69.0964 39.9493
64.8853 43.2135
59.7904 47.1616
56.0968 50.0225
52.7693 52.5997
51.5636 53.533
53.4498 62.7458
55.6141 73.3182
58.6235 73.7643
61.6834 74.218
61.5586 73.5067
58.425 55.7059
50 50
