OFV: 367.39590773752366
Runtime: 13.825505963000069
Gap: 5.405064030085112e-09
repPt: {0: (50, 50), 1: (55.18573868351392, 97.50837387040235), 2: (35.14807093601137, 117.93006396705464), 6: (1.177285832392127, 67.23654215715209), 5: (6.172505889698774, 56.32723872063659), 10: (15.498374708869726, 35.96383683953953), 9: (22.429311015826112, 20.829778707398162), 11: (23.074804704567395, 19.08029841251963), 12: (30.759157791550418, -1.7461810145344618), 3: (80.74677322110162, 25.50859432515609), 4: (105.80772769623115, 14.906563223565158), 8: (98.9241418903772, 32.2774499506281), 7: (86.12645890796075, 36.9126545746467)}
solType: IP_Optimal
lowerBound: 367.39590575172525
upperBound: 367.39590773752366
Path: 
50 50
55.1857 97.5084
35.1481 117.9301
1.1773 67.2365
6.1725 56.3272
15.4984 35.9638
22.4293 20.8298
23.0748 19.0803
30.7592 -1.7462
80.7468 25.5086
105.8077 14.9066
98.9241 32.2774
86.1265 36.9127
50 50
