OFV: 441.4002960059645
Runtime: 0.018731710966676474
Gap: None
repPt: {0: (50, 50), 15: (38.42067660406168, 51.17544318098372), 16: (28.1329366265351, 20.939855586493557), 11: (2.5463231881201818, 37.93339041744207), 12: (-9.498892736514378, 23.205372740097268), 2: (4.086467810897328, 23.41049064939892), 1: (11.705830824710954, 60.469273317634), 13: (19.03573544941427, 96.16722108212412), 14: (33.712837921282386, 110.61404399238681), 10: (82.75798998311143, 109.75758768274886), 9: (91.04213707541058, 86.9990269959807), 8: (90.40670081001045, 40.508892731435154), 7: (57.65977387860037, 30.726828376367123), 18: (55.062823751363084, 14.09678264892945), 17: (64.21284439063513, 4.5098475013547965), 3: (62.59356947147097, 4.426880983001897), 4: (60.729405455801476, 16.569617596941164), 5: (60.715321687510034, 16.661160965795528), 6: (43.54511326478758, 34.271225540181305)}
lowerBound: 441.40021578114033
upperBound: 441.4002960059645
solType: IP_Optimal
Path: 
50 50
38.4207 51.1754
28.1329 20.9399
2.5463 37.9334
-9.4989 23.2054
4.0865 23.4105
11.7058 60.4693
19.0357 96.1672
33.7128 110.614
82.758 109.7576
91.0421 86.999
90.4067 40.5089
57.6598 30.7268
55.0628 14.0968
64.2128 4.5098
62.5936 4.4269
60.7294 16.5696
60.7153 16.6612
43.5451 34.2712
50 50
