OFV: 1211.0315280135476
Runtime: 342.1716172718443
Gap: None
repPt: {0: (50, 50), 79: (46.7998564021089, 53.699808545691056), 80: (65.80099963553066, 45.000023222519424), 59: (65.80097828533572, 44.99999990429578), 60: (67.74199893887085, 54.2003364236273), 31: (68.06192924999648, 52.45911157833153), 32: (81.37297056109462, 58.87451313520561), 17: (82.02697326467413, 54.63694920087856), 18: (86.13302063304037, 28.0736473898083), 4: (86.20625553595622, 27.599121120303163), 3: (88.04528341371815, 43.434366515910334), 38: (108.48230454820649, 40.441787115688115), 37: (98.33731900965307, 51.518727750851475), 82: (97.80767894935403, 51.39156468051456), 81: (73.81083056927, 45.63397038795462), 41: (73.81084184237343, 45.63396098083149), 42: (86.81572200108631, 64.69619796761852), 15: (86.12408476963029, 66.16496848148347), 16: (102.90679278480859, 55.723082777717785), 76: (102.9067860354305, 55.723102905632274), 75: (89.09303648307396, 45.549767932513156), 54: (89.09303675414502, 45.54980079321587), 53: (63.74484910736031, 41.294001293013935), 95: (63.50205511914988, 41.359838152639135), 96: (64.2935836365208, 31.929599322830626), 97: (64.29740043499423, 31.884191127952157), 98: (65.11897063262637, 22.095225230398224), 78: (74.83134302098038, 31.803872314767858), 77: (74.43228923816567, 15.042078666494572), 39: (74.41328742957626, 14.253611510102933), 40: (84.78762974833403, -1.8545756827992959), 63: (81.57634787355788, 0.8229286339972886), 64: (101.5041045845212, -17.197443840878922), 90: (92.91738747928845, -23.782248896457507), 89: (88.95898244077608, 6.549255453157698), 84: (89.33784929321595, 5.863065466834818), 83: (89.55613007114383, 11.989323688345973), 46: (97.51556914204583, 12.831199179517055), 45: (76.56408150030465, 5.750666886795209), 86: (76.12384078587495, 7.782229930399375), 85: (45.476671450648034, 5.277636576619573), 13: (48.613602977608764, 7.066639056907943), 14: (69.17721884619175, 3.0753431965294338), 56: (68.60855561395718, 3.166996954016047), 55: (41.68667137832408, 16.264840464591696), 36: (42.18128649246033, 16.602081612424143), 35: (20.934753450804823, 21.753094070838003), 24: (20.93478159775465, 21.753104461206014), 23: (11.259673784936881, 26.89727654883228), 25: (9.798433569295806, 27.674852673473215), 26: (33.95270651374592, 39.02102863178175), 65: (26.18468494656094, 35.567439342248754), 66: (31.453218642096193, 43.88122175543016), 8: (32.98565485870567, 43.352816083430255), 7: (40.6168721410877, 10.437492515221146), 58: (41.81850424919095, 9.629767477447317), 57: (21.748219975277202, 0.665393547378688), 44: (18.458378889867216, -30.800340821094114), 43: (15.938740423213957, 0.2099149904146076), 2: (15.621173326141706, 4.129348572495681), 1: (6.382184041305397, 20.42311591817756), 29: (5.2250722747609455, 22.46235902522154), 30: (9.84968427610784, 49.4831015356166), 91: (9.849656149691263, 49.48310426504088), 92: (28.051503010301644, 72.97849398655347), 71: (22.4357470598377, 75.47345915279894), 72: (26.176945767740154, 84.72279238118875), 88: (26.6565321936499, 85.90749179850317), 87: (6.825780372872593, 90.62083909660069), 27: (5.444741569008308, 90.94895279446303), 28: (15.406381993827473, 85.17695865602988), 9: (13.947610879323458, 87.83849918482127), 10: (16.525947252542373, 80.6087231717833), 20: (16.241628768434406, 80.14116101395466), 19: (13.521871267323085, 67.7227083886345), 21: (17.30981768662632, 63.659642602939996), 22: (28.078389411527834, 52.71809908978466), 51: (27.57408449907994, 51.59655830688357), 52: (49.08731274117497, 60.716991290179784), 49: (48.927743144978756, 60.52511150718312), 50: (53.15829969063395, 75.52377205725186), 5: (54.45452509875139, 75.61607760387757), 6: (81.59978355630304, 77.55504016916154), 67: (92.16280657888959, 78.30843933969993), 68: (103.82565643762284, 96.20431692017102), 61: (100.7613297404767, 94.05484092647664), 62: (99.30874144680696, 71.0817685884402), 11: (99.25692551256904, 70.25730813482505), 12: (118.12148588519517, 89.12393786648124), 48: (121.60525369188596, 92.60973617440838), 47: (91.25980878508484, 88.91855317384281), 70: (91.25981957299321, 88.91854677117425), 69: (63.648996139850006, 91.85994154379328), 93: (60.86892971472487, 92.15654064552751), 94: (72.047692134559, 95.97104097610004), 99: (69.88324755352075, 93.10895454555435), 100: (83.34243742413736, 80.32167139676466), 34: (79.36825373873445, 81.7448575256944), 33: (55.70946001356245, 65.15980795120339), 74: (62.23990484541752, 67.05264014844845), 73: (53.71041768460268, 59.253165537284346)}
lowerBound: 1211.03123497449
upperBound: 1211.0315280135476
solType: IP_Optimal
Path: 
50 50
46.7999 53.6998
65.801 45.0
65.801 45.0
67.742 54.2003
68.0619 52.4591
81.373 58.8745
82.027 54.6369
86.133 28.0736
86.2063 27.5991
88.0453 43.4344
108.4823 40.4418
98.3373 51.5187
97.8077 51.3916
73.8108 45.634
73.8108 45.634
86.8157 64.6962
86.1241 66.165
102.9068 55.7231
102.9068 55.7231
89.093 45.5498
89.093 45.5498
63.7448 41.294
63.5021 41.3598
64.2936 31.9296
64.2974 31.8842
65.119 22.0952
74.8313 31.8039
74.4323 15.0421
74.4133 14.2536
84.7876 -1.8546
81.5763 0.8229
101.5041 -17.1974
92.9174 -23.7822
88.959 6.5493
89.3378 5.8631
89.5561 11.9893
97.5156 12.8312
76.5641 5.7507
76.1238 7.7822
45.4767 5.2776
48.6136 7.0666
69.1772 3.0753
68.6086 3.167
41.6867 16.2648
42.1813 16.6021
20.9348 21.7531
20.9348 21.7531
11.2597 26.8973
9.7984 27.6749
33.9527 39.021
26.1847 35.5674
31.4532 43.8812
32.9857 43.3528
40.6169 10.4375
41.8185 9.6298
21.7482 0.6654
18.4584 -30.8003
15.9387 0.2099
15.6212 4.1293
6.3822 20.4231
5.2251 22.4624
9.8497 49.4831
9.8497 49.4831
28.0515 72.9785
22.4357 75.4735
26.1769 84.7228
26.6565 85.9075
6.8258 90.6208
5.4447 90.949
15.4064 85.177
13.9476 87.8385
16.5259 80.6087
16.2416 80.1412
13.5219 67.7227
17.3098 63.6596
28.0784 52.7181
27.5741 51.5966
49.0873 60.717
48.9277 60.5251
53.1583 75.5238
54.4545 75.6161
81.5998 77.555
92.1628 78.3084
103.8257 96.2043
100.7613 94.0548
99.3087 71.0818
99.2569 70.2573
118.1215 89.1239
121.6053 92.6097
91.2598 88.9186
91.2598 88.9185
63.649 91.8599
60.8689 92.1565
72.0477 95.971
69.8832 93.109
83.3424 80.3217
79.3683 81.7449
55.7095 65.1598
62.2399 67.0526
53.7104 59.2532
50 50
