OFV: 370.40378961864485
Runtime: 1.6785394530161284
Gap: 2.5174832321389018e-08
repPt: {0: (50, 50), 12: (57.83382101846758, 35.43890600647967), 11: (64.76556366945015, 13.176137776531746), 5: (64.76558188043283, 13.17612784705549), 6: (56.610543198966404, -7.304809879508499), 13: (36.95989306739543, 2.168433457748705), 14: (15.51085786261485, 11.313099144316823), 10: (10.895973801530527, 32.35527465468986), 9: (14.908434239343702, 68.07521536869191), 3: (9.832918363680571, 87.04102982993842), 4: (-3.982116262965281, 110.56896192236206), 8: (52.91328468643992, 104.28241708627837), 7: (47.992851356711036, 73.68417584873649), 15: (36.227179711661165, 63.86746602226464), 16: (21.65301379854146, 60.0724577765547), 2: (27.11103851185961, 53.41037513153428), 1: (37.56659159830866, 40.87751839000431)}
solType: IP_Optimal
lowerBound: 370.40378029379156
upperBound: 370.40378961864485
Path: 
50 50
57.8338 35.4389
64.7656 13.1761
64.7656 13.1761
56.6105 -7.3048
36.9599 2.1684
15.5109 11.3131
10.896 32.3553
14.9084 68.0752
9.8329 87.041
-3.9821 110.569
52.9133 104.2824
47.9929 73.6842
36.2272 63.8675
21.653 60.0725
27.111 53.4104
37.5666 40.8775
50 50
