OFV: 315.63090030825026
Runtime: 0.04370333894621581
Gap: None
repPt: {0: (50, 50), 13: (51.23105494185889, 45.15767901009809), 14: (55.14136866052075, 29.777058962441192), 16: (64.5720771124768, 24.55981963963915), 15: (71.65501642694711, 4.8991083061439085), 2: (46.897202043158515, 8.239417554770831), 1: (34.74465985464644, 16.472791487572508), 10: (33.9409459937373, 18.760449837783987), 9: (26.502165293803028, 39.924924662609705), 12: (26.502190386376242, 39.92489828249019), 11: (10.189304317453553, 16.589166055289574), 19: (8.135495051762186, 20.348107792912923), 20: (13.241596945622934, 42.46866685702412), 17: (2.176005927476938, 44.54519472741011), 18: (-13.980036157035833, 47.57736906926104), 3: (8.330395238094969, 64.20312507087048), 4: (6.948026388897757, 82.44998966682189), 5: (6.948034773144126, 82.44998997553128), 6: (12.954567149111998, 89.08268149385744), 8: (13.094334282172678, 89.23689632524659), 7: (18.541016650485176, 64.2040138293542)}
lowerBound: 315.63088841552883
upperBound: 315.63090030825026
solType: IP_Optimal
Path: 
50 50
51.2311 45.1577
55.1414 29.7771
64.5721 24.5598
71.655 4.8991
46.8972 8.2394
34.7447 16.4728
33.9409 18.7604
26.5022 39.9249
26.5022 39.9249
10.1893 16.5892
8.1355 20.3481
13.2416 42.4687
2.176 44.5452
-13.98 47.5774
8.3304 64.2031
6.948 82.45
6.948 82.45
12.9546 89.0827
13.0943 89.2369
18.541 64.204
50 50
