OFV: 1110.0029712068517
Runtime: 121.21420682012103
Gap: None
repPt: {0: (50, 50), 16: (49.49957505415574, 50.941891117518836), 15: (42.413367342088826, 64.25006623417087), 58: (43.49490642309478, 64.36133004965666), 57: (48.9433916411797, 95.15840953627271), 23: (50.04312387814072, 98.39574038456533), 24: (57.982786468782045, 121.82311997599925), 76: (52.764564866154586, 115.3994904583879), 75: (50.99712352135275, 82.87353145731241), 42: (50.997134458385496, 82.87352292698759), 41: (40.76309909880801, 79.80633929067075), 49: (40.763097919161304, 79.80633274100533), 50: (44.459795557924096, 105.0793771643532), 40: (42.077267480462055, 104.4654545008633), 39: (27.312324812159456, 100.64680244823184), 8: (13.28414007372479, 97.01929409468646), 7: (8.959799430008989, 84.66642571841072), 47: (8.453836291880915, 83.22213128613018), 48: (9.078118935594773, 73.60064416527273), 12: (9.893972299919707, 74.1636666233048), 11: (10.26620611778412, 93.83545183002029), 77: (12.290731932196396, 94.73322856647097), 78: (28.032484435902294, 68.46584131107595), 1: (30.524024524074363, 60.37246400672429), 2: (39.14688110318822, 75.82629551373583), 25: (37.092490132758925, 76.06871909701742), 26: (63.29221256233109, 68.02172555358631), 55: (68.78381264365835, 78.31544070476677), 56: (82.80337606813775, 80.41629021925459), 60: (82.80336886012894, 80.41629720361675), 59: (81.75014526273861, 71.33367903238428), 9: (91.00759809872167, 67.9956884439892), 10: (100.36871190104739, 70.51554502720285), 53: (100.36870761206954, 70.51554874731004), 54: (111.55000727710939, 57.25368515564359), 22: (112.02419200579712, 63.992527018989996), 21: (96.78679972701786, 90.75471974506979), 31: (96.94536677642333, 90.70429987199576), 32: (116.67081451844402, 84.43852876421609), 80: (98.39396344216304, 84.97259225054135), 79: (81.80013744265962, 67.66162068613237), 74: (81.80014726181504, 67.66162557538708), 73: (58.79205980296909, 72.1515257290364), 72: (58.87041857904866, 60.560147559146984), 71: (30.42188966314177, 51.86120720388365), 30: (30.30848248441222, 51.2706736087614), 29: (27.03910514808041, 34.094014553082175), 17: (29.805010571118906, 31.598535744895948), 18: (50.30944959432265, 34.9927433509366), 67: (39.99789688510566, 35.42123919067555), 68: (46.78745975020325, 25.920234378643016), 6: (51.34273639470771, 19.552332390460926), 5: (34.902374898057396, 6.038101390868443), 27: (28.904987482767154, 1.107932392897853), 28: (34.04462378211823, -25.288515762055418), 70: (14.99871244214378, -22.92600120547872), 69: (5.09970589969681, -2.8003920936988456), 35: (7.718416419730195, -3.2583766633590723), 36: (42.71222204656891, -14.203532680806134), 52: (57.99354883121583, -15.808620881240898), 51: (48.335252957312726, 7.533131209447712), 37: (48.33543792898593, 7.532870092649649), 38: (58.00943267174708, 2.586680903626501), 14: (60.640752492541, 11.7629253106882), 13: (54.85522655827713, 21.518976402583316), 63: (57.88137517832975, 21.080815093336106), 64: (63.24748627031573, 30.755843146347086), 43: (63.247478521235486, 30.75583531249109), 44: (74.45796781177128, 18.52583914008206), 19: (78.83231883163916, 20.822895843898444), 20: (87.08022153087407, -0.8129076431906448), 45: (98.61820898225105, -1.0544067715781864), 46: (126.04492057097784, -1.618756584094628), 66: (113.24606203047195, 27.636843759230494), 65: (85.70981569713294, 21.39712619180667), 34: (74.86315037579493, 32.44851404088004), 33: (57.59987310396258, 61.56437775594396), 3: (57.59987343621855, 61.5643944154712), 4: (63.82345464940552, 40.58203634670572), 62: (68.86532826472997, 50.79364004658676), 61: (46.03636893757749, 56.449114404156006)}
lowerBound: 1109.9159567134734
upperBound: 1110.0029712068517
solType: IP_Optimal
Path: 
50 50
49.4996 50.9419
42.4134 64.2501
43.4949 64.3613
48.9434 95.1584
50.0431 98.3957
57.9828 121.8231
52.7646 115.3995
50.9971 82.8735
50.9971 82.8735
40.7631 79.8063
40.7631 79.8063
44.4598 105.0794
42.0773 104.4655
27.3123 100.6468
13.2841 97.0193
8.9598 84.6664
8.4538 83.2221
9.0781 73.6006
9.894 74.1637
10.2662 93.8355
12.2907 94.7332
28.0325 68.4658
30.524 60.3725
39.1469 75.8263
37.0925 76.0687
63.2922 68.0217
68.7838 78.3154
82.8034 80.4163
82.8034 80.4163
81.7501 71.3337
91.0076 67.9957
100.3687 70.5155
100.3687 70.5155
111.55 57.2537
112.0242 63.9925
96.7868 90.7547
96.9454 90.7043
116.6708 84.4385
98.394 84.9726
81.8001 67.6616
81.8001 67.6616
58.7921 72.1515
58.8704 60.5601
30.4219 51.8612
30.3085 51.2707
27.0391 34.094
29.805 31.5985
50.3094 34.9927
39.9979 35.4212
46.7875 25.9202
51.3427 19.5523
34.9024 6.0381
28.905 1.1079
34.0446 -25.2885
14.9987 -22.926
5.0997 -2.8004
7.7184 -3.2584
42.7122 -14.2035
57.9935 -15.8086
48.3353 7.5331
48.3354 7.5329
58.0094 2.5867
60.6408 11.7629
54.8552 21.519
57.8814 21.0808
63.2475 30.7558
63.2475 30.7558
74.458 18.5258
78.8323 20.8229
87.0802 -0.8129
98.6182 -1.0544
126.0449 -1.6188
113.2461 27.6368
85.7098 21.3971
74.8632 32.4485
57.5999 61.5644
57.5999 61.5644
63.8235 40.582
68.8653 50.7936
46.0364 56.4491
50 50
