OFV: 773.9816640303422
Runtime: 213.82556250900961
Gap: None
Path: 
50 50
48.8704 48.3146
64.6357 43.8379
72.4991 41.6059
84.8904 38.088
84.8904 38.088
106.1291 49.4137
112.1242 34.8179
108.1106 17.1524
100.694 10.0662
99.958 9.3634
99.1614 2.8324
96.034 6.0437
91.8002 10.3901
91.1493 11.0589
82.2092 18.4905
81.0487 19.4542
94.3817 25.9131
88.6803 50.2751
88.9758 51.0133
89.5661 52.4891
94.043 61.1285
94.152 63.291
94.3004 66.2237
93.0414 83.5445
106.6799 71.7657
101.7282 88.0118
96.9122 90.485
69.7118 86.0286
65.1087 83.264
63.1534 85.0628
59.149 88.7418
48.3607 98.7149
33.8553 112.1221
29.0069 105.9519
25.8231 101.8994
21.9019 97.8362
12.6512 88.2506
10.2752 85.9598
14.3316 84.8912
25.35 81.9855
34.1843 83.1343
42.592 84.2272
55.6395 69.9155
32.1005 62.4513
34.4532 54.7957
37.9284 69.8173
39.1361 75.0267
29.1691 70.3696
28.4274 65.6974
27.0206 56.8449
24.968 43.9418
23.5788 35.1968
24.4822 33.6565
25.4294 32.0415
11.4638 15.9192
6.9753 14.1673
6.3683 8.1364
5.9415 3.8911
13.8528 6.6365
21.6872 9.3551
28.6277 11.7624
31.1957 4.9413
30.8683 4.8584
15.4517 0.9523
15.4518 0.9523
18.9253 -2.8446
33.6955 -19.0028
34.7751 -18.4318
46.6063 8.4253
51.6198 8.396
61.4606 8.3437
65.7993 8.3179
67.794 8.0434
82.4255 6.0215
81.002 2.5951
78.2285 -4.0834
78.1471 -4.027
63.3549 6.2257
60.8475 14.4488
55.6815 31.3787
50 50
