OFV: 382.1890181417881
Runtime: 0.014136584009975195
Gap: None
repPt: {0: (50, 50), 11: (51.00721367724436, 53.3620941069871), 12: (69.48723011188801, 31.341261767791963), 2: (75.66729399058298, 24.145794168449207), 1: (87.91633152314934, 9.878432359661646), 3: (92.86219091747566, 2.607680972179105), 4: (79.73586441479826, -5.7361214874150335), 14: (28.83415681521972, 7.578053875289548), 13: (17.95469738827604, 19.188125059558303), 7: (13.971201183308704, 84.10105348736612), 8: (-4.450616074755544, 109.99260369937946), 10: (53.05381443670082, 108.60611678448586), 9: (55.8536168413289, 78.68616898520378), 6: (49.75293209966282, 76.37282786688523), 5: (49.150255426734084, 44.28954374832078)}
lowerBound: 382.18901218723147
upperBound: 382.1890181417881
solType: IP_Optimal
Path: 
50 50
51.0072 53.3621
69.4872 31.3413
75.6673 24.1458
87.9163 9.8784
92.8622 2.6077
79.7359 -5.7361
28.8342 7.5781
17.9547 19.1881
13.9712 84.1011
-4.4506 109.9926
53.0538 108.6061
55.8536 78.6862
49.7529 76.3728
49.1503 44.2895
50 50
