OFV: 1366.2423534755999
Runtime: 75.43540641001891
Gap: None
Path: 
50 50
49.599 56.0243
51.8081 74.7787
52.0997 77.2573
79.3655 79.905
77.9699 83.7902
64.7597 71.8693
53.8946 64.6485
51.1269 62.8095
48.6325 61.152
31.0426 49.4596
26.4991 46.4403
24.2522 34.6599
35.7476 39.9065
7.7403 28.3956
11.9109 28.4348
22.8064 20.7955
19.8647 19.2586
46.3192 14.6034
48.6505 13.7457
73.6081 4.5675
74.0639 4.3998
99.4497 14.4439
88.8954 24.1047
88.4029 26.2948
83.872 46.4119
81.8928 55.2084
82.3386 60.6267
67.0148 47.431
63.06 44.0242
63.4824 36.2308
63.9838 26.982
64.5301 16.9073
65.3986 0.8709
37.8606 13.1336
36.9041 10.5727
33.8239 45.8467
30.7422 51.6246
15.73 62.4089
11.5683 67.2791
12.9248 79.3084
17.4415 76.5785
28.2312 87.3226
25.27 87.8912
5.5642 91.6804
3.7016 92.038
10.4564 89.7702
18.8073 83.012
22.4227 80.0872
29.9047 74.032
7.8396 51.668
11.0023 51.2382
3.8527 24.537
3.2339 22.2264
17.584 4.5654
18.4012 -32.8
19.141 0.108
19.6018 1.2799
39.1887 4.7942
47.3282 6.2527
78.5646 11.8469
84.2848 12.8719
84.9114 10.4838
87.569 0.3605
92.1138 -25.6144
103.5078 -17.1833
90.0296 -3.8092
79.9311 6.2115
75.4707 10.7924
72.4189 13.9265
74.0925 36.6104
74.3656 40.312
89.1606 65.7261
93.7567 74.9227
105.1434 97.7146
98.9086 94.8547
98.3813 68.4576
99.5011 69.5715
119.0592 89.0235
123.451 93.392
93.4997 87.4983
86.9042 88.3444
62.2957 91.5042
58.8804 91.9421
73.5117 97.3832
67.8987 92.6131
84.9048 76.3825
85.4104 71.3784
104.0379 57.486
104.7768 54.9745
92.6101 41.6504
110.3014 39.599
100.0921 53.3142
99.5612 52.2008
91.8396 49.2207
70.3485 40.9286
65.3077 38.6942
65.6311 40.9846
67.7781 56.2001
68.8881 47.4119
45.3248 55.0797
50 50
