OFV: 423.6704463507134
Runtime: 81.07748401898425
Gap: 0.0
repPt: {0: (50, 50), 7: (60.75034363814237, 58.20223591200236), 8: (79.62079583354235, 41.92239863097557), 14: (122.55142591687544, 49.61530032603624), 13: (98.90633286556381, 61.46290603897608), 16: (89.08447388556104, 66.38394207861052), 15: (88.0600556371597, 74.59767731947727), 6: (52.275699686602586, 85.8651544164512), 5: (40.38244839926573, 63.92328671192396), 1: (16.31422482507967, 78.37908230589034), 2: (-6.4916900777019455, 74.11718808578362), 3: (19.621330888865323, 43.07704519903683), 4: (24.682868372842748, 20.64285854183157), 9: (16.633536449962122, 17.48630387991586), 10: (1.3692309335234485, -8.105637668429978), 11: (37.34355439089679, 18.112879545629326), 12: (47.5942884055493, 30.94613576891644)}
solType: IP_Optimal
lowerBound: 423.6705011209051
upperBound: 423.6704463507134
Path: 
50 50
60.7503 58.2022
79.6208 41.9224
122.5514 49.6153
98.9063 61.4629
89.0845 66.3839
88.0601 74.5977
52.2757 85.8652
40.3824 63.9233
16.3142 78.3791
-6.4917 74.1172
19.6213 43.077
24.6829 20.6429
16.6335 17.4863
1.3692 -8.1056
37.3436 18.1129
47.5943 30.9461
50 50
