OFV: 1012.5621016112559
Runtime: 28.064293161965907
Gap: None
repPt: {0: (50, 50), 11: (52.763556332448005, 51.893913134838925), 12: (77.1216509015706, 61.72523617792096), 29: (76.8917875545683, 61.329484663084536), 30: (94.0973360077132, 77.80916622948976), 18: (94.09732983433338, 77.8091693305808), 17: (87.28687249231808, 73.9901258098964), 16: (87.28687855588181, 73.99012520643089), 15: (86.92567356765025, 89.366119555112), 23: (86.91018232581739, 90.01924422544266), 24: (102.80639051237502, 79.41241829928803), 75: (101.66905249882062, 86.6686669782711), 76: (128.4027907928559, 97.95580264739789), 54: (118.45286553299532, 52.5793191527464), 53: (102.56512607367439, 31.307844406216027), 39: (101.09422363213315, 29.340289349657688), 40: (105.29252689108891, 47.85804440044034), 44: (105.0016880027974, 48.036606158266885), 43: (86.47890299212021, 59.39160576859208), 69: (86.4789569173156, 59.39158991595792), 70: (94.6432555575592, 57.21170987514819), 36: (87.8243860377869, 50.97409831488319), 35: (70.06705968173524, 51.236792300990494), 34: (68.14716181257306, 52.28013293845568), 33: (46.21896127866621, 64.19106075454606), 22: (44.56816027553553, 64.50545014616627), 21: (22.6200723059826, 83.31445540113032), 55: (22.60503906457813, 83.30508783012985), 56: (26.576063651753266, 113.87381732093077), 58: (22.061844626409098, 111.40629008460718), 57: (14.88832320403166, 92.75033175901139), 62: (28.175821394738733, 105.24424119497569), 61: (16.53597496809928, 80.10697335970673), 7: (16.5359788275087, 80.10697558382934), 8: (26.611965971264723, 56.00894657523894), 59: (24.485025628097883, 57.750355038756524), 60: (27.885809939235855, 68.86705178198474), 49: (26.149314589944346, 68.63666672595325), 50: (30.914479987149193, 64.03440799235376), 72: (30.24434233765112, 65.18474852043069), 71: (20.054199080301576, 82.69757827262131), 25: (20.236491940162026, 82.62078006000462), 26: (41.33606329814774, 73.71819087463983), 73: (41.336064423496516, 73.71818761115287), 74: (65.08329643827996, 79.41990838927315), 66: (63.2072618116879, 82.50000527339368), 65: (56.56773262045664, 71.5288535876466), 9: (57.06267148242985, 72.28216309573543), 10: (58.035232429192796, 47.89779168652782), 31: (58.03522730815641, 47.897795900766354), 32: (73.44912665497199, 42.6991803211555), 19: (70.57044350207298, 42.5691684063862), 20: (82.25823634215027, 36.160902063314076), 42: (82.25823077027947, 36.16090345945424), 41: (74.78022452597219, 10.355761252187463), 63: (74.78022646389415, 10.355765412953605), 64: (89.50519816872605, 16.255684115721294), 77: (90.51164573907027, 20.576617564752095), 78: (115.60043164180095, 13.101479066905554), 67: (103.11504029346605, 16.674049235284976), 68: (116.30067864575, 3.6176228372667794), 4: (110.94497969861013, -2.047957085393133), 3: (100.33388084670119, -0.10805558223722844), 2: (100.33387528150789, -0.10805745104391296), 1: (89.66177420611102, 6.74090102412166), 52: (53.244178961987096, -5.1065583072133345), 51: (22.140073945736216, 1.5721928774255134), 46: (24.64057190802844, -7.391701112808316), 45: (14.259216511639885, 4.667075280604328), 27: (16.909926358159623, 5.306463447957739), 28: (28.655651188657448, 8.14740545488548), 37: (30.93518024139883, 9.449884215084339), 38: (52.2274139449516, 21.60808827568879), 80: (52.22771286591868, 21.608264262718794), 79: (30.874470178077292, 19.568622840128764), 14: (30.874462911306747, 19.56862249431269), 13: (20.192773614278842, 17.731277770623684), 47: (20.900764462781527, 17.530065435418766), 48: (40.83880776477502, 10.676375409414527), 6: (46.947677647532906, 8.574292954275009), 5: (49.38850263999051, 41.700596500294914)}
lowerBound: 1012.5620265960413
upperBound: 1012.5621016112559
solType: IP_Optimal
Path: 
50 50
52.7636 51.8939
77.1217 61.7252
76.8918 61.3295
94.0973 77.8092
94.0973 77.8092
87.2869 73.9901
87.2869 73.9901
86.9257 89.3661
86.9102 90.0192
102.8064 79.4124
101.6691 86.6687
128.4028 97.9558
118.4529 52.5793
102.5651 31.3078
101.0942 29.3403
105.2925 47.858
105.0017 48.0366
86.4789 59.3916
86.479 59.3916
94.6433 57.2117
87.8244 50.9741
70.0671 51.2368
68.1472 52.2801
46.219 64.1911
44.5682 64.5055
22.6201 83.3145
22.605 83.3051
26.5761 113.8738
22.0618 111.4063
14.8883 92.7503
28.1758 105.2442
16.536 80.107
16.536 80.107
26.612 56.0089
24.485 57.7504
27.8858 68.8671
26.1493 68.6367
30.9145 64.0344
30.2443 65.1847
20.0542 82.6976
20.2365 82.6208
41.3361 73.7182
41.3361 73.7182
65.0833 79.4199
63.2073 82.5
56.5677 71.5289
57.0627 72.2822
58.0352 47.8978
58.0352 47.8978
73.4491 42.6992
70.5704 42.5692
82.2582 36.1609
82.2582 36.1609
74.7802 10.3558
74.7802 10.3558
89.5052 16.2557
90.5116 20.5766
115.6004 13.1015
103.115 16.674
116.3007 3.6176
110.945 -2.048
100.3339 -0.1081
100.3339 -0.1081
89.6618 6.7409
53.2442 -5.1066
22.1401 1.5722
24.6406 -7.3917
14.2592 4.6671
16.9099 5.3065
28.6557 8.1474
30.9352 9.4499
52.2274 21.6081
52.2277 21.6083
30.8745 19.5686
30.8745 19.5686
20.1928 17.7313
20.9008 17.5301
40.8388 10.6764
46.9477 8.5743
49.3885 41.7006
50 50
