OFV: 391.64726924489446
Runtime: 0.013322251965291798
Gap: None
repPt: {0: (50, 50), 14: (52.912757534610954, 50.67636778719177), 13: (22.569104719362567, 64.04585297758092), 2: (34.73144293741821, 59.24117822018331), 1: (23.776102161820344, 74.44476788056883), 9: (7.751715571431243, 79.03151180919629), 10: (24.680312948407725, 100.76468982456066), 4: (47.58602668694358, 95.07655451660415), 3: (72.41089354657895, 83.19187013923488), 6: (110.24078845961569, 41.70698470922232), 5: (95.8906715692018, 8.592974638095956), 11: (57.56954632336263, 3.470738192747344), 12: (28.860958610239823, -0.3712096584070035), 7: (23.002812521460662, 31.24258510616876), 8: (39.44014160712243, 51.02509923754444)}
lowerBound: 391.64724813358026
upperBound: 391.64726924489446
solType: IP_Optimal
Path: 
50 50
52.9128 50.6764
22.5691 64.0459
34.7314 59.2412
23.7761 74.4448
7.7517 79.0315
24.6803 100.7647
47.586 95.0766
72.4109 83.1919
110.2408 41.707
95.8907 8.593
57.5695 3.4707
28.861 -0.3712
23.0028 31.2426
39.4401 51.0251
50 50
