OFV: 312.06901626602865
Runtime: 0.1644827499985695
Gap: None
repPt: {0: (50, 50), 3: (80.84989594104351, 54.96206935304133), 4: (90.80023449518256, 76.9427035989965), 5: (87.59655860463086, 83.71947139213525), 6: (93.1490730803737, 97.66001706750853), 8: (93.57544463380727, 98.7329414531792), 7: (68.35174816957776, 96.62735559629242), 16: (49.45767870026164, 95.04840595176977), 15: (22.926179757235904, 92.83209496783265), 14: (-0.05922897019912554, 90.91267227970411), 13: (10.81862776009358, 82.99626777843707), 20: (10.880470211409254, 82.95132753464124), 19: (9.299207219990674, 74.99465157034665), 18: (14.32159834102728, 45.01535703402282), 17: (10.49959563762859, 45.92556651306609), 9: (7.135509151596063, 46.726808613841975), 10: (6.549940702663087, 30.95383372567108), 11: (6.541796996906467, 30.939206354155672), 12: (32.15014466624516, 23.899874217245475), 2: (41.513539711400796, 50.636185822016344), 1: (49.5399034135913, 50.81495837214544)}
lowerBound: 312.0689447981358
upperBound: 312.06901626602865
solType: IP_Optimal
Path: 
50 50
80.8499 54.9621
90.8002 76.9427
87.5966 83.7195
93.1491 97.66
93.5754 98.7329
68.3517 96.6274
49.4577 95.0484
22.9262 92.8321
-0.0592 90.9127
10.8186 82.9963
10.8805 82.9513
9.2992 74.9947
14.3216 45.0154
10.4996 45.9256
7.1355 46.7268
6.5499 30.9538
6.5418 30.9392
32.1501 23.8999
41.5135 50.6362
49.5399 50.815
50 50
