OFV: 381.07604106939544
Runtime: 3600.0444378852844
Gap: 0.4896907433997804
repPt: {0: (50, 50), 1: (27.063820377287463, 27.029342217000117), 2: (8.157465767278978, 8.094719059625223), 3: (69.03985626702678, 87.44134764523206), 4: (56.43243802097944, 101.1327135961957), 5: (93.67371829591089, 49.69635767622835), 6: (87.65314570310193, 39.46882768914006), 7: (8.223182182144836, 8.160543652082518), 8: (-12.703757600453926, -21.472317084130736), 9: (50.87493418740908, 14.266510004791474), 10: (81.46372875648069, 28.954389808969516), 11: (83.35481113413012, 77.1550449446955), 12: (99.50756171599006, 65.54786215419247), 13: (25.669801767911366, 7.564666278605749), 14: (3.3121916691999376, 24.695442991039425)}
solType: IP_TimeLimit
lowerBound: 194.4666313195405
upperBound: 381.07604106939544
Path: 
50 50
27.0638 27.0293
8.2232 8.1605
8.1575 8.0947
-12.7038 -21.4723
3.3122 24.6954
25.6698 7.5647
50.8749 14.2665
81.4637 28.9544
87.6531 39.4688
93.6737 49.6964
99.5076 65.5479
83.3548 77.155
69.0399 87.4413
56.4324 101.1327
50 50
