OFV: 361.02253343104695
Runtime: 3601.3003449990065
Gap: 0.11644737668632907
repPt: {0: (50, 50), 9: (53.29121679090434, 42.41800937197628), 10: (41.04986873763123, 40.68553001803229), 2: (35.72784106210966, 42.15085150388071), 1: (17.91071598946118, 47.06291278741668), 18: (17.02545758710249, 36.25132906509457), 17: (15.181098649972766, 13.762988690868337), 15: (11.550140539662376, 26.053938090021745), 16: (33.81375006331614, 7.573235921047245), 8: (63.55794655366806, 9.939405648873022), 7: (66.58833887915742, 24.89611435051381), 4: (68.21982007558029, 23.746077990894104), 3: (87.5188037700643, 10.151496159276247), 12: (112.45281062594914, 84.67350472414154), 11: (98.5472044791627, 91.34356598581276), 6: (91.91461352851486, 94.52703260093534), 5: (81.6061376463903, 87.11001673725318), 13: (64.04756468802235, 74.47682405088412), 14: (45.522409002753264, 61.14827060658457)}
solType: IP_TimeLimit
lowerBound: 318.982406488349
upperBound: 361.02253343104695
Path: 
50 50
53.2912 42.418
41.0499 40.6855
35.7278 42.1509
17.9107 47.0629
17.0255 36.2513
15.1811 13.763
11.5501 26.0539
33.8138 7.5732
63.5579 9.9394
66.5883 24.8961
68.2198 23.7461
87.5188 10.1515
112.4528 84.6735
98.5472 91.3436
91.9146 94.527
81.6061 87.11
64.0476 74.4768
45.5224 61.1483
50 50
