OFV: 330.0940710405451
Runtime: 0.5813753429974895
Gap: 7.403186596098156e-08
repPt: {0: (50, 50), 10: (50.4953501269296, 39.7668516123424), 9: (52.79059864297284, 4.7372386660250285), 8: (54.83725933227379, -17.319017647705852), 7: (62.91141449620105, 7.209978773137735), 5: (72.3711312769225, 47.830172430535576), 6: (84.63350130684499, 80.45291480353788), 4: (59.55943058609805, 112.82573857464027), 3: (57.37779041078731, 84.82433312890993), 1: (14.761383809763958, 61.29862206059317), 2: (20.471984474811318, 49.65516420343859)}
solType: IP_Optimal
lowerBound: 330.09404660306507
upperBound: 330.0940710405451
Path: 
50 50
50.4954 39.7669
52.7906 4.7372
54.8373 -17.319
62.9114 7.21
72.3711 47.8302
84.6335 80.4529
59.5594 112.8257
57.3778 84.8243
14.7614 61.2986
20.472 49.6552
50 50
