OFV: 383.0053618976327
Runtime: 1.557539428002201
Gap: 4.3889893370889384e-08
repPt: {0: (50, 50), 11: (34.13788992833211, 4.426360271194692), 12: (47.516679677976576, -1.1293537975662191), 15: (47.845786998150885, -1.2660119348921433), 16: (62.58745459283476, -13.579827933319315), 4: (101.79360577050295, -4.251367981439534), 3: (98.96393302604035, 11.884504054461841), 5: (91.42956438278804, 54.82788981837821), 6: (82.68092510347292, 74.61442525591713), 1: (49.32216496198381, 79.60248924326764), 2: (25.167372245295827, 73.95196714885623), 10: (32.04813925997237, 81.90966621408273), 9: (14.450577622877027, 67.56500918384303), 8: (17.590274628943067, 55.42639211587029), 7: (21.903597595254393, 38.743481935846276), 13: (7.899993927732996, 41.306059934725816), 14: (41.61388103591364, 47.620473748107365)}
solType: IP_Optimal
lowerBound: 383.00534508756823
upperBound: 383.0053618976327
Path: 
50 50
34.1379 4.4264
47.5167 -1.1294
47.8458 -1.266
62.5875 -13.5798
101.7936 -4.2514
98.9639 11.8845
91.4296 54.8279
82.6809 74.6144
49.3222 79.6025
25.1674 73.952
32.0481 81.9097
14.4506 67.565
17.5903 55.4264
21.9036 38.7435
7.9 41.3061
41.6139 47.6205
50 50
