OFV: 868.9170819095284
Runtime: 380.7073791900184
Gap: None
Path: 
50 50
56.0916 50.9026
78.6166 48.8147
76.4896 45.4627
78.3806 53.7971
79.3601 58.1154
79.5162 62.1269
83.5143 68.9151
88.5865 71.8079
92.5065 74.0437
95.8242 75.9361
100.3881 78.539
108.8441 77.527
119.2058 76.2875
105.4963 59.5663
102.8383 56.3247
96.561 48.6696
94.6885 41.0333
92.8123 33.3852
90.5614 24.2063
87.645 12.3153
67.7127 10.5812
54.0712 13.8215
39.8525 17.2019
24.5549 20.8368
20.38 21.829
44.6308 31.6445
37.7964 33.0091
10.2924 38.5026
9.4425 38.2839
8.5972 38.0663
8.4935 31.7845
8.4782 30.8597
24.2034 37.1112
24.2034 37.1112
24.6933 34.0192
26.3941 23.2956
20.7969 25.9231
15.3638 14.1686
12.332 9.4512
9.6833 5.3283
23.7102 -2.3514
23.6037 0.2869
23.5475 1.6743
33.173 10.2965
36.4423 13.2248
43.1406 19.224
51.5478 26.7563
51.5483 26.7567
59.0689 33.1716
48.8392 35.9579
46.7094 42.604
42.1312 43.5701
35.7687 44.913
31.0739 45.9039
35.2553 50.4317
40.4264 56.034
40.4264 56.034
18.7481 47.049
18.7481 47.0489
16.2529 60.044
13.7009 73.3349
12.0971 78.6999
15.7514 88.7815
15.7514 88.7815
22.5955 95.4764
29.1298 101.8673
36.5542 109.1297
36.617 122.5024
35.1114 90.8713
24.1674 82.6243
24.1673 82.6243
24.1673 82.6242
36.131 70.4486
36.6651 69.9048
37.529 69.0254
40.5038 65.997
45.9056 77.6792
49.7184 85.9269
52.7723 92.5327
60.9918 110.3109
60.6536 110.2613
63.8559 98.4407
65.9531 95.7714
70.331 90.1999
78.9686 100.9963
84.6161 108.056
88.0827 100.3273
86.5566 86.9883
85.016 76.0919
81.5099 73.8625
65.9458 70.3424
59.8477 68.9636
55.8345 68.0563
65.3687 74.3987
65.1496 69.0371
64.8323 61.2876
64.6428 56.6501
60.3477 51.2775
54.0304 49.2995
49.4358 47.8611
50 50
