OFV: 278.97043694908353
Runtime: 230.86368608474731
Gap: 0
repPt: {0: (50, 50), 1: (13.951078394021902, 84.94044062336343), 2: (-9.23946488240022, 80.54656912697135), 3: (48.06008083527087, 7.6544316790251266), 4: (63.354508652424045, 7.638649816438868), 5: (43.01300922598688, 90.44640143473882), 6: (47.914683382166075, 62.08530885707451), 7: (19.81810609054151, 49.825565395946334), 8: (41.93646044946413, 62.52654985500663), 9: (43.93720782232692, 85.09586846700222), 10: (47.0066823963556, 67.37034113120417), 11: (45.30601080656993, 50.2897991154549), 12: (40.29279845497338, 36.58273965717082)}
solType: IP_Optimal
lowerBound: 278.9701288291551
upperBound: 278.97043694908353
Path: 
50 50
47.9147 62.0853
47.0067 67.3703
43.9372 85.0959
43.013 90.4464
13.9511 84.9404
-9.2395 80.5466
19.8181 49.8256
41.9365 62.5265
45.306 50.2898
40.2928 36.5827
48.0601 7.6544
63.3545 7.6386
50 50
