OFV: 272.61278666930264
Runtime: 50.72571962700022
Gap: 1.7224055229184963e-07
repPt: {0: (50, 50), 1: (61.91713023433326, 76.08945687250228), 10: (55.928622481008055, 96.26347288914755), 2: (55.572252433349206, 97.46324805239178), 9: (77.20125273112282, 97.07420291146413), 3: (76.83004796778921, 99.3087519381388), 4: (75.92966189442944, 104.73518413556224), 6: (99.70747118740306, 65.49162134733949), 5: (77.0286974626995, 51.96362674269646), 8: (74.19905793447735, 50.27568181558891), 7: (64.3129532870836, 40.403432665599496), 12: (38.34254977505725, 14.473956260679966), 11: (27.110795430822417, 9.499125805118581), 14: (21.404238461386605, 12.24389524568768), 13: (34.365811962232435, 29.38056693228244)}
solType: IP_Optimal
lowerBound: 272.6127397143257
upperBound: 272.61278666930264
Path: 
50 50
61.9171 76.0895
55.9286 96.2635
55.5723 97.4632
77.2013 97.0742
76.83 99.3088
75.9297 104.7352
99.7075 65.4916
77.0287 51.9636
74.1991 50.2757
64.313 40.4034
38.3425 14.474
27.1108 9.4991
21.4042 12.2439
34.3658 29.3806
50 50
