OFV: 406.63847391509785
Runtime: 58.389331974991364
Gap: -1.2423190562834836e-07
repPt: {0: (50, 50), 6: (45.51968297974774, 34.59261470889297), 5: (58.44694945201192, 17.316383057137095), 18: (57.14619790853702, 13.931552218593444), 3: (62.842328563560436, 6.617794326147601), 17: (63.17940597550649, 6.625384143767894), 4: (61.39903586440872, 18.77394343627939), 7: (59.72487096259155, 30.190910253293236), 8: (88.68095729769354, 41.53434727901813), 9: (89.0670309838627, 86.68402044920695), 10: (81.57985268918426, 108.14133364442671), 14: (34.476749561840975, 108.7655796796527), 13: (20.740849409942705, 95.11865775745846), 1: (11.768501715497163, 60.04995255048419), 2: (2.78202760324742, 24.926838606012623), 12: (-7.715114224230604, 24.110393455012623), 11: (2.9603275396819932, 35.974568693925114), 16: (27.49512148986308, 22.835441254354592), 15: (39.59789491492331, 49.55610997166698)}
solType: IP_Optimal
lowerBound: 406.63852443257036
upperBound: 406.63847391509785
Path: 
50 50
45.5197 34.5926
58.4469 17.3164
57.1462 13.9316
62.8423 6.6178
63.1794 6.6254
61.399 18.7739
59.7249 30.1909
88.681 41.5343
89.067 86.684
81.5799 108.1413
34.4767 108.7656
20.7408 95.1187
11.7685 60.05
2.782 24.9268
-7.7151 24.1104
2.9603 35.9746
27.4951 22.8354
39.5979 49.5561
50 50
