OFV: 516.9650590856236
Runtime: 15.3555458659539
Gap: None
Path: 
50 50
59.9239 47.0829
66.5193 45.1446
73.4748 36.4783
73.6141 36.3954
77.6565 38.3444
77.5195 57.316
70.2472 56.745
77.6052 62.6729
81.17 64.0622
109.4077 75.0784
85.8775 87.4274
72.641 83.7104
59.3391 79.9751
44.2068 75.7262
40.4946 79.5635
32.0159 61.978
27.8252 56.2893
25.8232 55.0731
35.528 53.1604
44.7145 52.6353
43.3196 55.3893
38.3874 63.6888
37.6194 66.3415
29.6026 81.2267
24.1369 84.0189
15.0152 85.1346
10.9608 85.5899
12.9258 70.1129
14.1861 60.1955
17.6183 33.1355
21.8739 23.4565
27.6514 10.3177
80.2531 -9.9061
67.6556 10.5607
61.6371 30.1706
62.1409 16.9957
62.1776 16.057
51.6265 20.0413
42.1402 41.2288
46.37 45.9496
50 50
