OFV: 558.59550763864
Runtime: 81.08976561098825
Gap: None
Path: 
50 50
47.8504 47.4154
45.1967 44.2251
35.8767 33.0294
25.7898 34.4433
16.5075 35.7444
15.3957 33.137
14.6805 31.4608
11.2514 23.4032
8.9936 18.1015
11.5098 10.4361
26.4998 12.4918
46.1941 -4.6392
62.0616 -5.8253
62.2608 -5.8398
61.6685 2.5579
61.4 6.3579
60.8349 14.3712
45.6667 34.8078
45.6912 34.805
74.9244 31.4978
74.9245 31.4977
74.9246 31.4977
75.133 33.5211
72.8699 40.9378
71.4217 45.6874
68.3206 55.8438
62.2936 59.3158
58.1642 61.6937
48.8261 67.0748
40.1158 72.0938
33.0835 76.532
17.0803 86.6264
14.4973 88.2577
9.652 83.0681
12.9461 73.7083
16.1131 64.7116
24.3363 72.648
33.8667 90.0279
41.7295 96.9674
38.5606 87.5313
45.31 85.3
66.1274 92.1258
73.8367 113.434
73.2225 99.6612
72.7232 95.3639
71.4586 84.4409
71.1032 80.9186
70.7473 77.3923
70.7473 77.3923
76.8715 87.0401
84.9001 87.8377
94.0678 67.5431
98.2656 58.2561
93.6418 52.747
89.9254 52.5148
83.9492 52.1395
80.6627 51.9347
72.376 51.412
62.9978 50.8187
56.8625 50.4325
50 50
