OFV: 315.582250243908
Runtime: 0.030819057021290064
Gap: None
repPt: {0: (50, 50), 4: (64.93579732685076, 6.412431395169092), 3: (46.2364198427172, 6.466217854163244), 7: (23.796711392261585, 42.71868463263339), 8: (40.63057153049372, 65.95970887721091), 6: (40.630586438072285, 65.95970841749872), 5: (46.353068119406366, 91.24202872720389), 9: (46.2720478463732, 89.05049272379645), 10: (45.73035909584067, 74.39452818785945), 1: (12.42239486407125, 85.11427895271704), 2: (-11.094439183803704, 81.31920847270894), 12: (33.92567413758795, 41.860698728360106), 11: (49.30685572855067, 49.648989815641194)}
lowerBound: 315.5822346649389
upperBound: 315.582250243908
solType: IP_Optimal
Path: 
50 50
64.9358 6.4124
46.2364 6.4662
23.7967 42.7187
40.6306 65.9597
40.6306 65.9597
46.3531 91.242
46.272 89.0505
45.7304 74.3945
12.4224 85.1143
-11.0944 81.3192
33.9257 41.8607
49.3069 49.649
50 50
