OFV: 1441.1084471360034
Runtime: 1.4179578800685704
Gap: None
repPt: {0: (50, 50), 87: (51.45469354794298, 51.17497814673895), 88: (64.0109544199601, 53.5046503394753), 27: (66.60637667148526, 50.04974382399537), 28: (88.75332494953831, 20.576953320372763), 15: (90.18987472576497, 19.80751760718608), 16: (119.0452191709911, 4.357920286256737), 64: (114.83136747378097, 20.595344069554077), 63: (93.73857919126343, 35.526334363521805), 61: (91.47999295276928, 35.45022254210321), 62: (94.87718867869884, 7.8169402972156), 60: (103.89828294801994, 9.461602357039514), 59: (78.38713704567826, 30.67751084724132), 56: (81.86226755707771, 34.8732803205584), 55: (80.95934243522724, 63.98627793965338), 23: (77.07023465077683, 59.7215520363189), 24: (103.13434353144156, 43.76641825827549), 72: (98.94952806541679, 48.831995606681154), 71: (81.09701896098062, 78.59486750511981), 69: (82.39052326441735, 75.09397183269205), 70: (103.64582652916731, 92.41359396457858), 68: (100.50301217431422, 88.02436811214486), 67: (88.14804532945813, 70.77164065519132), 94: (88.88356339201086, 75.21673536656161), 93: (88.24227259671814, 61.65396253332018), 13: (88.0803926498015, 58.243321995986236), 14: (93.23734819469772, 72.72670365906878), 35: (92.84599454780353, 71.13698321008451), 36: (114.99790927904803, 69.03982275266588), 2: (104.36972401417721, 61.66299837166767), 1: (84.63169499611448, 87.65025869928432), 39: (85.9248076141852, 85.68119238433431), 40: (111.65334275903251, 77.2114957976014), 100: (114.37349957008368, 81.74852271068703), 99: (91.64003150217863, 85.65465010144788), 80: (93.47640274440482, 82.2864432567768), 79: (96.4792343362803, 66.67593368847258), 26: (96.93738488893847, 67.64019110383384), 25: (65.4783400596568, 68.69725358923586), 51: (65.1436127435245, 68.70846746019694), 52: (70.00722055712131, 37.056810326421626), 90: (72.8639319422943, 42.38458475890289), 89: (68.58652681462033, 22.615997208545867), 44: (68.66488692915635, 19.18341364186818), 43: (46.31914374692315, 14.870866926204913), 30: (41.61740578443432, 13.963830958600397), 29: (26.133660966165916, 10.975604946081802), 96: (22.754350356130903, 10.323902635697811), 95: (11.373380188540018, 39.8466790666114), 53: (4.445911097715639, 40.01105974419599), 54: (8.14887560572859, 14.625688098832462), 45: (5.514236271007512, 16.871619162284098), 46: (20.02648917578026, -0.3837212623526365), 17: (19.161223976297453, 4.438246753523288), 18: (35.081789760858754, -7.756953844371462), 3: (62.00701985358665, -0.4985587692044575), 4: (80.62242245995267, -6.77919234145155), 22: (82.4492730915442, -7.395134576983115), 21: (68.22896296391048, 3.4023703771361027), 76: (69.7585666487639, 0.4310206943207904), 75: (56.943111592336386, 22.450675229449324), 50: (52.73377718395084, 29.682713112076385), 49: (22.03156876048573, 28.994981080581987), 9: (22.245346207622763, 26.46676031309508), 10: (35.36280500584853, 59.08693832923997), 97: (35.419815556256985, 59.13867885902471), 98: (45.56535405061762, 41.08155620094067), 74: (45.37025366782771, 44.82882170507406), 73: (44.0750210141259, 69.74196370667613), 82: (47.18052907666007, 71.7750201404707), 81: (24.485242196725462, 69.09720199677952), 78: (26.870440013021323, 69.29072721031216), 77: (26.93849631397943, 50.38858090440892), 38: (25.363948791812778, 59.50930116390739), 37: (19.52653780719449, 42.38217589361738), 66: (19.318947712751285, 44.25309456362786), 65: (17.33367259890239, 62.16426777900296), 42: (22.734033658913827, 65.94939633429821), 41: (10.066319351556684, 70.00461390246637), 19: (6.093206759592454, 68.22718030359349), 20: (8.849076180823198, 80.8068035044415), 48: (22.061302577995644, 84.07046223332277), 47: (11.81885240143755, 97.00235524008055), 83: (9.28496824811706, 93.22277470024083), 84: (29.99986393669712, 83.85367538738353), 57: (34.60325447549109, 81.77277387121649), 58: (52.80447975052293, 84.61517010327434), 7: (51.8772242533754, 84.24945843133754), 8: (70.10134214135837, 87.93966602593078), 31: (70.101341713984, 87.93966124861086), 32: (69.3996941478508, 115.26247735387898), 12: (60.192964314106185, 111.15282938740886), 11: (54.91968778025302, 96.75818509035598), 85: (57.66855940082937, 99.07824355393845), 86: (79.54346211739121, 117.54103312002835), 6: (80.26667560638934, 118.15141131536669), 5: (72.90922832632168, 98.73238688227437), 92: (78.30403638699293, 94.04442998509451), 91: (64.8901415864418, 79.69263982893226), 34: (64.89013280480036, 79.69263638335573), 33: (46.58379071796288, 56.78856308600522)}
lowerBound: 1441.1084125470043
upperBound: 1441.1084471360034
solType: IP_Optimal
Path: 
50 50
51.4547 51.175
64.011 53.5047
66.6064 50.0497
88.7533 20.577
90.1899 19.8075
119.0452 4.3579
114.8314 20.5953
93.7386 35.5263
91.48 35.4502
94.8772 7.8169
103.8983 9.4616
78.3871 30.6775
81.8623 34.8733
80.9593 63.9863
77.0702 59.7216
103.1343 43.7664
98.9495 48.832
81.097 78.5949
82.3905 75.094
103.6458 92.4136
100.503 88.0244
88.148 70.7716
88.8836 75.2167
88.2423 61.654
88.0804 58.2433
93.2373 72.7267
92.846 71.137
114.9979 69.0398
104.3697 61.663
84.6317 87.6503
85.9248 85.6812
111.6533 77.2115
114.3735 81.7485
91.64 85.6547
93.4764 82.2864
96.4792 66.6759
96.9374 67.6402
65.4783 68.6973
65.1436 68.7085
70.0072 37.0568
72.8639 42.3846
68.5865 22.616
68.6649 19.1834
46.3191 14.8709
41.6174 13.9638
26.1337 10.9756
22.7544 10.3239
11.3734 39.8467
4.4459 40.0111
8.1489 14.6257
5.5142 16.8716
20.0265 -0.3837
19.1612 4.4382
35.0818 -7.757
62.007 -0.4986
80.6224 -6.7792
82.4493 -7.3951
68.229 3.4024
69.7586 0.431
56.9431 22.4507
52.7338 29.6827
22.0316 28.995
22.2453 26.4668
35.3628 59.0869
35.4198 59.1387
45.5654 41.0816
45.3703 44.8288
44.075 69.742
47.1805 71.775
24.4852 69.0972
26.8704 69.2907
26.9385 50.3886
25.3639 59.5093
19.5265 42.3822
19.3189 44.2531
17.3337 62.1643
22.734 65.9494
10.0663 70.0046
6.0932 68.2272
8.8491 80.8068
22.0613 84.0705
11.8189 97.0024
9.285 93.2228
29.9999 83.8537
34.6033 81.7728
52.8045 84.6152
51.8772 84.2495
70.1013 87.9397
70.1013 87.9397
69.3997 115.2625
60.193 111.1528
54.9197 96.7582
57.6686 99.0782
79.5435 117.541
80.2667 118.1514
72.9092 98.7324
78.304 94.0444
64.8901 79.6926
64.8901 79.6926
46.5838 56.7886
50 50
