OFV: 290.71191805781575
Runtime: 0.015634277020581067
Gap: None
repPt: {0: (50, 50), 5: (44.72189927477297, 44.12958138851734), 6: (33.82520297954322, 25.534285334823803), 12: (35.576493279534816, 4.3596847887140875), 11: (46.5583230329734, 13.282133176402812), 2: (45.04952312056197, 13.047999641907149), 1: (65.42316516127437, 17.459535271407667), 4: (94.30241802605484, 36.92039904602853), 3: (80.00942324917024, 48.321706674081646), 8: (69.62262724853372, 54.32368297916682), 7: (66.17658054523163, 89.81828672781539), 13: (56.83662947055994, 81.84992568208513), 14: (52.44819028510927, 70.90430040445793), 10: (31.35415401400736, 71.39724932276305), 9: (20.939760432492513, 45.27763608231881)}
lowerBound: 290.7118857043068
upperBound: 290.71191805781575
solType: IP_Optimal
Path: 
50 50
44.7219 44.1296
33.8252 25.5343
35.5765 4.3597
46.5583 13.2821
45.0495 13.048
65.4232 17.4595
94.3024 36.9204
80.0094 48.3217
69.6226 54.3237
66.1766 89.8183
56.8366 81.8499
52.4482 70.9043
31.3542 71.3972
20.9398 45.2776
50 50
