OFV: 251.76971632536043
Runtime: 14.503055672976188
Gap: 3.382763005531638e-08
repPt: {0: (50, 50), 5: (73.2161376592761, 72.1288096813139), 6: (94.68689643069955, 92.59427225302461), 4: (43.834645981106476, 89.36627115140587), 3: (34.95577325038083, 83.46350463734596), 9: (21.81601054440299, 82.99028624934769), 10: (25.84455530616875, 63.93068682898578), 2: (26.15561133467353, 62.458922652141794), 1: (28.462316686445035, 51.54230782690551), 11: (31.92852872883498, 35.13958594797919), 12: (34.312420052131955, 25.183201122567176), 8: (33.50734473353633, 18.26995069257499), 7: (55.27325819762453, 23.824746500971084)}
solType: IP_Optimal
lowerBound: 251.7697078085876
upperBound: 251.76971632536043
Path: 
50 50
73.2161 72.1288
94.6869 92.5943
43.8346 89.3663
34.9558 83.4635
21.816 82.9903
25.8446 63.9307
26.1556 62.4589
28.4623 51.5423
31.9285 35.1396
34.3124 25.1832
33.5073 18.27
55.2733 23.8247
50 50
