OFV: 700.6104096659415
Runtime: 452.34151735098567
Gap: None
Path: 
50 50
56.7155 54.4603
69.7358 63.0993
77.1279 68.746
81.9527 72.4295
85.8658 75.4164
92.11 80.9018
90.0587 86.3819
89.0498 89.0803
90.4813 88.2697
102.4561 81.5036
103.02 85.0649
126.0113 97.5849
88.6686 59.6152
88.6686 59.6152
97.1598 55.0204
106.7649 49.8235
116.3755 48.238
111.9597 43.4964
102.5473 33.3792
94.9907 25.2604
99.9313 20.9396
105.0889 16.4282
114.2075 8.4361
114.5512 5.5585
110.0977 -0.2251
101.492 1.6479
97.1353 3.6067
92.9385 5.4939
90.7204 6.4926
76.8203 11.2759
76.7753 11.3874
81.3132 32.2065
82.4888 37.5799
83.606 42.6845
78.0641 44.2226
74.1552 45.3081
69.5675 46.5801
65.4203 47.7295
65.2774 49.7686
57.3392 54.2704
55.8472 61.7593
54.7303 67.3681
62.731 78.1586
62.1499 79.3579
61.4943 80.711
42.6841 66.9942
41.5018 68.0129
40.2477 69.0933
39.1847 70.0095
23.0488 86.4174
22.6319 86.8402
23.5992 94.5044
25.7985 111.9976
25.2023 111.5785
24.1283 110.8231
19.0485 87.7525
18.8472 79.6642
19.3074 78.9394
22.7281 73.5382
25.0837 69.8141
25.5518 65.163
26.1821 58.9425
28.9795 55.4425
34.6219 48.3788
42.4596 38.5575
46.3688 8.8439
48.2556 -5.4636
29.6198 -5.3087
25.694 -1.5893
19.2685 4.4518
16.4406 7.1104
17.1435 8.2443
20.0866 12.9879
24.6624 15.6757
26.4255 15.8968
30.8518 17.5516
36.962 13.3591
33.0539 19.6262
51.1071 26.878
50.8237 32.7229
50 50
