OFV: 1115.862089996232
Runtime: 0.354742645053193
Gap: None
repPt: {0: (50, 50), 46: (53.66389663565046, 51.31587095552177), 45: (40.05782492310418, 64.20127011108163), 25: (44.988420258572944, 73.74642610136682), 26: (49.16301283446114, 91.12751126979099), 63: (49.81766305662871, 90.85718685481042), 64: (56.17187804721231, 107.2980225818354), 79: (76.25589509514367, 97.0669463819696), 80: (90.87975601058176, 111.20006830396217), 36: (97.42699716001385, 104.69843541810279), 35: (80.39989979000515, 74.97679677953514), 62: (80.39989250155115, 74.9767517324428), 61: (68.42812656851206, 60.526768579311344), 69: (68.14287769785133, 60.18264127513355), 70: (82.66604441342962, 52.473977144161296), 2: (79.15969659477514, 47.97835833299272), 1: (68.04698950191498, 72.7238266585345), 71: (65.16341943096036, 70.86706024901137), 72: (87.8976182181203, 64.82917959087962), 77: (84.97563362532783, 60.38158161357476), 78: (101.9692839334435, 45.04170073471735), 54: (105.137752195547, 37.87046446626737), 53: (84.0941929261119, 30.110286566883982), 49: (85.71948452126041, 28.118485368804556), 50: (96.16541579227135, 21.115930846008048), 15: (96.16584902597855, 21.11481982535264), 16: (105.68088118971635, -2.678405264655104), 44: (101.30501111348435, 10.859460033233265), 43: (87.8548334998008, 13.542121146450329), 48: (87.51224962648463, 5.141861570236191), 47: (80.71189674083334, 19.767394847631564), 30: (76.99447587259365, 17.90563191519799), 29: (64.00147667505055, 11.398891783563576), 58: (66.12458566877741, 22.961107867248067), 57: (42.99027457970686, 39.14136681204948), 65: (46.116478048996505, 42.17890470157231), 66: (51.801946534799924, 26.091823523713867), 14: (51.80195059380982, 26.091834580189676), 13: (29.243501565946204, 30.632963370464857), 60: (24.35042670604658, 27.988652710232984), 59: (3.745526951078268, 16.849749311661803), 33: (7.816624468484115, 7.980727337700081), 34: (14.851140287304016, -12.273344909695247), 68: (35.70714845950794, -4.030960995942166), 67: (35.426084614990806, 15.398802801329303), 12: (34.60590990466079, 14.512006733596941), 11: (26.153791195734936, 5.378181832265691), 56: (19.278652142061365, 7.15134425857642), 55: (16.09248847869187, 39.572235544987734), 52: (22.748542493741134, 37.48895456782779), 51: (17.6309933452305, 58.53018122483442), 20: (16.524047065687036, 59.818837572771265), 19: (2.5780044896242673, 76.04854907342397), 27: (3.049470783312204, 74.9266013112622), 28: (30.921819136310372, 79.55378790135637), 23: (26.16163846590459, 77.49943057432799), 24: (40.61595005469881, 54.108943237420604), 21: (37.77109679215778, 51.115432126381364), 22: (64.25773986775236, 35.48297181076853), 7: (64.82377907004829, 40.61823655527499), 8: (66.33168364291727, 54.30758444945975), 37: (66.43961465302198, 55.285892437517354), 38: (73.58557425086579, 48.585328571222185), 5: (73.68674143482565, 50.38346837877476), 6: (90.00385457898545, 80.59666073258721), 74: (89.42398595890305, 80.61161150649211), 73: (77.54152520265048, 80.91821162497831), 4: (78.43145768015984, 81.95549704597374), 3: (79.36843203979797, 93.40008410463132), 9: (81.27779335707079, 90.60717502424198), 10: (96.81517024845203, 67.8767398317763), 41: (96.55225254199924, 61.844857658347074), 42: (113.25200075951358, 86.12192346146068), 76: (124.93178345723932, 85.73553479227473), 75: (98.73117599772492, 92.6498919075067), 39: (98.19548886080695, 86.16445496287396), 40: (104.2645340050693, 54.97681777838518), 18: (102.05373518489817, 58.32005022226506), 17: (80.20168242388732, 37.74077812701903), 32: (80.8499199727652, 38.45499740100585), 31: (52.12076104177458, 52.987869590718844)}
lowerBound: 1115.8619208844466
upperBound: 1115.862089996232
solType: IP_Optimal
Path: 
50 50
53.6639 51.3159
40.0578 64.2013
44.9884 73.7464
49.163 91.1275
49.8177 90.8572
56.1719 107.298
76.2559 97.0669
90.8798 111.2001
97.427 104.6984
80.3999 74.9768
80.3999 74.9768
68.4281 60.5268
68.1429 60.1826
82.666 52.474
79.1597 47.9784
68.047 72.7238
65.1634 70.8671
87.8976 64.8292
84.9756 60.3816
101.9693 45.0417
105.1378 37.8705
84.0942 30.1103
85.7195 28.1185
96.1654 21.1159
96.1658 21.1148
105.6809 -2.6784
101.305 10.8595
87.8548 13.5421
87.5122 5.1419
80.7119 19.7674
76.9945 17.9056
64.0015 11.3989
66.1246 22.9611
42.9903 39.1414
46.1165 42.1789
51.8019 26.0918
51.802 26.0918
29.2435 30.633
24.3504 27.9887
3.7455 16.8497
7.8166 7.9807
14.8511 -12.2733
35.7071 -4.031
35.4261 15.3988
34.6059 14.512
26.1538 5.3782
19.2787 7.1513
16.0925 39.5722
22.7485 37.489
17.631 58.5302
16.524 59.8188
2.578 76.0485
3.0495 74.9266
30.9218 79.5538
26.1616 77.4994
40.616 54.1089
37.7711 51.1154
64.2577 35.483
64.8238 40.6182
66.3317 54.3076
66.4396 55.2859
73.5856 48.5853
73.6867 50.3835
90.0039 80.5967
89.424 80.6116
77.5415 80.9182
78.4315 81.9555
79.3684 93.4001
81.2778 90.6072
96.8152 67.8767
96.5523 61.8449
113.252 86.1219
124.9318 85.7355
98.7312 92.6499
98.1955 86.1645
104.2645 54.9768
102.0537 58.3201
80.2017 37.7408
80.8499 38.455
52.1208 52.9879
50 50
