OFV: 276.06378440668647
Runtime: 0.7076312950230204
Gap: 0.0
repPt: {0: (50, 50), 5: (65.65170662824077, 72.15116438754337), 6: (82.9460224514865, 60.66917761542481), 2: (85.65539359894572, 74.40050980823712), 1: (88.46382113405203, 62.48525839323424), 10: (97.24549612598176, 14.49771986779592), 9: (84.56224232193924, 8.818432261926429), 11: (78.2276780526587, 5.984187608719736), 12: (78.48074485938443, -13.84150955247417), 4: (67.59948172970563, -9.702432323446383), 3: (69.96451780847912, 4.720178069606905), 7: (46.62539077172698, 26.165636952031214), 8: (32.03854216966859, 57.89604010935441)}
solType: IP_Optimal
lowerBound: 276.0637975117109
upperBound: 276.06378440668647
Path: 
50 50
65.6517 72.1512
82.946 60.6692
85.6554 74.4005
88.4638 62.4853
97.2455 14.4977
84.5622 8.8184
78.2277 5.9842
78.4807 -13.8415
67.5995 -9.7024
69.9645 4.7202
46.6254 26.1656
32.0385 57.896
50 50
