OFV: 372.12153859738646
Runtime: 0.060113877058029175
Gap: None
repPt: {0: (50, 50), 7: (44.19908663012019, 96.52918231119955), 8: (58.39157566656841, 95.29032910283063), 1: (85.95732258022376, 92.87046226425511), 2: (103.38153846455882, 98.37852930852675), 10: (103.59475729187882, 98.44570809001289), 9: (91.02815254362902, 82.27379068933276), 14: (90.9944365306207, 36.835546281859074), 13: (92.83195397025557, 17.46831499566857), 6: (85.47105588298739, 16.71249108603223), 5: (73.83286447318257, 28.300450738212596), 12: (46.17968556718169, 2.1947889084395307), 11: (34.32380750200902, 6.4493184030246775), 15: (32.055771634060996, 7.26850151974765), 16: (40.44041416057326, 36.0901155392952), 4: (19.650140035059657, 29.079696170333737), 3: (11.793851242407587, 33.45210936140265)}
lowerBound: 372.12148891595086
upperBound: 372.12153859738646
solType: IP_Optimal
Path: 
50 50
44.1991 96.5292
58.3916 95.2903
85.9573 92.8705
103.3815 98.3785
103.5948 98.4457
91.0282 82.2738
90.9944 36.8355
92.832 17.4683
85.4711 16.7125
73.8329 28.3005
46.1797 2.1948
34.3238 6.4493
32.0558 7.2685
40.4404 36.0901
19.6501 29.0797
11.7939 33.4521
50 50
