OFV: 454.41800848883975
Runtime: 1.9059747850405984
Gap: 0.0
repPt: {0: (50, 50), 10: (57.0741357907327, 46.73718315823483), 9: (35.461424468241276, 20.720446123593877), 6: (40.37002142627137, 8.115155739712737), 5: (64.77243099259306, 12.423217081295896), 15: (85.21436778167094, 13.94883593376916), 16: (91.42273422693867, 44.82384252416682), 1: (94.96894860993042, 58.33654127865151), 2: (119.67244546742735, 61.24918132669351), 11: (95.9588570924513, 96.30142424716944), 12: (72.81219903588847, 109.55580956354568), 3: (67.92991868265123, 87.57141303389776), 4: (40.99277323793988, 80.25925296980574), 18: (20.522053359077077, 94.11482509035996), 17: (6.035400363745404, 61.68078880550624), 7: (6.163085040271067, 35.63637356499135), 8: (6.247827057019106, 18.13825855929957), 14: (30.714709944598635, 26.28871817917904), 13: (45.01161343047144, 31.052064081531185)}
solType: IP_Optimal
lowerBound: 454.41801163301034
upperBound: 454.41800848883975
Path: 
50 50
57.0741 46.7372
35.4614 20.7204
40.37 8.1152
64.7724 12.4232
85.2144 13.9488
91.4227 44.8238
94.9689 58.3365
119.6724 61.2492
95.9589 96.3014
72.8122 109.5558
67.9299 87.5714
40.9928 80.2593
20.5221 94.1148
6.0354 61.6808
6.1631 35.6364
6.2478 18.1383
30.7147 26.2887
45.0116 31.0521
50 50
