OFV: 219.8548766817073
Runtime: 0.4517520480003441
Gap: -2.2420627185006018e-07
repPt: {0: (50, 50), 10: (37.49985985553998, 35.52982367330992), 9: (46.22055083681689, 25.81750169684262), 6: (57.1855026654126, 17.671235295775315), 7: (75.20159562415354, 41.179662864189524), 5: (77.61302472549043, 42.36329438002309), 8: (91.39088088467386, 41.74555543931777), 1: (100.11614604487886, 52.17352889808571), 2: (110.85245245862771, 61.06153093127263), 4: (95.15037578321132, 19.879283933025853), 3: (72.05945256764063, 26.36283761122005)}
solType: IP_Optimal
lowerBound: 219.85492597454956
upperBound: 219.8548766817073
Path: 
50 50
37.4999 35.5298
46.2206 25.8175
57.1855 17.6712
75.2016 41.1797
77.613 42.3633
91.3909 41.7456
100.1161 52.1735
110.8525 61.0615
95.1504 19.8793
72.0595 26.3628
50 50
