OFV: 657.1616190882892
Runtime: 21.443666644976474
Gap: None
Path: 
50 50
51.8415 52.5117
73.4836 30.1484
76.2576 35.4552
80.3876 43.351
86.534 12.286
109.8789 1.4151
104.7691 -3.7637
99.1508 16.8998
98.7137 45.2507
116.2936 56.6777
118.3734 47.0328
90.5596 56.483
68.2438 61.3535
81.3752 80.6815
88.9629 83.0318
115.02 81.0903
114.245 98.921
87.6189 94.5945
80.3413 93.41
74.1212 77.5537
73.9378 76.9549
59.4093 83.48
63.5839 91.8392
52.7431 96.8171
40.9998 102.2099
33.3603 69.4998
33.3603 69.4998
7.3311 79.8017
12.6131 75.6196
16.1798 72.7952
31.6945 87.4959
38.4499 91.4203
28.135 86.8085
29.8301 71.072
31.356 56.4465
26.2297 44.4774
24.7654 41.0587
19.3939 28.5182
8.4696 26.5873
31.3262 40.8282
50 50
