OFV: 313.31342711746106
Runtime: 0.2652411959716119
Gap: 3.241250856455133e-08
repPt: {0: (50, 50), 4: (34.82844678373371, 41.97060860374511), 3: (15.62758571298801, 39.99026323528797), 10: (-8.377850382419673, 79.03908692474123), 9: (4.5755955168007185, 81.02204917211155), 8: (73.10316771418753, 91.51472099349722), 7: (89.85041475621716, 85.39957628692275), 1: (95.17655178757916, 87.14482990908672), 2: (75.488219282317, 70.68871113168765), 5: (91.56247916506042, 23.27139551005385), 6: (74.87364565126411, 34.18004276176152)}
solType: IP_Optimal
lowerBound: 313.3134169621869
upperBound: 313.31342711746106
Path: 
50 50
34.8284 41.9706
15.6276 39.9903
-8.3779 79.0391
4.5756 81.022
73.1032 91.5147
89.8504 85.3996
95.1766 87.1448
75.4882 70.6887
91.5625 23.2714
74.8736 34.18
50 50
