OFV: 537.4333986527843
Runtime: 12.298991485964507
Gap: None
repPt: {0: (50, 50), 30: (53.89638209402632, 49.8588642226682), 29: (56.822081513449874, 71.11273678784003), 4: (60.34782222300893, 57.698345656238345), 3: (64.79686593644992, 78.1979300284346), 6: (73.60792351169816, 79.9180870324762), 5: (64.35820241351583, 53.44993869219652), 34: (64.35815879760824, 53.44989736763154), 33: (43.63339296687072, 64.0366402712654), 36: (44.699483149743294, 64.24862906310996), 35: (36.42908258571711, 83.31811394635004), 39: (30.99764536687396, 95.83903305084955), 40: (28.548004804627986, 104.60865587630276), 18: (28.260565846528014, 102.96074239745163), 17: (26.137529428039247, 90.80377663670247), 2: (22.48183874496801, 69.87567528819679), 1: (16.04003689039501, 66.63885438524173), 23: (14.393499540231888, 65.81229031025205), 24: (29.369110329358953, 44.756717794573404), 26: (25.864114419499142, 53.70009198452493), 25: (21.45982173358344, 42.7902383405843), 20: (21.76337770207722, 43.759114078064755), 19: (12.309767146647184, 33.72032048053905), 14: (18.340949453396263, 30.47342573141975), 13: (17.088898117489304, 16.05321678592543), 15: (28.950394558881406, 19.748214531797394), 16: (40.152623995300665, 26.889928179702373), 31: (45.555258017704105, 30.337019373450705), 32: (62.96777395756765, 51.52944183913295), 37: (63.27028897195179, 51.89744305001959), 38: (61.09696718150446, 36.98278223812066), 22: (61.09695793847055, 36.98276745976893), 21: (52.75125086755712, 14.043137498473122), 28: (52.07710522840884, 12.190833219606937), 27: (48.9696639998102, 3.649013264536325), 9: (49.40448218172115, 0.9976869352822533), 10: (53.547414680559164, -24.2199386184111), 8: (87.20174981709819, 0.4434932029757513), 7: (69.97962518214119, 11.923425008058812), 12: (67.19443211163163, 13.779190825388678), 11: (51.54315610275968, 46.74833373535332)}
lowerBound: 537.4333438504154
upperBound: 537.4333986527843
solType: IP_Optimal
Path: 
50 50
53.8964 49.8589
56.8221 71.1127
60.3478 57.6983
64.7969 78.1979
73.6079 79.9181
64.3582 53.4499
64.3582 53.4499
43.6334 64.0366
44.6995 64.2486
36.4291 83.3181
30.9976 95.839
28.548 104.6087
28.2606 102.9607
26.1375 90.8038
22.4818 69.8757
16.04 66.6389
14.3935 65.8123
29.3691 44.7567
25.8641 53.7001
21.4598 42.7902
21.7634 43.7591
12.3098 33.7203
18.3409 30.4734
17.0889 16.0532
28.9504 19.7482
40.1526 26.8899
45.5553 30.337
62.9678 51.5294
63.2703 51.8974
61.097 36.9828
61.097 36.9828
52.7513 14.0431
52.0771 12.1908
48.9697 3.649
49.4045 0.9977
53.5474 -24.2199
87.2017 0.4435
69.9796 11.9234
67.1944 13.7792
51.5432 46.7483
50 50
