OFV: 395.7486446489698
Runtime: 903.0747499230201
Gap: 3.2447759323969575e-08
repPt: {0: (50, 50), 3: (64.40254637298486, 96.58879385061749), 4: (57.334669278362256, 124.74332295549655), 11: (13.992335158687283, 88.54208399291947), 12: (-2.462564780930289, 74.79811234128572), 16: (-10.436373479832719, 80.85193384905375), 15: (1.9701989542272456, 71.32550028868809), 17: (7.369299119032501, 67.18016491561612), 18: (10.888200966101973, 56.09998904283132), 1: (11.163540045798191, 56.97715709612907), 2: (11.354489121751088, 27.699360802049217), 10: (-4.143381975061589, 7.131073599082416), 9: (13.642476196810447, 8.321579088887141), 5: (36.79746064499556, 9.87150604840895), 6: (61.823357737791056, 11.545826338951304), 8: (58.94681865501456, 10.192573009288175), 7: (58.11601020480769, 18.381114603783608), 14: (81.00072310714056, 31.300634697237875), 13: (70.29571068241745, 37.75797695511745)}
solType: IP_Optimal
lowerBound: 395.748631807813
upperBound: 395.7486446489698
Path: 
50 50
64.4025 96.5888
57.3347 124.7433
13.9923 88.5421
-2.4626 74.7981
-10.4364 80.8519
1.9702 71.3255
7.3693 67.1802
10.8882 56.1
11.1635 56.9772
11.3545 27.6994
-4.1434 7.1311
13.6425 8.3216
36.7975 9.8715
61.8234 11.5458
58.9468 10.1926
58.116 18.3811
81.0007 31.3006
70.2957 37.758
50 50
