OFV: 388.3742025178943
Runtime: 0.05142989498563111
Gap: None
repPt: {0: (50, 50), 3: (32.55087590606075, 55.169887265106), 4: (2.06048364057592, 64.20473644374161), 7: (16.837422632985586, 31.089415901824797), 8: (13.82370185156482, 14.027723673539507), 1: (9.943891444833959, 9.853049849296093), 2: (19.309087937866614, -9.583340219140531), 11: (46.33411096048543, 15.910085179564621), 12: (62.915301459092106, 12.989223367047021), 5: (90.04624437453676, 54.37845028506174), 6: (83.77427890740722, 74.10636754797488), 14: (87.71188490384327, 111.3986097157326), 13: (82.93144142985479, 95.52014479906029), 10: (78.28429116380914, 80.10400869301637), 9: (81.6207268860545, 55.32173405563437), 16: (69.5922238646849, 48.500559825402426), 15: (64.00331605381336, 55.77106770719716)}
lowerBound: 388.374152287031
upperBound: 388.3742025178943
solType: IP_Optimal
Path: 
50 50
32.5509 55.1699
2.0605 64.2047
16.8374 31.0894
13.8237 14.0277
9.9439 9.853
19.3091 -9.5833
46.3341 15.9101
62.9153 12.9892
90.0462 54.3785
83.7743 74.1064
87.7119 111.3986
82.9314 95.5201
78.2843 80.104
81.6207 55.3217
69.5922 48.5006
64.0033 55.7711
50 50
