OFV: 389.29327755513106
Runtime: 0.01456456002779305
Gap: None
repPt: {0: (50, 50), 11: (74.49457495409038, 56.24104841018327), 12: (99.89700853699205, 58.330218650090295), 6: (105.07699330956183, 40.42018744701897), 5: (95.5082015446603, 62.175530964783476), 3: (92.1738352108209, 68.29243232269413), 4: (83.24939050800317, 84.6637392968246), 13: (30.747809882972266, 93.91981187686618), 14: (18.299287830090286, 69.06536308604522), 18: (24.275232166493346, 58.328222863661445), 17: (33.14866920525113, 42.385821343750756), 15: (36.301027109231704, 40.07849520595577), 16: (15.951063048943208, 26.76034569961542), 7: (30.670814408321977, 6.552025033342985), 8: (26.512734700007247, -14.602458987968843), 2: (38.632150913208655, -0.54882284692281), 1: (47.627536429402504, 22.294463136380337), 9: (37.590988324502554, 35.59863466424746), 10: (51.94256969420761, 41.392143684132314)}
lowerBound: 389.2932483654396
upperBound: 389.29327755513106
solType: IP_Optimal
Path: 
50 50
74.4946 56.241
99.897 58.3302
105.077 40.4202
95.5082 62.1755
92.1738 68.2924
83.2494 84.6637
30.7478 93.9198
18.2993 69.0654
24.2752 58.3282
33.1487 42.3858
36.301 40.0785
15.9511 26.7603
30.6708 6.552
26.5127 -14.6025
38.6322 -0.5488
47.6275 22.2945
37.591 35.5986
51.9426 41.3921
50 50
