OFV: 329.9975501088497
Runtime: 0.03855429100804031
Gap: None
repPt: {0: (50, 50), 14: (43.35979524537482, 48.58981804378774), 13: (11.874006706922886, 41.90268603086068), 7: (19.139504923496112, 41.63896734857956), 8: (18.651073518346966, 53.76285426355625), 9: (18.144143440821168, 66.01520893716247), 10: (30.036870197504754, 78.3725360731875), 2: (28.65894443396441, 75.90559443548905), 1: (48.69608426297736, 75.61816149356196), 6: (80.23844155089728, 71.44671217507918), 5: (87.59734100365391, 53.68150585344955), 3: (95.56711904570204, 12.83409264259905), 4: (98.46289230452608, -2.036300509687749), 16: (63.07739410030812, -9.599732095247436), 15: (50.6116364615631, -1.9829388168607938), 12: (47.19637492056397, 0.10746762261733789), 11: (37.907012278573184, 5.780463370501087)}
lowerBound: 329.9974810144658
upperBound: 329.9975501088497
solType: IP_Optimal
Path: 
50 50
43.3598 48.5898
11.874 41.9027
19.1395 41.639
18.6511 53.7629
18.1441 66.0152
30.0369 78.3725
28.6589 75.9056
48.6961 75.6182
80.2384 71.4467
87.5973 53.6815
95.5671 12.8341
98.4629 -2.0363
63.0774 -9.5997
50.6116 -1.9829
47.1964 0.1075
37.907 5.7805
50 50
