OFV: 700.1333706884951
Runtime: 0.3805865029571578
Gap: None
repPt: {0: (50, 50), 40: (49.62990669627898, 46.92089381197047), 39: (46.61626701179106, 21.821915759028563), 9: (46.61626388667998, 21.821897036950155), 10: (46.72629902185001, 9.223084186648837), 32: (46.76443445834809, 4.834226940797179), 31: (26.404404525749648, 18.231193565180913), 26: (32.19709880976083, -7.709437826527074), 25: (23.494909592977418, 18.374684354192194), 23: (25.457043618519887, 27.779805249941575), 24: (30.22819476312788, 50.6522211743852), 20: (38.201933214821906, 61.09231735696102), 19: (16.068983943557757, 86.12357869816772), 13: (8.952140082655436, 89.70596274537127), 14: (22.825926419809925, 84.60113654510765), 29: (28.32968619943349, 95.02255422530763), 30: (44.40461868488673, 98.7335945401428), 38: (41.22231823912298, 99.10824890731978), 37: (29.463965654707156, 95.90685906562412), 35: (35.00246380526958, 89.3400093782515), 36: (60.50638631176028, 68.59564530555014), 21: (56.708459596599866, 66.25477708273651), 22: (77.55725147622381, 69.75064700759019), 16: (77.82621862806197, 69.79575794611651), 15: (58.660725941053464, 78.6034639396145), 17: (67.72210801571649, 94.13283261148091), 18: (75.05346845306764, 123.32089609904489), 2: (103.30076309962995, 69.33233896646799), 1: (97.67398583152217, 57.28223318369837), 27: (92.32646699321388, 64.25028584418926), 28: (123.91346540757657, 61.316079010536065), 12: (115.95068169134872, 59.004912444707955), 11: (91.78422171224975, 53.549206218169346), 8: (89.98574738504152, 53.1442781093029), 7: (76.26659943095356, 43.94641663977273), 5: (78.17253221036934, 43.37337831478411), 6: (108.89293614616345, 34.14151404332212), 33: (99.23756104923541, 18.651445089840724), 34: (96.48227710025479, 32.43455576013635), 4: (91.20372723709373, 37.326287186465606), 3: (71.02676722012976, 26.753390643954297)}
lowerBound: 700.1333561440646
upperBound: 700.1333706884951
solType: IP_Optimal
Path: 
50 50
49.6299 46.9209
46.6163 21.8219
46.6163 21.8219
46.7263 9.2231
46.7644 4.8342
26.4044 18.2312
32.1971 -7.7094
23.4949 18.3747
25.457 27.7798
30.2282 50.6522
38.2019 61.0923
16.069 86.1236
8.9521 89.706
22.8259 84.6011
28.3297 95.0226
44.4046 98.7336
41.2223 99.1082
29.464 95.9069
35.0025 89.34
60.5064 68.5956
56.7085 66.2548
77.5573 69.7506
77.8262 69.7958
58.6607 78.6035
67.7221 94.1328
75.0535 123.3209
103.3008 69.3323
97.674 57.2822
92.3265 64.2503
123.9135 61.3161
115.9507 59.0049
91.7842 53.5492
89.9857 53.1443
76.2666 43.9464
78.1725 43.3734
108.8929 34.1415
99.2376 18.6514
96.4823 32.4346
91.2037 37.3263
71.0268 26.7534
50 50
