OFV: 203.76678344242163
Runtime: 2.02006085600442
Gap: 4.825985879047795e-08
repPt: {0: (50, 50), 3: (73.01100533710532, 28.123753943517983), 4: (94.34008109157072, 21.709406610997842), 2: (109.64739933518582, 59.46488663406925), 1: (99.83784849791597, 51.32773490978115), 8: (90.3624684056, 43.47140277320032), 7: (77.14359132789171, 40.302062840170265), 5: (77.14359100375805, 40.302062609881794), 6: (57.2568312854719, 19.688209030453823), 9: (47.56427342366467, 27.29886401305424), 10: (39.49071043844768, 35.8046451627036)}
solType: IP_Optimal
lowerBound: 203.76677360866543
upperBound: 203.76678344242163
Path: 
50 50
73.011 28.1238
94.3401 21.7094
109.6474 59.4649
99.8378 51.3277
90.3625 43.4714
77.1436 40.3021
77.1436 40.3021
57.2568 19.6882
47.5643 27.2989
39.4907 35.8046
50 50
