OFV: 245.4951095612457
Runtime: 1.9942078369786032
Gap: 4.568336219815254e-08
repPt: {0: (50, 50), 4: (49.02886252673434, 49.218126713214254), 3: (47.003952542140915, 31.721169887832293), 1: (66.60500505410639, 12.343785573021632), 2: (42.81577056202576, 7.84391133539947), 5: (15.489251825119554, 6.0194624132235), 6: (-7.132449387412938, 4.510088252169909), 7: (5.614738271713201, 67.58791883193946), 8: (16.131531851413257, 67.13360780327892), 10: (26.197863338081326, 43.87720160811435), 9: (47.21615634942336, 49.14170276334615)}
solType: IP_Optimal
lowerBound: 245.4950983462037
upperBound: 245.4951095612457
Path: 
50 50
49.0289 49.2181
47.004 31.7212
66.605 12.3438
42.8158 7.8439
15.4893 6.0195
-7.1324 4.5101
5.6147 67.5879
16.1315 67.1336
26.1979 43.8772
47.2162 49.1417
50 50
