OFV: 276.0637981860286
Runtime: 0.3541685070376843
Gap: 2.1415942143386808e-09
repPt: {0: (50, 50), 8: (32.03896336292875, 57.89647042803877), 7: (46.62534823990124, 26.16569718579259), 3: (69.9643909854247, 4.7205496693256705), 4: (67.59977442633635, -9.702944757527263), 12: (78.48113402327365, -13.8412398981733), 11: (78.2279893059841, 5.984675904187958), 9: (84.3550558098135, 8.726774500736209), 10: (97.24524487353881, 14.49723897937849), 1: (88.46358658992247, 62.48577087782215), 2: (85.6549336355747, 74.40050271959487), 6: (82.94602954877915, 60.669179203195384), 5: (65.65121863800115, 72.15107483133946)}
solType: IP_Optimal
lowerBound: 276.06379759481194
upperBound: 276.0637981860286
Path: 
50 50
32.039 57.8965
46.6253 26.1657
69.9644 4.7205
67.5998 -9.7029
78.4811 -13.8412
78.228 5.9847
84.3551 8.7268
97.2452 14.4972
88.4636 62.4858
85.6549 74.4005
82.946 60.6692
65.6512 72.1511
50 50
