OFV: 400.12630560920263
Runtime: 4.231093553011306
Gap: 1.262810743428706e-07
repPt: {0: (50, 50), 16: (45.15608199247814, 39.122141477147295), 15: (30.418818162837184, 6.026772731697546), 11: (31.026756678140405, 5.730678735554418), 12: (44.75850200579494, -0.9567024329345197), 4: (19.440432264367175, 24.453904384722886), 3: (9.76357175172463, 34.1660905805646), 7: (41.97700429585308, 97.33469380167925), 8: (59.846771080221146, 94.71725811409041), 1: (86.0902277527167, 90.87188195377152), 2: (105.33456240634658, 99.45470666648316), 10: (105.33463528157536, 99.45473170766317), 9: (89.07786466518756, 82.76709899809047), 14: (88.97791501374095, 36.9633349461936), 13: (94.22136441704131, 15.990078146060087), 6: (84.92087777200958, 14.782737960495224), 5: (71.74023962875332, 31.217832442737052)}
solType: IP_Optimal
lowerBound: 400.1262550808229
upperBound: 400.12630560920263
Path: 
50 50
45.1561 39.1221
30.4188 6.0268
31.0268 5.7307
44.7585 -0.9567
19.4404 24.4539
9.7636 34.1661
41.977 97.3347
59.8468 94.7173
86.0902 90.8719
105.3346 99.4547
105.3346 99.4547
89.0779 82.7671
88.9779 36.9633
94.2214 15.9901
84.9209 14.7827
71.7402 31.2178
50 50
