OFV: 279.82059402358544
Runtime: 3.5149186570197344
Gap: 0.0
repPt: {0: (50, 50), 11: (38.58487895942332, 24.12923579086885), 12: (18.76176760995476, 19.2433009334579), 5: (24.501127100727896, 5.383073810664613), 6: (16.138201957287087, 23.617438195004137), 10: (-4.801757104257547, 69.26727180409641), 9: (2.1842893374770487, 82.59221609756355), 4: (26.030010831864836, 72.4911318875242), 3: (60.43187875772619, 61.62406385207491), 7: (61.72530213985028, 62.618115237557305), 8: (86.63131531437016, 49.489816512460294), 2: (68.26966813806614, 54.10727095764168), 1: (52.004905684591485, 48.09798229876962)}
solType: IP_Optimal
lowerBound: 279.8206470918842
upperBound: 279.82059402358544
Path: 
50 50
38.5849 24.1292
18.7618 19.2433
24.5011 5.3831
16.1382 23.6174
-4.8018 69.2673
2.1843 82.5922
26.03 72.4911
60.4319 61.6241
61.7253 62.6181
86.6313 49.4898
68.2697 54.1073
52.0049 48.098
50 50
