OFV: 354.49511132355696
Runtime: 2.907325314998161
Gap: 9.844191001947165e-09
repPt: {0: (50, 50), 11: (81.01263602250631, 88.63985072624699), 12: (89.77523150649381, 64.62259713136066), 1: (90.51464187392268, 62.59604625457151), 2: (76.06192649344983, 38.8996611890138), 13: (80.81436927119547, 36.81221661085014), 14: (94.94887799174913, 30.603615301214695), 7: (91.56496450963488, 20.93266369147305), 8: (82.08416316444917, 3.999959306820834), 5: (65.10533373282418, 33.62607296276221), 6: (53.3503120826194, 21.86191711621806), 4: (4.155112154913813, -7.821495714203245), 3: (23.801630722813236, 16.802864624544206), 10: (45.00711778860716, 20.027445880745926), 9: (56.12326798817661, 49.90712962565652)}
solType: IP_Optimal
lowerBound: 354.49510783383937
upperBound: 354.49511132355696
Path: 
50 50
81.0126 88.6399
89.7752 64.6226
90.5146 62.596
76.0619 38.8997
80.8144 36.8122
94.9489 30.6036
91.565 20.9327
82.0842 4.0
65.1053 33.6261
53.3503 21.8619
4.1551 -7.8215
23.8016 16.8029
45.0071 20.0274
56.1233 49.9071
50 50
