OFV: 409.97863217644397
Runtime: 0.0320683439495042
Gap: None
repPt: {0: (50, 50), 17: (33.82144346585243, 26.575346563091202), 18: (17.281906384008412, 2.6289747302452477), 10: (28.352659875772503, -7.615369874885422), 9: (5.621893150524203, 1.1082194350492087), 2: (-7.98160955720912, -6.580519023133533), 1: (2.954093186914463, 17.932884777075685), 12: (-22.563961409274874, 42.72179820086982), 11: (5.620929623253074, 45.738607288532165), 4: (6.559468798645863, 48.53658139309815), 3: (16.109001997890157, 77.0000151683125), 6: (18.272800800202525, 70.67674195270942), 5: (33.61195667019951, 94.15479040737523), 7: (30.71910641399315, 89.29441937102727), 8: (39.38594952371548, 111.40123340747633), 19: (44.57849906092928, 100.12830931974622), 20: (57.357907208610925, 89.55754021217437), 14: (62.620677715381404, 75.55161123247134), 13: (54.40361199439942, 63.39356350727995), 16: (46.07900950172343, 72.77908329840834), 15: (34.17839848909671, 70.96840804585713)}
lowerBound: 409.9785347386502
upperBound: 409.97863217644397
solType: IP_Optimal
Path: 
50 50
33.8214 26.5753
17.2819 2.629
28.3527 -7.6154
5.6219 1.1082
-7.9816 -6.5805
2.9541 17.9329
-22.564 42.7218
5.6209 45.7386
6.5595 48.5366
16.109 77.0
18.2728 70.6767
33.612 94.1548
30.7191 89.2944
39.3859 111.4012
44.5785 100.1283
57.3579 89.5575
62.6207 75.5516
54.4036 63.3936
46.079 72.7791
34.1784 70.9684
50 50
