OFV: 390.17839883632695
Runtime: 730.8429969470017
Gap: -3.482204542415173e-08
repPt: {0: (50, 50), 12: (57.17475194764343, 65.71027189642687), 11: (68.02916491529936, 89.47606668075), 15: (71.53655987104267, 85.50441164495729), 16: (54.941285696938536, 79.89525240363463), 3: (60.40423082474806, 76.28181783603081), 4: (89.05769287581651, 89.78283769404976), 14: (91.29264422307932, 90.83579115000003), 13: (73.76404990395763, 64.68577820674615), 1: (60.950711315404654, 45.57075857344281), 2: (64.37486105207725, 36.27898551443826), 9: (62.5468081920103, 6.108113345640906), 10: (58.87095995297964, -15.162400899762813), 18: (57.53432230905653, -19.955161199660637), 17: (43.27403932889344, -2.8121782310776897), 6: (9.79663959340373, -2.2407420024852973), 5: (6.427148945946043, -0.8765225980460878), 8: (-12.464997660494005, -5.118055603219709), 7: (6.017579817950741, 11.190506181662613)}
solType: IP_Optimal
lowerBound: 390.1784124231369
upperBound: 390.17839883632695
Path: 
50 50
57.1748 65.7103
68.0292 89.4761
71.5366 85.5044
54.9413 79.8953
60.4042 76.2818
89.0577 89.7828
91.2926 90.8358
73.764 64.6858
60.9507 45.5708
64.3749 36.279
62.5468 6.1081
58.871 -15.1624
57.5343 -19.9552
43.274 -2.8122
9.7966 -2.2407
6.4271 -0.8765
-12.465 -5.1181
6.0176 11.1905
50 50
