OFV: 290.71189498675545
Runtime: 0.9573580070064054
Gap: 9.946673509025324e-09
repPt: {0: (50, 50), 9: (20.939654000668995, 45.277771732865034), 10: (31.354102868617122, 71.39721110363872), 14: (52.44787108173445, 70.90409181520958), 13: (56.836204128442326, 81.84930958707692), 7: (66.17588404972285, 89.81856611618603), 8: (69.62214330044874, 54.324437671561526), 3: (80.01048267529802, 48.320987619594746), 4: (94.30240423667513, 36.92012160144413), 1: (65.42312201148641, 17.45952020586448), 2: (45.04983388643141, 13.04634218983715), 11: (46.55853403502092, 13.28166364360739), 12: (35.57725476073881, 4.359362346061605), 6: (33.82525000151389, 25.53448073769549), 5: (44.72172530610013, 44.12934301318098)}
solType: IP_Optimal
lowerBound: 290.71189209513915
upperBound: 290.71189498675545
Path: 
50 50
20.9397 45.2778
31.3541 71.3972
52.4479 70.9041
56.8362 81.8493
66.1759 89.8186
69.6221 54.3244
80.0105 48.321
94.3024 36.9201
65.4231 17.4595
45.0498 13.0463
46.5585 13.2817
35.5773 4.3594
33.8253 25.5345
44.7217 44.1293
50 50
