OFV: 343.7215101564754
Runtime: 0.06822323310188949
Gap: None
repPt: {0: (50, 50), 13: (44.25809210874108, 27.038945549027215), 14: (38.92243585334048, 18.53335740289805), 5: (39.67139911509113, 11.699184939981578), 6: (51.57339363533779, -1.201145034476924), 10: (99.66884293571967, 54.871833398109736), 9: (88.83144968063175, 59.73624523420526), 3: (60.50784267187681, 72.43733127933834), 4: (39.90579864052533, 89.58319711767146), 12: (-4.249902028659917, 112.87004629706401), 11: (3.442971169219996, 101.83142250446409), 8: (8.242384788071872, 94.97076962319647), 7: (10.82091607960145, 88.57051390732437), 1: (32.8152811972473, 61.80891502365461), 2: (48.74442871620216, 62.68523092898322)}
lowerBound: 343.72149272079093
upperBound: 343.7215101564754
solType: IP_Optimal
Path: 
50 50
44.2581 27.0389
38.9224 18.5334
39.6714 11.6992
51.5734 -1.2011
99.6688 54.8718
88.8314 59.7362
60.5078 72.4373
39.9058 89.5832
-4.2499 112.87
3.443 101.8314
8.2424 94.9708
10.8209 88.5705
32.8153 61.8089
48.7444 62.6852
50 50
