OFV: 357.90011143509213
Runtime: 31.120898156019393
Gap: 1.95951886126206e-07
repPt: {0: (50, 50), 10: (50.15911079269853, 42.29749926441593), 9: (39.526661408439224, 35.09487955064501), 1: (45.60821031755404, 22.413588988646186), 2: (38.62105576476064, 2.1835787883568343), 7: (35.657950178453966, 2.6431550551440015), 8: (26.07849194645642, -12.377779868528602), 16: (17.76350253598911, 25.780446853716015), 15: (34.384243818524524, 40.91396974124186), 17: (33.415695828612314, 42.84690803651773), 18: (25.245417396668678, 59.150901573550435), 14: (20.299960834600803, 69.01973949411719), 13: (31.655349534537194, 92.13755718083144), 4: (82.06443884775727, 83.05247434136702), 3: (91.0283720576937, 66.41290099509838), 5: (93.84901933720043, 61.17566647035456), 6: (104.06884495839218, 42.1688521219369), 12: (98.91955487233845, 56.579192770976626), 11: (74.66397356118821, 54.24429553330555)}
solType: IP_Optimal
lowerBound: 357.90004130389025
upperBound: 357.90011143509213
Path: 
50 50
50.1591 42.2975
39.5267 35.0949
45.6082 22.4136
38.6211 2.1836
35.658 2.6432
26.0785 -12.3778
17.7635 25.7804
34.3842 40.914
33.4157 42.8469
25.2454 59.1509
20.3 69.0197
31.6553 92.1376
82.0644 83.0525
91.0284 66.4129
93.849 61.1757
104.0688 42.1689
98.9196 56.5792
74.664 54.2443
50 50
