OFV: 392.88648350837764
Runtime: 0.09193486289586872
Gap: None
repPt: {0: (50, 50), 3: (58.32505592012608, 47.38692082087058), 4: (34.807974224342686, 46.31727800810213), 13: (49.16987232838701, 19.452167507902423), 14: (47.36793147751723, 32.26727875814537), 2: (47.32405230849866, 32.580192050961884), 1: (57.73044056182371, 15.831264922922884), 6: (70.39468432346125, -14.927506514594551), 5: (73.21266076339168, 8.65540287758989), 7: (74.78306274276733, 21.78739198663423), 8: (90.04340700752167, 18.999685770567254), 18: (107.40920927890836, 21.63487766744831), 17: (87.10089526040541, 28.099326654323338), 16: (77.74993430961439, 42.043840865442974), 15: (69.39999065612034, 54.49295641317635), 10: (83.35828524757903, 75.08848185570645), 9: (78.8700053525706, 97.1566999730452), 12: (59.66420421503823, 115.69896740251185), 11: (54.246946227318645, 97.43832602331571)}
lowerBound: 392.8762489459175
upperBound: 392.88648350837764
solType: IP_Optimal
Path: 
50 50
58.3251 47.3869
34.808 46.3173
49.1699 19.4522
47.3679 32.2673
47.3241 32.5802
57.7304 15.8313
70.3947 -14.9275
73.2127 8.6554
74.7831 21.7874
90.0434 18.9997
107.4092 21.6349
87.1009 28.0993
77.7499 42.0438
69.4 54.493
83.3583 75.0885
78.87 97.1567
59.6642 115.699
54.2469 97.4383
50 50
