OFV: 420.21572277746327
Runtime: 0.02322285808622837
Gap: None
repPt: {0: (50, 50), 3: (61.403843997222324, 82.35168530206775), 4: (55.89877419573199, 105.26151239424561), 11: (86.19525060468386, 80.62235758070912), 12: (103.32702557511085, 66.7362781826555), 5: (97.57188761981908, 48.46189127886604), 6: (86.8215518159862, 40.774650229700164), 10: (83.82908871745458, 25.638143908260847), 9: (52.27507743010585, 10.519487999665456), 13: (25.14438433782552, 3.5787163990712356), 14: (1.9650104269497877, 28.474635724371456), 8: (-14.715784836482634, -24.943620537519763), 7: (1.7856315966181249, 4.6924474324735055), 2: (5.163269445993064, 10.752047782326937), 1: (24.184214959607335, 28.54992553895191)}
lowerBound: 420.21568800529906
upperBound: 420.21572277746327
solType: IP_Optimal
Path: 
50 50
61.4038 82.3517
55.8988 105.2615
86.1953 80.6224
103.327 66.7363
97.5719 48.4619
86.8216 40.7747
83.8291 25.6381
52.2751 10.5195
25.1444 3.5787
1.965 28.4746
-14.7158 -24.9436
1.7856 4.6924
5.1633 10.752
24.1842 28.5499
50 50
