OFV: 977.136598070386
Runtime: 112.62083008501213
Gap: None
Path: 
50 50
57.6108 57.771
48.1524 65.1904
45.0296 67.636
61.7015 93.6099
62.7206 101.5678
64.4683 115.2842
35.4796 122.5941
18.8495 105.2672
13.8212 95.8226
5.5213 80.2375
4.6683 78.6325
5.0836 78.5287
15.861 75.8573
19.4478 80.0956
25.052 86.7228
14.9919 66.5783
20.3896 69.057
27.4935 72.3146
45.2442 79.5823
51.1619 82.0089
59.8009 72.9969
58.5718 66.762
37.1487 55.1195
31.0821 54.0401
27.3222 53.3726
24.2205 48.2709
16.2726 35.2173
11.736 31.2408
5.3011 25.5964
17.4951 23.7055
26.0985 22.3692
37.5277 46.2965
31.0482 32.9685
56.3764 30.7739
62.3774 30.2577
46.9879 15.7839
38.8055 0.039
30.2542 4.0751
40.0688 12.5624
76.0833 14.4476
77.563 14.5245
94.3818 26.3838
92.1851 26.0017
79.1539 23.7183
70.3774 22.185
58.636 20.13
60.0074 19.0103
78.3442 4.0124
86.5782 -2.7193
97.5464 -11.6876
97.5419 -10.9942
97.4813 1.9261
97.4396 9.6252
99.1343 14.7853
103.5121 28.1473
101.7491 37.9975
100.8365 43.0803
92.6961 60.3878
91.8483 62.1855
87.2435 71.9767
78.4489 83.1861
78.4777 83.0977
79.6028 79.6097
72.2328 73.5742
68.3945 70.4351
83.3373 60.4072
87.2507 57.7817
77.7996 39.9383
80.3619 34.8011
86.7637 32.3473
101.1364 26.8209
107.3137 24.4538
80.2797 -13.5271
62.4222 2.9215
62.4222 2.9215
73.3823 21.1562
75.0026 33.2382
73.5913 40.2523
72.7886 44.242
57.0355 48.1449
50 50
