OFV: 359.54018987650767
Runtime: 162.20110900799045
Gap: 0.0
repPt: {0: (50, 50), 9: (51.48253652500915, 42.961092747380256), 10: (39.90354237696294, 47.0213870372673), 3: (35.264037071681976, 48.64860041754721), 4: (37.52776637065295, 19.394625691850546), 15: (64.90573610848654, 10.106379060886432), 16: (90.8603958968219, 3.3476987850015476), 2: (106.1744719338683, -0.6423270697318413), 1: (97.19038641470033, 22.561072221665363), 7: (77.0322170543424, 74.61574644036152), 8: (66.80685976692075, 101.0214221188707), 12: (40.78272436171606, 102.28424618110172), 11: (14.490822942786629, 92.42390305591677), 5: (13.894599666484329, 72.7911015772897), 6: (13.472574271470185, 58.936325820313265), 13: (28.406236669539787, 55.282433813553475), 14: (49.90002148786217, 50.024329825269604)}
solType: IP_Optimal
lowerBound: 359.5402075585985
upperBound: 359.54018987650767
Path: 
50 50
51.4825 42.9611
39.9035 47.0214
35.264 48.6486
37.5278 19.3946
64.9057 10.1064
90.8604 3.3477
106.1745 -0.6423
97.1904 22.5611
77.0322 74.6157
66.8069 101.0214
40.7827 102.2842
14.4908 92.4239
13.8946 72.7911
13.4726 58.9363
28.4062 55.2824
49.9 50.0243
50 50
