OFV: 370.08477256740036
Runtime: 3602.0980253730013
Gap: 0.13246605855921523
repPt: {0: (50, 50), 1: (40.917202691533625, 7.369622953305491), 2: (46.74332157659539, 1.4778477359980968), 18: (58.569928253927316, 18.032749738060687), 17: (71.40142622942649, 35.98802567239225), 11: (91.7109249192079, 40.79121647432477), 12: (69.78469865277077, 48.62899133489437), 13: (68.60477024049382, 42.441300585654474), 4: (70.08204248916279, 62.52034115714064), 14: (72.24994214526332, 69.67856382387524), 3: (77.2408595692273, 86.17999871815309), 5: (77.10602139819525, 86.18235587532556), 6: (63.3574012476993, 86.43972597631226), 7: (63.43785130356376, 89.49013033114579), 8: (63.86733394785694, 106.21639946835187), 20: (63.896705270381304, 107.32333630548641), 19: (38.031983492980594, 94.87693275567027), 9: (35.78969274765437, 95.53642192228253), 10: (15.375888793094553, 101.53162820135047), 15: (11.751182222018954, 94.90756561384556), 16: (-2.661930382917773, 68.600763797797)}
solType: IP_TimeLimit
lowerBound: 321.06110141261325
upperBound: 370.08477256740036
Path: 
50 50
40.9172 7.3696
46.7433 1.4778
58.5699 18.0327
71.4014 35.988
91.7109 40.7912
69.7847 48.629
68.6048 42.4413
70.082 62.5203
72.2499 69.6786
77.2409 86.18
77.106 86.1824
63.3574 86.4397
63.4379 89.4901
63.8673 106.2164
63.8967 107.3233
38.032 94.8769
35.7897 95.5364
15.3759 101.5316
11.7512 94.9076
-2.6619 68.6008
50 50
