OFV: 692.4819354986768
Runtime: 0.2752116520423442
Gap: None
repPt: {0: (50, 50), 18: (38.91703156234556, 43.19770966382223), 17: (22.07865580058482, 39.98781872598646), 3: (16.784704908120073, 38.981142920623945), 4: (25.800109517800898, 53.07436613936132), 10: (13.719363019555413, 71.24908440889998), 9: (6.874720843580896, 81.54137260114706), 39: (28.15204947021182, 82.47080925885015), 40: (56.8349762338745, 67.56686603013101), 23: (46.32237491799077, 97.58479536426557), 24: (64.88796125871045, 93.06858130731126), 11: (78.1738264259545, 89.83797340496807), 12: (92.046236668887, 115.81075190528078), 28: (100.12863338231143, 91.4690533624719), 27: (90.10238897876852, 83.64096230928693), 7: (91.51824530769547, 80.26084802038478), 8: (97.22848274470394, 66.57696046024839), 13: (97.73717794913128, 65.36408430197754), 14: (99.62643304086204, 87.10916827205611), 1: (99.77762190763322, 87.01245399206704), 2: (122.0717242682955, 72.78512482696831), 38: (129.230906652288, 19.740488171607424), 37: (99.31804457306889, 16.27568590765713), 22: (103.66723701534141, 26.04869271833939), 21: (98.86486597193532, 3.8902488207501964), 6: (100.84081037765182, 2.0300724006956026), 5: (93.41729346509241, 17.900049844403227), 34: (87.95553895578628, 5.871894259666647), 33: (56.69247001711006, 7.857259349677691), 20: (47.49439804827011, 19.484159488978356), 19: (32.703613127322235, 12.755766758334918), 25: (32.57420206024737, 12.696562455398466), 26: (51.900016308347276, 31.60989190667694), 35: (46.55798262798119, 36.91598680970312), 36: (70.84531999006295, 14.096009695332421), 30: (75.2568731844147, 19.189993173733484), 29: (70.7734090692863, 9.79910171693901), 16: (69.93429381776978, 11.801174645066768), 15: (64.06917263455259, 25.828968374386843), 32: (65.24192076550727, 36.500232811738435), 31: (57.69177302396428, 52.354059801383215)}
lowerBound: 692.4819026407681
upperBound: 692.4819354986768
solType: IP_Optimal
Path: 
50 50
38.917 43.1977
22.0787 39.9878
16.7847 38.9811
25.8001 53.0744
13.7194 71.2491
6.8747 81.5414
28.152 82.4708
56.835 67.5669
46.3224 97.5848
64.888 93.0686
78.1738 89.838
92.0462 115.8108
100.1286 91.4691
90.1024 83.641
91.5182 80.2608
97.2285 66.577
97.7372 65.3641
99.6264 87.1092
99.7776 87.0125
122.0717 72.7851
129.2309 19.7405
99.318 16.2757
103.6672 26.0487
98.8649 3.8902
100.8408 2.0301
93.4173 17.9
87.9555 5.8719
56.6925 7.8573
47.4944 19.4842
32.7036 12.7558
32.5742 12.6966
51.9 31.6099
46.558 36.916
70.8453 14.096
75.2569 19.19
70.7734 9.7991
69.9343 11.8012
64.0692 25.829
65.2419 36.5002
57.6918 52.3541
50 50
