OFV: 144.11739430962427
Runtime: 10.096004293998703
Gap: 2.649065358391362e-08
repPt: {0: (50, 50), 7: (62.85070897043442, 52.02151480158468), 8: (57.10993982071033, 60.11920724774089), 10: (54.19452126189016, 61.00146540258143), 9: (44.204386685091386, 64.02260413001204), 5: (26.56935008615982, 50.09409354572625), 6: (24.295260574940286, 43.88617417441192), 1: (18.438056036542868, 30.277407642772566), 2: (12.551868860175736, 39.52511790160928), 4: (7.195186605954201, 47.9412176092365), 3: (36.80959069793378, 48.98910157214413)}
solType: IP_Optimal
lowerBound: 144.1173904918603
upperBound: 144.11739430962427
Path: 
50 50
62.8507 52.0215
57.1099 60.1192
54.1945 61.0015
44.2044 64.0226
26.5694 50.0941
24.2953 43.8862
18.4381 30.2774
12.5519 39.5251
7.1952 47.9412
36.8096 48.9891
50 50
