OFV: 968.7084251877538
Runtime: 63.50878624105826
Gap: None
Path: 
50 50
50.4343 50.0502
78.2952 53.2936
78.1456 54.1567
72.1419 88.924
76.5757 89.2544
83.2318 89.7489
87.7882 90.0887
92.9181 90.471
100.2826 91.0186
104.0295 85.271
105.4067 83.1597
95.0694 70.3962
90.1588 64.339
84.6833 95.7801
68.754 118.3125
58.1545 97.6407
49.9352 81.6099
29.2887 52.9633
30.8201 50.0899
34.0107 44.0956
37.6396 49.7003
43.9554 59.4579
39.387 63.3
12.0594 76.4492
6.6289 79.0598
8.3824 79.2548
13.5015 79.8284
18.2263 81.9062
21.8932 83.5167
24.4278 84.6323
25.3155 85.0235
27.998 83.1528
34.6014 69.5407
69.4371 59.8871
68.5074 55.3132
66.6959 46.3859
64.1467 39.6368
58.7974 25.4605
59.1418 24.7
84.0766 7.3484
91.2293 5.5297
73.3376 9.2964
71.8346 9.6141
67.8406 -9.5467
64.8738 -8.5071
31.6636 3.1086
30.8172 3.1777
40.6349 -11.3813
52.4116 -14.1221
56.5736 1.9082
62.8165 1.3384
57.1671 11.6037
57.1671 11.6037
65.4622 14.5652
72.3459 17.0228
89.9269 23.3001
95.8908 21.2397
93.3927 14.2768
101.0064 10.9472
95.2846 35.7078
96.6658 39.1325
80.6796 17.3614
77.73 19.791
58.7568 35.4059
57.305 34.431
37.9456 21.4549
30.1205 16.2073
22.7345 11.2539
18.1256 8.1616
12.994 21.8275
7.9847 35.1677
6.4753 56.251
15.962 46.7527
32.8851 36.7987
32.8818 36.8284
30.6895 56.8546
34.6138 63.5555
38.6868 70.5101
39.0925 71.2011
52.5285 45.8465
50 50
