OFV: 330.5891823777341
Runtime: 3601.2456576360273
Gap: 0.07410976493856733
repPt: {0: (50, 50), 10: (48.32785930708343, 43.108094707451336), 9: (41.48640562443748, 34.68398693187751), 1: (43.62949608394135, 23.341932037506385), 2: (35.04117677080511, 1.2269924205674916), 7: (34.846372974699825, 0.954261338942596), 8: (26.695952105076074, -10.461715916654567), 16: (19.78939452100156, 25.59585113292782), 15: (32.39476869569888, 41.147947120381296), 17: (31.425313601837342, 43.789764839493394), 18: (26.027660032378744, 58.50081044885177), 14: (22.29269094762462, 68.6801953364912), 13: (32.58271256104471, 90.36539155891269), 4: (80.97366690491926, 81.37386316336222), 3: (90.25188261120756, 65.4966150960883), 5: (92.91613714106042, 60.93701459001962), 6: (102.91188479591189, 43.831847493611725), 12: (98.07539451934754, 54.75209464229292), 11: (74.67484809129432, 52.43861779236287)}
solType: IP_TimeLimit
lowerBound: 306.0892957804871
upperBound: 330.5891823777341
Path: 
50 50
48.3279 43.1081
41.4864 34.684
43.6295 23.3419
35.0412 1.227
34.8464 0.9543
26.696 -10.4617
19.7894 25.5959
32.3948 41.1479
31.4253 43.7898
26.0277 58.5008
22.2927 68.6802
32.5827 90.3654
80.9737 81.3739
90.2519 65.4966
92.9161 60.937
102.9119 43.8318
98.0754 54.7521
74.6748 52.4386
50 50
