OFV: 325.46122236956
Runtime: 5.640448397025466
Gap: 2.2964027328541712e-07
repPt: {0: (50, 50), 8: (42.02949783032329, 47.87624561430614), 7: (26.839783213824184, 30.10914370861438), 12: (31.246243218094158, 2.8399187906776664), 11: (56.98809542094886, 6.535516113224784), 5: (93.4632507869904, 11.77224994961025), 6: (106.29875163901676, 41.02834185929534), 3: (70.06025752459853, 79.95530950372107), 4: (46.15264197484355, 91.34176737342167), 10: (25.89084570011568, 96.95167605153745), 9: (11.842286980040274, 78.99703286247231), 1: (20.79937229684056, 72.18848901366631), 13: (24.34974496305494, 69.49038236968765), 2: (40.17954096619188, 57.4603627866742), 14: (49.547855169621485, 50.34339017853362)}
solType: IP_Optimal
lowerBound: 325.46114763055596
upperBound: 325.46122236956
Path: 
50 50
42.0295 47.8762
26.8398 30.1091
31.2462 2.8399
56.9881 6.5355
93.4633 11.7722
106.2988 41.0283
70.0603 79.9553
46.1526 91.3418
25.8908 96.9517
11.8423 78.997
20.7994 72.1885
24.3497 69.4904
40.1795 57.4604
49.5479 50.3434
50 50
