OFV: 521.0929829359657
Runtime: 353.5321446489979
Gap: 0.0
repPt: {0: (50, 50), 6: (43.84155560203026, 53.60505331627228), 5: (32.49389439819591, 60.24657784479015), 20: (27.377141365841254, 64.18636709159232), 19: (10.654995323584489, 77.05682832310345), 1: (9.5918340953475, 70.23990663247442), 2: (5.069993521475088, 41.284722535863246), 13: (2.6003094564865714, 25.462271419152383), 14: (-14.513291085397743, 15.964394865869739), 9: (4.920690479399839, 8.625588693628343), 10: (18.966648556079644, -17.00300925604259), 18: (63.1867303762762, -5.20771382711583), 17: (58.60673324080225, 21.082897058300862), 12: (59.05174339437983, 18.799738288376595), 11: (65.26738874772627, 47.583691427335246), 8: (66.52413720439507, 53.40710087453566), 7: (87.50191905098086, 32.65637656483759), 3: (95.80835564791059, 24.43680648495453), 4: (123.25537158013235, 12.426425371607316), 16: (80.94820553243513, 107.72044726433845), 15: (62.6044999694909, 80.83349940807169)}
solType: IP_Optimal
lowerBound: 521.0930736669236
upperBound: 521.0929829359657
Path: 
50 50
43.8416 53.6051
32.4939 60.2466
27.3771 64.1864
10.655 77.0568
9.5918 70.2399
5.07 41.2847
2.6003 25.4623
-14.5133 15.9644
4.9207 8.6256
18.9666 -17.003
63.1867 -5.2077
58.6067 21.0829
59.0517 18.7997
65.2674 47.5837
66.5241 53.4071
87.5019 32.6564
95.8084 24.4368
123.2554 12.4264
80.9482 107.7204
62.6045 80.8335
50 50
