OFV: 367.42852579506064
Runtime: 0.012850024970248342
Gap: None
repPt: {0: (50, 50), 9: (93.88455601643945, 21.630496217648783), 10: (94.64214139520922, -6.444504833193665), 6: (16.452795752582887, 14.523765115492072), 5: (7.5777090071183775, 4.656356310822524), 7: (3.6640836720900958, 3.0719417118902217), 8: (-1.2820742287799018, 23.096797033773363), 2: (-13.01370380202918, 73.95175134373066), 1: (10.913947418517012, 65.21106007703251), 4: (3.6165387956516613, 60.80270814786318), 3: (38.343154390536554, 58.3562890168623), 12: (41.07518901187142, 74.6845087030148), 11: (51.0586804454819, 68.87753027361946)}
lowerBound: 367.4284900690071
upperBound: 367.42852579506064
solType: IP_Optimal
Path: 
50 50
93.8846 21.6305
94.6421 -6.4445
16.4528 14.5238
7.5777 4.6564
3.6641 3.0719
-1.2821 23.0968
-13.0137 73.9518
10.9139 65.2111
3.6165 60.8027
38.3432 58.3563
41.0752 74.6845
51.0587 68.8775
50 50
