OFV: 355.2779355044737
Runtime: 4.442186950996984
Gap: -1.6298336369379377e-07
repPt: {0: (50, 50), 11: (25.118364704386188, 51.492878465345576), 12: (1.8763693604081721, 52.8818472375056), 10: (56.01222813679319, -22.615052178046547), 9: (70.06113697513668, 5.29024651352276), 6: (76.83937023621581, 8.829237002918259), 5: (97.09535891984112, 29.12144786603504), 7: (100.01437093890011, 28.07538243155158), 8: (118.3131473118919, 21.541691869178056), 1: (85.51398305998758, 34.15115529305647), 3: (93.16799610668318, 44.05675159935273), 2: (100.48653286503541, 54.52623764735744), 4: (97.61485006509986, 66.36529132736942), 14: (82.75330973431915, 66.33482368900255), 13: (68.10746071958107, 59.030781424723564)}
solType: IP_Optimal
lowerBound: 355.2779934088667
upperBound: 355.2779355044737
Path: 
50 50
25.1184 51.4929
1.8764 52.8818
56.0122 -22.6151
70.0611 5.2902
76.8394 8.8292
97.0954 29.1214
100.0144 28.0754
118.3131 21.5417
85.514 34.1512
93.168 44.0568
100.4865 54.5262
97.6149 66.3653
82.7533 66.3348
68.1075 59.0308
50 50
