OFV: 298.4931628187157
Runtime: 224.00905196001986
Gap: 0.0
repPt: {0: (50, 50), 8: (98.88247928312805, 93.62376517499143), 7: (87.7462635758593, 89.63536367768529), 10: (65.79702054032947, 81.77105950929197), 9: (48.59416505175095, 75.60802708044787), 12: (37.16749524004522, 71.51377312452607), 11: (12.861903889301267, 62.805630252425615), 14: (-11.397979257137543, 59.67334614735125), 13: (7.796178067067646, 39.66438318304758), 5: (34.351526038221486, 33.169610962596536), 6: (67.054431006997, 34.91939311126056), 1: (66.59466603945857, 38.952101344919996), 2: (65.58062863015829, 47.849801862213155), 4: (65.58062551268642, 47.84980426699367), 3: (59.410286751097814, 46.5813775716939)}
solType: IP_Optimal
lowerBound: 298.4931658084317
upperBound: 298.4931628187157
Path: 
50 50
98.8825 93.6238
87.7463 89.6354
65.797 81.7711
48.5942 75.608
37.1675 71.5138
12.8619 62.8056
-11.398 59.6733
7.7962 39.6644
34.3515 33.1696
67.0544 34.9194
66.5947 38.9521
65.5806 47.8498
65.5806 47.8498
59.4103 46.5814
50 50
