OFV: 238.25315872210177
Runtime: 1.6734164860099554
Gap: 4.26825961787987e-08
repPt: {0: (50, 50), 7: (12.939933623868178, 28.74077173513918), 8: (4.993070156610414, 24.606042828432848), 6: (9.56309359554216, 33.01041311672062), 5: (25.180802484802502, 61.73253496779653), 9: (37.555282191831715, 82.45017711173575), 10: (51.76296262096132, 106.23792307013237), 4: (44.637771731600495, 65.4097353851334), 3: (67.88452907727694, 61.22453759370367), 1: (64.2091129664919, 57.798440329357504), 2: (51.147926414300656, 45.623510146537214)}
solType: IP_Optimal
lowerBound: 238.2531485528384
upperBound: 238.25315872210177
Path: 
50 50
12.9399 28.7408
4.9931 24.606
9.5631 33.0104
25.1808 61.7325
37.5553 82.4502
51.763 106.2379
44.6378 65.4097
67.8845 61.2245
64.2091 57.7984
51.1479 45.6235
50 50
