OFV: 365.96211333218986
Runtime: 13.193739158974495
Gap: -9.438951033575846e-08
repPt: {0: (50, 50), 13: (46.321185654423914, 26.713718803820854), 14: (36.78470913692386, 18.35256063562538), 5: (37.795265087747815, 10.989207791027845), 6: (51.54831783038501, -3.202298857325398), 10: (101.66079910104263, 55.1421547678412), 9: (89.57083144865523, 59.59676756949978), 3: (59.597566022758336, 70.64411112541882), 4: (40.7829938112312, 91.4128093429718), 12: (-5.554667993350778, 114.4284550394834), 11: (6.407518906568549, 100.445778542471), 8: (9.6949254264755, 96.60815955697267), 7: (9.516248242713967, 86.66043744013467), 1: (31.627602618511986, 60.127680832165495), 2: (50.13951534638438, 64.12554616568143)}
solType: IP_Optimal
lowerBound: 365.96214787517454
upperBound: 365.96211333218986
Path: 
50 50
46.3212 26.7137
36.7847 18.3526
37.7953 10.9892
51.5483 -3.2023
101.6608 55.1422
89.5708 59.5968
59.5976 70.6441
40.783 91.4128
-5.5547 114.4285
6.4075 100.4458
9.6949 96.6082
9.5162 86.6604
31.6276 60.1277
50.1395 64.1255
50 50
