OFV: 316.979764884074
Runtime: 0.030841246945783496
Gap: None
repPt: {0: (50, 50), 1: (65.90082298863793, 75.67026054903738), 2: (52.4247493417526, 99.93348064554324), 10: (54.4829764039727, 99.52560687988861), 9: (80.21112078550644, 94.43933801629818), 3: (79.1495386872937, 97.25805673192575), 4: (74.86000542912569, 108.6259795751063), 6: (103.656722081071, 64.75695907735427), 5: (71.93869971308122, 53.51682446389452), 8: (71.77640083156992, 53.459248151388856), 7: (64.54331530710296, 41.92182546670812), 12: (40.47650461335776, 11.08219695856731), 11: (27.20843505781698, 5.492750084816531), 14: (17.525568454762848, 11.26411536384616), 13: (31.106214143359054, 31.68130973824514)}
lowerBound: 316.9797518363937
upperBound: 316.979764884074
solType: IP_Optimal
Path: 
50 50
65.9008 75.6703
52.4247 99.9335
54.483 99.5256
80.2111 94.4393
79.1495 97.2581
74.86 108.626
103.6567 64.757
71.9387 53.5168
71.7764 53.4592
64.5433 41.9218
40.4765 11.0822
27.2084 5.4928
17.5256 11.2641
31.1062 31.6813
50 50
