OFV: 857.2934839568082
Runtime: 238.32474997802638
Gap: None
Path: 
50 50
27.6983 54.2393
33.6377 63.9947
39.5162 73.6496
41.1354 76.3058
45.8537 84.0538
52.6051 104.1676
49.0285 118.3453
33.2133 105.2096
30.0134 102.5495
11.3953 86.5971
6.8886 82.7389
7.4611 55.4818
7.569 50.408
12.9064 46.6981
16.875 43.9402
16.935 43.8987
25.6637 49.4838
34.2602 54.985
40.6343 56.1461
46.0712 57.1359
49.8015 57.8146
63.6312 60.3397
69.4773 61.4044
78.5622 63.0617
79.6833 69.0775
83.2735 88.3159
87.1306 88.3176
108.9156 88.3175
115.7344 83.607
98.0708 65.3214
97.8377 67.504
97.4871 70.7756
97.4736 70.904
84.9542 83.6061
84.9279 83.6327
85.1037 84.4198
88.6 100.1182
87.2001 106.5546
73.4764 94.5822
62.7272 87.5542
67.7017 79.3933
83.3357 53.7286
80.769 37.092
80.1796 37.2275
67.153 36.607
59.6177 36.2486
54.8506 36.0224
44.3536 30.8505
34.4649 25.9786
31.6932 6.2292
30.0484 -5.5044
29.8633 -2.8018
24.5845 7.3159
19.8072 16.472
13.3968 15.1274
5.7584 32.4321
11.8261 24.9876
20.4067 23.2256
27.2719 21.8167
41.2996 17.5299
52.0342 14.25
49.7117 25.3177
64.0122 23.2935
68.5664 26.5979
71.5198 25.7077
95.5555 18.4763
109.0679 15.5394
101.8794 18.906
101.2811 19.1853
101.2811 19.1854
108.4605 30.4461
116.2457 42.658
117.0893 48.2709
98.5933 57.4981
102.8347 50.1126
95.519 48.7028
91.7443 47.9759
81.4765 45.9964
75.5628 46.7502
61.767 48.5028
50 50
