OFV: 731.733341750681
Runtime: 12.90294383408036
Gap: None
repPt: {0: (50, 50), 41: (46.66598051904369, 58.18928615850299), 42: (52.407887760033894, 88.34679914092757), 36: (51.29050833235914, 89.47119346735052), 35: (40.410492892646666, 100.39691009759646), 28: (17.99700542054461, 122.89957210287955), 27: (17.382312361662695, 95.64189826561037), 9: (19.5946908427925, 93.47616484967972), 10: (39.50048011506782, 89.30072293408895), 4: (39.50046794303837, 89.3007210233895), 3: (39.429611039301314, 83.40097814006117), 57: (39.93627633310447, 84.04280089727548), 58: (40.56526827597561, 67.66728660803196), 2: (29.495665774380317, 63.47440982377471), 1: (29.699788045564755, 52.26219208739383), 12: (33.60653314398495, 44.41659964861983), 11: (28.597685723335623, 39.663513385882325), 43: (29.214709264598625, 42.24418815227922), 44: (29.42273658182359, 20.744811652962913), 54: (26.02374728143856, 34.52417355113774), 53: (7.869506531170761, 29.14035340499424), 21: (8.220974082812772, 29.70104541582905), 22: (21.815714521276583, 9.532477437108959), 33: (20.762108653909827, 5.009388447160478), 34: (32.79338152228381, -7.861154218078807), 40: (46.507575829532065, -2.235971370682468), 39: (40.81541170470066, 24.294488496720053), 49: (40.78040839938522, 24.457295479444355), 50: (45.36404736734404, 11.202535311505432), 19: (45.36404808293935, 11.2025575974878), 20: (65.92620736294906, 6.742308932681039), 45: (65.92617379724938, 6.742232125452658), 46: (73.86646003974197, 6.484804478122063), 7: (66.69848654518283, 15.76795132616871), 8: (87.69399610731139, 6.354823519081873), 16: (88.59079499510091, 6.532149766445599), 15: (84.03564770293264, 15.266600664604368), 17: (83.84588290729782, 15.631026003116405), 18: (96.09051791176331, 23.14269102426068), 24: (99.24780969088864, 31.683268767648734), 23: (92.66448213266001, 41.55356559706654), 25: (90.48052383800555, 43.42181121781363), 26: (106.76215232851152, 62.24705914629605), 37: (101.07332326429486, 56.42605884138868), 38: (117.86951419343919, 72.52368417565968), 60: (115.34433346081201, 82.40120053238124), 59: (99.87672040516517, 83.30962648518484), 14: (98.40792809952626, 77.97491583208496), 13: (90.85241432646085, 94.10626515657133), 6: (89.62997338393482, 96.71321798757772), 5: (81.3578073512414, 71.28065348912928), 51: (78.7732937058295, 63.343201418660946), 52: (80.7083624408657, 80.9805691939241), 30: (72.73813957198112, 84.11615703469407), 29: (63.41532890937565, 63.41058546155916), 48: (67.79765403156904, 64.20312977922771), 47: (60.899229350625596, 50.403867691517256), 55: (61.14846574665762, 49.9401780525439), 56: (68.31291505469935, 36.62502231371179), 32: (65.04477245178168, 31.998502763963526), 31: (59.18623099220183, 41.062533929120804)}
lowerBound: 731.7332215320115
upperBound: 731.733341750681
solType: IP_Optimal
Path: 
50 50
46.666 58.1893
52.4079 88.3468
51.2905 89.4712
40.4105 100.3969
17.997 122.8996
17.3823 95.6419
19.5947 93.4762
39.5005 89.3007
39.5005 89.3007
39.4296 83.401
39.9363 84.0428
40.5653 67.6673
29.4957 63.4744
29.6998 52.2622
33.6065 44.4166
28.5977 39.6635
29.2147 42.2442
29.4227 20.7448
26.0237 34.5242
7.8695 29.1404
8.221 29.701
21.8157 9.5325
20.7621 5.0094
32.7934 -7.8612
46.5076 -2.236
40.8154 24.2945
40.7804 24.4573
45.364 11.2025
45.364 11.2026
65.9262 6.7423
65.9262 6.7422
73.8665 6.4848
66.6985 15.768
87.694 6.3548
88.5908 6.5321
84.0356 15.2666
83.8459 15.631
96.0905 23.1427
99.2478 31.6833
92.6645 41.5536
90.4805 43.4218
106.7622 62.2471
101.0733 56.4261
117.8695 72.5237
115.3443 82.4012
99.8767 83.3096
98.4079 77.9749
90.8524 94.1063
89.63 96.7132
81.3578 71.2807
78.7733 63.3432
80.7084 80.9806
72.7381 84.1162
63.4153 63.4106
67.7977 64.2031
60.8992 50.4039
61.1485 49.9402
68.3129 36.625
65.0448 31.9985
59.1862 41.0625
50 50
