OFV: 394.2631198492736
Runtime: 207.03563631197903
Gap: -1.4086434535838953e-07
repPt: {0: (50, 50), 14: (43.668340661640784, 61.96012154124527), 13: (62.78142099890529, 75.7042178855245), 5: (81.01311233140484, 88.81682412428175), 6: (91.71786980797066, 96.51748600842433), 11: (97.5381051396229, 93.66624088270824), 12: (114.28538582508568, 85.47505971726163), 3: (88.3303356246735, 8.308751424123226), 7: (65.96831740381973, 26.803719964241687), 4: (65.8288140364931, 24.829952376759202), 8: (64.6432174052741, 8.21416642596894), 16: (33.36637287859095, 5.614156148341147), 15: (10.329669764138666, 27.647365761415042), 17: (15.250524051829236, 11.757644472504836), 18: (16.338088369566254, 39.27320422402075), 1: (16.707464588539214, 48.66258570527056), 2: (31.661993919706106, 43.39085959917671), 10: (41.28907586099058, 38.65229625311054), 9: (54.881898995142265, 41.1416864156103)}
solType: IP_Optimal
lowerBound: 394.2631753868899
upperBound: 394.2631198492736
Path: 
50 50
43.6683 61.9601
62.7814 75.7042
81.0131 88.8168
91.7179 96.5175
97.5381 93.6662
114.2854 85.4751
88.3303 8.3088
65.9683 26.8037
65.8288 24.83
64.6432 8.2142
33.3664 5.6142
10.3297 27.6474
15.2505 11.7576
16.3381 39.2732
16.7075 48.6626
31.662 43.3909
41.2891 38.6523
54.8819 41.1417
50 50
