OFV: 283.9940480597952
Runtime: 0.3719695429317653
Gap: None
repPt: {0: (50, 50), 10: (48.953187380001445, 42.9335880856405), 9: (45.51991144440868, 19.759487348392728), 5: (45.072460808044944, 16.738669203585378), 6: (36.15831625879035, 16.890540649215076), 2: (15.694306618412673, 30.298494545902447), 1: (13.128972153612896, 19.42097051807315), 13: (9.966568220371947, 6.011210164389414), 14: (20.96273240854566, 7.10402229205628), 18: (32.85246628159698, 5.099803375045287), 17: (58.01306141237199, 8.95774652140911), 16: (72.06645191797647, 11.112518549162719), 15: (56.32406036454613, 30.403298329618984), 7: (56.32405701096911, 30.403297414260223), 8: (58.34921243254988, 39.48285616389171), 3: (60.700030514872154, 50.02066899317745), 4: (54.08573052515896, 80.51562679213829), 11: (38.74891725760817, 84.26602687276555), 12: (49.395421034060064, 66.78788149218894)}
lowerBound: 283.9940189592417
upperBound: 283.9940480597952
solType: IP_Optimal
Path: 
50 50
48.9532 42.9336
45.5199 19.7595
45.0725 16.7387
36.1583 16.8905
15.6943 30.2985
13.129 19.421
9.9666 6.0112
20.9627 7.104
32.8525 5.0998
58.0131 8.9577
72.0665 11.1125
56.3241 30.4033
56.3241 30.4033
58.3492 39.4829
60.7 50.0207
54.0857 80.5156
38.7489 84.266
49.3954 66.7879
50 50
