OFV: 306.93448322897723
Runtime: 106.2982029914856
Gap: 0
repPt: {0: (50, 50), 1: (51.85883368706124, 46.07443724130545), 2: (68.3132413562116, 56.11639925208622), 3: (60.04024276153808, 59.42266936067497), 4: (25.510827831467758, 70.54470449945649), 5: (25.257973650317453, 3.5308195976709964), 6: (17.079430913221877, 23.53585079556123), 7: (62.24222682477972, 64.75180699534627), 8: (88.58510284789524, 48.97644530955436), 9: (1.3227416205647224, 84.41502161489339), 10: (-6.800107833847541, 69.37429796309937), 11: (39.948965223374906, 22.66086482211874), 12: (16.93646926607048, 20.068560317565808)}
solType: IP_Optimal
lowerBound: 306.93429515811255
upperBound: 306.93448322897723
Path: 
50 50
39.949 22.6609
16.9365 20.0686
25.258 3.5308
17.0794 23.5359
-6.8001 69.3743
1.3227 84.415
25.5108 70.5447
60.0402 59.4227
62.2422 64.7518
88.5851 48.9764
68.3132 56.1164
51.8588 46.0744
50 50
