OFV: 404.77812703900315
Runtime: 27.50044092501048
Gap: 2.1435898767121845e-09
repPt: {0: (50, 50), 6: (52.312066565782466, 39.7763630930165), 9: (36.723118023555585, 37.22299300934972), 5: (36.47115083185897, 38.15076974951593), 10: (64.34097561127675, 54.08183872957852), 14: (85.06147549796643, 85.90024593398927), 13: (96.214227805742, 67.77911912423477), 16: (105.88477273525905, 50.535126492617906), 15: (80.8767782861333, 52.87999883654158), 19: (71.04498960041492, 53.80261467204122), 20: (74.77300883720473, 21.810102937423032), 3: (72.51133188828636, 21.841373950006545), 4: (37.212974237000815, 22.3294899610857), 1: (18.11468550744346, 61.93951414598011), 2: (-5.505140541813042, 37.79278474751819), 12: (-7.773924350745445, 47.14629492489201), 11: (2.793319090843591, 40.18192775720501), 8: (4.952903952183507, 38.758794771609864), 7: (24.172136920741284, 26.101879183257175), 18: (26.00147300038233, 25.82894813922413), 17: (44.885978073594075, 46.35147324271557)}
solType: IP_Optimal
lowerBound: 404.77812617132486
upperBound: 404.77812703900315
Path: 
50 50
52.3121 39.7764
36.7231 37.223
36.4712 38.1508
64.341 54.0818
85.0615 85.9002
96.2142 67.7791
105.8848 50.5351
80.8768 52.88
71.045 53.8026
74.773 21.8101
72.5113 21.8414
37.213 22.3295
18.1147 61.9395
-5.5051 37.7928
-7.7739 47.1463
2.7933 40.1819
4.9529 38.7588
24.1721 26.1019
26.0015 25.8289
44.886 46.3515
50 50
