OFV: 405.1285649474837
Runtime: 0.5659688260000166
Gap: 0.0
repPt: {0: (50, 50), 7: (86.77309540846012, 36.52351325005927), 8: (101.89649214275558, 34.981234139327825), 4: (108.85819504852101, 12.268072706208976), 3: (80.48492454078662, 29.50120071143602), 12: (29.531511164542763, -5.564420535723842), 11: (26.265118139595693, 21.0713003095288), 9: (26.098944783567557, 22.425712365376363), 10: (16.0592060770209, 36.78874091053302), 5: (8.49320941183054, 57.3519688047113), 6: (-2.815089447848349, 68.10054134977631), 2: (34.797848799013565, 121.91481855252192), 1: (58.94654619680385, 98.87381727192715)}
solType: IP_Optimal
lowerBound: 405.12858343105273
upperBound: 405.1285649474837
Path: 
50 50
86.7731 36.5235
101.8965 34.9812
108.8582 12.2681
80.4849 29.5012
29.5315 -5.5644
26.2651 21.0713
26.0989 22.4257
16.0592 36.7887
8.4932 57.352
-2.8151 68.1005
34.7978 121.9148
58.9465 98.8738
50 50
