OFV: 291.39154547641476
Runtime: 0.26749674195889384
Gap: None
repPt: {0: (50, 50), 3: (57.93409986586671, 49.531426542813946), 4: (70.95750246830953, 48.76255755820671), 11: (76.8237205240848, 39.58266741164773), 12: (81.17303073805131, 60.86272233284653), 9: (92.96426029547196, 54.54351204276365), 10: (96.64555866528127, 46.2076559223981), 7: (100.30117690993104, 37.917441315410215), 8: (110.33725122463753, 27.62120003548834), 2: (64.2564832963702, -3.3656550631105207), 1: (53.60833585141479, 9.143135546795477), 15: (53.59556611259646, 9.098159780157246), 16: (44.15942461725817, -0.45147867361047034), 14: (37.521761165715056, 26.46930179728945), 13: (29.644367624531938, 58.42119896476756), 5: (28.393746961487068, 43.90143123374075), 6: (53.261987793123545, 44.56523493210142)}
lowerBound: 291.3914993309845
upperBound: 291.39154547641476
solType: IP_Optimal
Path: 
50 50
57.9341 49.5314
70.9575 48.7626
76.8237 39.5827
81.173 60.8627
92.9643 54.5435
96.6456 46.2077
100.3012 37.9174
110.3373 27.6212
64.2565 -3.3657
53.6083 9.1431
53.5956 9.0982
44.1594 -0.4515
37.5218 26.4693
29.6444 58.4212
28.3937 43.9014
53.262 44.5652
50 50
