OFV: 838.5570350713961
Runtime: 473.7268088910496
Gap: None
Path: 
50 50
48.5174 43.1106
50.5689 50.9987
52.6247 58.8979
58.8342 66.3339
63.9081 72.4093
66.5435 74.7192
73.4371 80.7594
90.0086 86.6173
90.0086 86.6173
85.9576 76.6864
87.3702 78.5605
102.1479 98.1687
96.8869 101.1364
68.9938 92.2233
70.1339 82.9049
71.8259 69.0577
72.8959 60.3118
73.4893 55.4619
74.8189 44.5857
74.9201 40.5897
75.0188 36.6867
75.1094 33.1098
75.1944 29.7509
75.2701 26.7668
72.3738 26.9792
62.3163 21.1341
54.5639 17.6903
56.6096 16.2262
58.3348 14.9915
63.2439 11.4768
74.5076 5.7025
75.0043 5.4478
76.4278 4.7182
80.7959 2.4789
91.7237 1.0017
96.743 0.3223
102.1895 -0.4148
100.8172 16.8873
100.0996 25.9249
101.1397 36.2168
101.1397 36.2168
104.7363 37.2721
114.2235 40.056
111.1502 45.5902
108.0128 51.2401
104.2076 58.0949
99.8881 65.8746
112.3938 65.5616
110.5726 63.1558
95.2822 42.9547
94.6176 41.87
93.8951 40.6906
90.7701 35.5879
89.5288 32.4078
87.7955 27.9667
85.2652 21.4822
82.6383 14.75
82.0843 13.3315
82.7602 10.5457
85.4181 -0.4106
88.0318 -11.1883
88.854 -14.577
55.9676 -0.8606
33.6172 8.4604
29.0228 10.3756
23.1545 25.7242
23.1224 25.7206
18.2652 25.1836
23.6397 29.5019
41.1455 32.3002
41.2492 29.1375
46.3972 33.7523
56.0004 42.3632
60.3104 46.2267
66.479 51.7566
65.376 55.6972
64.0213 60.5359
63.4044 62.7405
55.704 66.5844
34.6079 66.529
34.0137 66.5275
23.5641 66.5006
22.946 64.7234
20.5563 57.8528
16.7788 46.9957
14.2571 43.8662
11.5446 40.4997
18.6903 44.0975
20.5839 45.4412
37.0297 57.1137
47.3272 64.421
57.2464 71.4598
56.3913 75.0285
55.8703 77.2037
55.7977 77.5077
41.6798 81.8433
37.2652 83.1985
31.9247 84.8379
23.8949 87.303
22.3882 86.9344
50 50
