OFV: 360.8627268690488
Runtime: 0.033069025026634336
Gap: None
repPt: {0: (50, 50), 15: (35.92711717718833, 69.97745198782069), 16: (45.799003010169876, 70.77222547829199), 13: (53.6670156476534, 65.31218283436971), 14: (60.62829470526504, 75.73117029499163), 20: (55.440948688764415, 88.85078860207761), 19: (46.23973726938737, 101.0100427797442), 8: (39.86704458031968, 109.43225801355082), 7: (31.660970309093656, 91.05959788113198), 5: (32.483478912535624, 92.50232050040009), 6: (18.028492584722308, 72.69834869288562), 3: (16.513489445726364, 75.01712668450492), 4: (6.178617869756544, 51.45156931117342), 11: (4.3532783293476065, 47.285630636843074), 12: (-20.65817593896229, 42.11409187713668), 1: (1.000920324882074, 17.500493967105225), 2: (-6.507218813172329, -5.222224213153837), 9: (5.609501099510491, -0.89560494852741), 10: (26.69727219275449, -6.491296542118899), 18: (19.292387517050123, 2.575802049921877), 17: (34.535164931581704, 26.11692779219294)}
lowerBound: 360.86271439913236
upperBound: 360.8627268690488
solType: IP_Optimal
Path: 
50 50
35.9271 69.9775
45.799 70.7722
53.667 65.3122
60.6283 75.7312
55.4409 88.8508
46.2397 101.01
39.867 109.4323
31.661 91.0596
32.4835 92.5023
18.0285 72.6983
16.5135 75.0171
6.1786 51.4516
4.3533 47.2856
-20.6582 42.1141
1.0009 17.5005
-6.5072 -5.2222
5.6095 -0.8956
26.6973 -6.4913
19.2924 2.5758
34.5352 26.1169
50 50
