OFV: 326.9829725254642
Runtime: 51.75622729799943
Gap: 4.094422575296916e-08
repPt: {0: (50, 50), 6: (37.71839767944577, 59.44007658772864), 3: (47.01618919167046, 32.39697669395095), 5: (47.611165365039426, 30.666035525112136), 4: (45.78674222101902, 21.5099125850116), 7: (56.713055838160436, 27.303493210430677), 8: (74.86423869670361, 15.865224290732886), 9: (75.45883021010408, 15.490688230648516), 10: (81.65726130748176, 11.586457540068018), 11: (84.45264311976702, 20.7394067587058), 12: (99.03321403061507, 36.94647950315057), 1: (97.19993828039753, 43.57476259360493), 2: (104.94181225983674, 70.4830508339337), 13: (61.12220328350966, 97.16439264080961), 14: (42.47358735830496, 108.5131978413915), 15: (44.996776544717186, 64.65689992600409), 16: (68.69222522001772, 49.97307178443909)}
solType: IP_Optimal
lowerBound: 326.9829591373996
upperBound: 326.9829725254642
Path: 
50 50
37.7184 59.4401
47.0162 32.397
47.6112 30.666
45.7867 21.5099
56.7131 27.3035
74.8642 15.8652
75.4588 15.4907
81.6573 11.5865
84.4526 20.7394
99.0332 36.9465
97.1999 43.5748
104.9418 70.4831
61.1222 97.1644
42.4736 108.5132
44.9968 64.6569
68.6922 49.9731
50 50
