OFV: 848.7406249180548
Runtime: 3600.5536683079554
Gap: None
repPt: {0: (50, 50), 5: (49.01210529592275, 47.88686750852838), 6: (62.51410910781135, 39.46365950680994), 77: (68.82845596132819, 35.52573752096761), 78: (79.91866189717784, 28.606074139634586), 19: (82.92495021532457, 26.731393741054898), 20: (94.61492180278383, 19.439967726485147), 41: (94.6149234309743, 19.4399506565576), 42: (114.30653869199747, 30.298752241982086), 56: (107.89799504779192, 16.747064953947124), 55: (101.44548671641815, 3.697673015815094), 30: (101.19822175030555, 3.197091219781992), 29: (97.66009854295137, 9.424894604576213), 16: (97.65801807541193, 9.168266278786248), 15: (77.91354067476695, 14.429999359293227), 36: (77.56077168353652, 12.217047717789278), 35: (49.041544777892945, 17.46908800533486), 31: (51.900556582156696, 23.402873657182283), 32: (57.28533307750182, 13.690454431855926), 11: (56.183282046843914, 13.227039567152143), 12: (61.71994768253101, 7.927625443454042), 17: (62.26051188636725, 7.4105302309941745), 18: (77.52655851453763, -4.330632903922617), 2: (77.7442395303585, -2.6857456897575194), 1: (72.47553593952604, 11.466813592782614), 61: (72.35564950935229, 11.788716898357338), 62: (82.75882342537176, 13.504858491749726), 65: (82.75882145297132, 13.50485789253751), 66: (89.84673436833171, 38.42312316588159), 71: (89.65390294113178, 37.59870437678629), 72: (102.0900533788774, 53.18706837723366), 4: (99.20401052789222, 53.39044680989439), 3: (87.82266989749704, 54.193068423460346), 49: (88.87040973969391, 56.165229082886476), 50: (94.30058602959912, 66.39057632669181), 38: (94.30057850594775, 66.39057925257877), 37: (93.03507027051889, 83.54129930425582), 80: (106.62109397412208, 71.72701364700718), 79: (100.31140741782336, 90.79262565395065), 8: (100.31141733847394, 90.79262029775805), 7: (69.20488588363123, 85.86416970445792), 14: (64.34670354981681, 83.84421909615399), 13: (61.326643129808616, 82.58925030186745), 22: (61.32665414689148, 82.58924043642637), 21: (48.15246841684845, 96.706321240202), 76: (33.77222415151423, 112.11594642412254), 75: (25.93787285055373, 101.04559597104972), 68: (24.727137231629555, 101.76167047815353), 67: (10.063283685726978, 86.67385630804536), 73: (10.052475229912442, 86.66273595039823), 74: (25.702839645396107, 85.39936642635985), 59: (24.288166107874503, 85.36601890443404), 60: (31.976579664413396, 90.35510200996897), 54: (38.51916508076578, 88.15447949362807), 53: (31.339097862841108, 74.06413662300044), 10: (30.840865410948652, 73.08665262697745), 9: (25.571923626499387, 42.773676644009136), 70: (25.498606127535407, 32.57079571963182), 69: (19.13438719797375, 13.926171639102916), 45: (18.40481808297136, 11.789658895972511), 46: (26.029359854945593, 13.86113595708612), 25: (25.19140366676397, 12.446806528714871), 26: (30.232832184597182, 5.593660772311374), 40: (31.00433370016674, 4.545250881939433), 39: (16.93252457483275, 3.1390893541853413), 33: (18.19443822233177, 1.5146330114898912), 34: (34.21649343959326, -19.11371156453518), 48: (34.21647733384562, -19.113711945224082), 47: (10.606179027763652, -0.4476402220712199), 24: (7.682548156585023, 1.8644780159244956), 23: (6.149227380937283, 13.257545402810482), 63: (6.1492305975315595, 13.2575353205389), 64: (15.856663173850272, 36.73776467032745), 27: (16.330910381639487, 37.88406882464998), 28: (27.055593342233767, 63.8237258012456), 57: (27.055592827810997, 63.823715392221025), 58: (37.9823791036432, 67.93186141422146), 43: (32.80843637374991, 66.82849761623544), 44: (55.526155091516344, 69.42297247670287), 52: (44.82298851708983, 75.18640035910235), 51: (40.46918816295983, 51.76440007319698)}
lowerBound: 833.8825802001619
upperBound: 848.7406249180548
solType: IP_TimeLimit
Path: 
50 50
49.0121 47.8869
62.5141 39.4637
68.8285 35.5257
79.9187 28.6061
82.925 26.7314
94.6149 19.44
94.6149 19.44
114.3065 30.2988
107.898 16.7471
101.4455 3.6977
101.1982 3.1971
97.6601 9.4249
97.658 9.1683
77.9135 14.43
77.5608 12.217
49.0415 17.4691
51.9006 23.4029
57.2853 13.6905
56.1833 13.227
61.7199 7.9276
62.2605 7.4105
77.5266 -4.3306
77.7442 -2.6857
72.4755 11.4668
72.3556 11.7887
82.7588 13.5049
82.7588 13.5049
89.8467 38.4231
89.6539 37.5987
102.0901 53.1871
99.204 53.3904
87.8227 54.1931
88.8704 56.1652
94.3006 66.3906
94.3006 66.3906
93.0351 83.5413
106.6211 71.727
100.3114 90.7926
100.3114 90.7926
69.2049 85.8642
64.3467 83.8442
61.3266 82.5893
61.3267 82.5892
48.1525 96.7063
33.7722 112.1159
25.9379 101.0456
24.7271 101.7617
10.0633 86.6739
10.0525 86.6627
25.7028 85.3994
24.2882 85.366
31.9766 90.3551
38.5192 88.1545
31.3391 74.0641
30.8409 73.0867
25.5719 42.7737
25.4986 32.5708
19.1344 13.9262
18.4048 11.7897
26.0294 13.8611
25.1914 12.4468
30.2328 5.5937
31.0043 4.5453
16.9325 3.1391
18.1944 1.5146
34.2165 -19.1137
34.2165 -19.1137
10.6062 -0.4476
7.6825 1.8645
6.1492 13.2575
6.1492 13.2575
15.8567 36.7378
16.3309 37.8841
27.0556 63.8237
27.0556 63.8237
37.9824 67.9319
32.8084 66.8285
55.5262 69.423
44.823 75.1864
40.4692 51.7644
50 50
