OFV: 315.63086590713925
Runtime: 3602.018498575024
Gap: 0.054803429040935325
repPt: {0: (50, 50), 7: (18.54138998622649, 64.20355943876646), 8: (13.093317876685548, 89.23716477434076), 6: (12.896060449597393, 89.01967546277375), 5: (6.9480103722868884, 82.44993955418451), 4: (6.948006247566431, 82.44993674011684), 3: (8.329767121924881, 64.20175854190917), 18: (-13.980764590377117, 47.58053531266162), 17: (0.8068344958140149, 44.80238253392414), 20: (13.242580967427577, 42.467154650068515), 19: (8.134971689476467, 20.351965342626904), 11: (10.18455722362183, 16.589431378764132), 12: (26.50218680005055, 39.92485755196187), 9: (26.50215881358993, 39.92491450882401), 10: (33.97918625286854, 18.652892415017295), 1: (34.745166941041084, 16.472140037837136), 2: (46.89909054906783, 8.238698882467144), 15: (71.6533143772287, 4.897008504823806), 16: (64.57238236563919, 24.559453520881707), 14: (55.14318278695364, 29.77471587748749), 13: (51.87740162991413, 42.61358775700165)}
solType: IP_TimeLimit
lowerBound: 298.3332121442684
upperBound: 315.63086590713925
Path: 
50 50
18.5414 64.2036
13.0933 89.2372
12.8961 89.0197
6.948 82.4499
6.948 82.4499
8.3298 64.2018
-13.9808 47.5805
0.8068 44.8024
13.2426 42.4672
8.135 20.352
10.1846 16.5894
26.5022 39.9249
26.5022 39.9249
33.9792 18.6529
34.7452 16.4721
46.8991 8.2387
71.6533 4.897
64.5724 24.5595
55.1432 29.7747
51.8774 42.6136
50 50
