OFV: 331.00843760930127
Runtime: 1.8078774509995128
Gap: 1.200939245714127e-08
repPt: {0: (50, 50), 11: (49.370307407581045, 67.79924766029917), 12: (41.519819380803824, 72.70508556047267), 3: (37.522595220210135, 60.22273654854959), 1: (15.052312568279214, 63.177803724245166), 4: (2.2073794430892897, 64.86736899114243), 2: (-11.924814670059028, 72.25750899079388), 8: (-0.20604234550359557, 23.50644265522721), 7: (4.241211794058095, 5.0077865568587905), 5: (6.707239522412442, 6.475225630043212), 6: (16.42058279383243, 12.467795242111489), 10: (93.29173230846459, -4.965026905253874), 9: (92.1221637031314, 20.6845187660777)}
solType: IP_Optimal
lowerBound: 331.00843363409103
upperBound: 331.00843760930127
Path: 
50 50
49.3703 67.7992
41.5198 72.7051
37.5226 60.2227
15.0523 63.1778
2.2074 64.8674
-11.9248 72.2575
-0.206 23.5064
4.2412 5.0078
6.7072 6.4752
16.4206 12.4678
93.2917 -4.965
92.1222 20.6845
50 50
