OFV: 488.4203066451446
Runtime: 45.495052905986086
Gap: None
Path: 
50 50
49.0 49.3122
46.4417 47.5506
39.5546 39.1287
36.0018 34.7881
35.9216 34.6903
29.0415 26.2848
21.6706 17.2779
21.8429 14.8189
22.2327 9.1828
30.2877 1.5196
38.6246 -6.4146
44.2267 -11.739
46.3843 -13.7887
30.5244 14.0541
25.8608 21.2159
22.4658 26.427
21.1532 36.4582
19.9532 45.6342
8.2766 72.5277
10.5629 76.0731
18.2995 82.0973
19.9534 83.3857
26.7753 88.6962
30.575 91.6549
59.3234 79.1702
67.7903 75.4877
79.6711 70.3198
84.9742 68.0122
84.9834 68.0082
71.2625 51.7741
94.9113 60.0701
102.9201 38.1588
111.4427 36.2283
88.4341 25.3164
93.6698 -2.8501
74.1965 3.3576
65.0835 -2.4157
62.6549 23.6283
58.3647 32.5692
53.7271 42.2327
50 50
