OFV: 245.4951042715889
Runtime: 5.654818760987837
Gap: 6.89948784872645e-08
repPt: {0: (50, 50), 4: (49.0290342162193, 49.21844148218381), 3: (47.00404811191566, 31.720893939440604), 1: (66.6052170148793, 12.344476052280879), 2: (42.8150422522923, 7.84383131181498), 5: (15.985503245587736, 6.053555149512597), 6: (-7.132940749025531, 4.510649352710863), 7: (5.6146326150606765, 67.58783658211574), 8: (16.131709649273844, 67.13348706208497), 10: (26.19770754244649, 43.87727708429441), 9: (47.217200528358944, 49.14201371885187)}
solType: IP_Optimal
lowerBound: 245.495087333684
upperBound: 245.4951042715889
Path: 
50 50
49.029 49.2184
47.004 31.7209
66.6052 12.3445
42.815 7.8438
15.9855 6.0536
-7.1329 4.5106
5.6146 67.5878
16.1317 67.1335
26.1977 43.8773
47.2172 49.142
50 50
