OFV: 1250.964568906223
Runtime: 19.94521679682657
Gap: None
repPt: {0: (50, 50), 57: (42.40066217096145, 48.06560846449504), 58: (72.01510355322608, 56.11550510529889), 79: (71.27451460994205, 57.34139599417574), 80: (84.61094067813762, 46.61551041826756), 71: (84.49973524605932, 46.66014459196729), 72: (110.58587710241875, 56.333784158914696), 60: (117.64127991733942, 58.09595914394335), 59: (90.23391988156769, 75.92619016963046), 44: (95.30276653398263, 83.7711918085464), 43: (84.19365406271204, 98.10497345614591), 7: (84.78987477706434, 98.69745322072062), 8: (95.96310080695113, 109.78793535482855), 78: (77.65025836892937, 116.91045674395137), 77: (50.305571880381834, 100.59485119626561), 24: (50.66641688433934, 119.94783315873208), 23: (40.514725002675796, 91.1571451082295), 42: (43.408596789002615, 101.19357640145624), 41: (32.73761646650526, 94.32868207751892), 25: (28.186575258003764, 90.11650709306977), 26: (42.45246914089237, 70.73846999088907), 35: (39.32118430273809, 75.22859756910671), 36: (52.89856482769659, 71.00470226865828), 9: (52.15627568515172, 71.51032741782188), 10: (62.18306931331019, 85.24228455588108), 69: (73.49724094198409, 94.57616873475698), 70: (86.00878095112749, 104.68493137803725), 74: (87.2896591147321, 104.4214464965045), 73: (79.59353395458196, 82.50314741408293), 32: (81.32177824748685, 74.23919379872852), 31: (82.20616268447048, 48.83059841557595), 45: (76.46974005154158, 56.52559046403981), 46: (103.2314961563907, 65.9529394156909), 21: (102.78575717943859, 62.00816850094821), 22: (101.06921962601709, 41.14985769034061), 56: (100.9394742393216, 39.56444194136967), 55: (90.62602073726151, 64.63991814822145), 53: (88.66351582606472, 67.83481810318074), 54: (95.28158916227326, 41.46109294469102), 20: (96.34875691367287, 43.132190644319124), 19: (90.15393073556659, 32.276271701087005), 67: (94.79752524399349, 4.829087285016589), 68: (106.65192798636751, 0.6165458399456156), 28: (104.9009751901209, -14.237876169509121), 27: (88.77790904320493, 3.929076148813507), 1: (66.46981888198918, 37.5741468433858), 2: (66.39307356265017, 50.740369877547806), 62: (64.6503563350572, 48.29957734348017), 61: (57.140101703256775, 59.60379094818002), 34: (58.534940057566416, 59.41037562631047), 33: (36.37407959842825, 39.18033466249549), 40: (34.83793945148095, 38.19976008335463), 39: (24.707260148354734, 45.04016108367598), 52: (27.181654370083184, 49.8137722837593), 51: (24.814871747800396, 18.010801611221), 13: (6.045317712133173, 31.159945475257935), 14: (14.504759721414807, 1.975108158821023), 37: (11.188459333303236, 4.506568377964178), 38: (15.206878645446125, 28.85346692443617), 65: (26.04902854810483, 21.763203551583167), 66: (50.67932740374372, 5.655234135846431), 50: (51.90008870318497, 8.823032338550291), 49: (43.988022716087016, 30.32377120767033), 15: (49.46140759537186, 30.50094082847649), 16: (53.107775178053004, 63.84997783861913), 63: (52.04021061787819, 63.7039642808449), 64: (58.62113572553132, 43.346109660271765), 3: (58.86256117823388, 42.59976638000774), 4: (62.19705146688633, 53.864145903213526), 6: (61.218699230205864, 52.986150127234694), 5: (34.56216810334496, 29.073441518732295), 30: (33.76913317260714, 32.09394467276091), 29: (27.49118824790869, 56.02212140932298), 76: (29.063720297104567, 54.876789606171116), 75: (26.896059730509656, 70.94630230712737), 12: (28.489148071831224, 77.555216291208), 11: (14.966410696537858, 57.54642638064187), 18: (14.510412222143765, 56.87179437510656), 17: (4.9218000215764, 85.81763325357866), 47: (13.012432321305822, 68.92611383239301), 48: (42.28294244549782, 51.597718058370084)}
lowerBound: 1250.964483347242
upperBound: 1250.964568906223
solType: IP_Optimal
Path: 
50 50
42.4007 48.0656
72.0151 56.1155
71.2745 57.3414
84.6109 46.6155
84.4997 46.6601
110.5859 56.3338
117.6413 58.096
90.2339 75.9262
95.3028 83.7712
84.1937 98.105
84.7899 98.6975
95.9631 109.7879
77.6503 116.9105
50.3056 100.5949
50.6664 119.9478
40.5147 91.1571
43.4086 101.1936
32.7376 94.3287
28.1866 90.1165
42.4525 70.7385
39.3212 75.2286
52.8986 71.0047
52.1563 71.5103
62.1831 85.2423
73.4972 94.5762
86.0088 104.6849
87.2897 104.4214
79.5935 82.5031
81.3218 74.2392
82.2062 48.8306
76.4697 56.5256
103.2315 65.9529
102.7858 62.0082
101.0692 41.1499
100.9395 39.5644
90.626 64.6399
88.6635 67.8348
95.2816 41.4611
96.3488 43.1322
90.1539 32.2763
94.7975 4.8291
106.6519 0.6165
104.901 -14.2379
88.7779 3.9291
66.4698 37.5741
66.3931 50.7404
64.6504 48.2996
57.1401 59.6038
58.5349 59.4104
36.3741 39.1803
34.8379 38.1998
24.7073 45.0402
27.1817 49.8138
24.8149 18.0108
6.0453 31.1599
14.5048 1.9751
11.1885 4.5066
15.2069 28.8535
26.049 21.7632
50.6793 5.6552
51.9001 8.823
43.988 30.3238
49.4614 30.5009
53.1078 63.85
52.0402 63.704
58.6211 43.3461
58.8626 42.5998
62.1971 53.8641
61.2187 52.9862
34.5622 29.0734
33.7691 32.0939
27.4912 56.0221
29.0637 54.8768
26.8961 70.9463
28.4891 77.5552
14.9664 57.5464
14.5104 56.8718
4.9218 85.8176
13.0124 68.9261
42.2829 51.5977
50 50
