OFV: 367.92101885489177
Runtime: 1.5418441040092148
Gap: 4.405281275606174e-08
repPt: {0: (50, 50), 9: (50.34597906264991, 52.563090724822494), 10: (52.55863140817687, 68.95247265233472), 4: (59.458580029293465, 56.581632943548264), 3: (67.17583692973203, 33.919769806645164), 11: (64.46448833841352, 40.95359656078597), 12: (97.165048523708, 36.883616212085386), 7: (89.18142406100091, 59.71322740799804), 8: (86.19213191395542, 39.81713665380466), 1: (96.26370146353293, 6.485136247165783), 2: (100.39509020130582, -28.16833266161353), 6: (15.291190517314899, -8.599363166080785), 5: (26.77491689529736, 2.466061795130285)}
solType: IP_Optimal
lowerBound: 367.921002646936
upperBound: 367.92101885489177
Path: 
50 50
50.346 52.5631
52.5586 68.9525
59.4586 56.5816
67.1758 33.9198
64.4645 40.9536
97.165 36.8836
89.1814 59.7132
86.1921 39.8171
96.2637 6.4851
100.3951 -28.1683
15.2912 -8.5994
26.7749 2.4661
50 50
