OFV: 1187.1580786198795
Runtime: 4.9718889351934195
Gap: None
repPt: {0: (50, 50), 25: (49.969337127673576, 56.59705188999531), 26: (68.46410297566496, 35.690711051557784), 15: (70.26502639463848, 38.518538725169186), 16: (70.38987506296317, 1.8034143750131282), 34: (70.4234482330783, -7.902247879253512), 33: (62.023306953231774, 6.777371878780542), 9: (66.587471497375, 6.356882140044636), 10: (100.94208133311433, 3.1992833534929783), 60: (100.28341705485384, 2.8977338802670674), 59: (83.91251143666814, 8.875185913996418), 39: (84.90198595063956, 4.993205949897691), 40: (97.26613568414665, -7.184486047454853), 48: (96.17658872765435, -15.902539465170886), 47: (91.08008821508709, 8.354932933120834), 49: (95.53912398574687, 17.887377354366695), 50: (115.8580468633774, 18.34828345428933), 6: (125.34752639612455, 25.06811691282895), 5: (98.41628282386476, 32.221917517353006), 7: (98.41628049142865, 32.221905235987286), 8: (117.00992376034594, 46.256188431250145), 32: (113.19288426882318, 48.259168783527016), 31: (96.0058798665323, 27.39545904910004), 80: (103.2654512185907, 27.476763728968578), 79: (84.7925351484602, 19.504217544883456), 66: (80.81224336580424, 17.78795095434583), 65: (67.48045100132299, 36.64200691191071), 21: (67.48044149174345, 36.642006599781475), 22: (93.20778486339277, 53.81583035370535), 38: (97.1053830526487, 52.24539884971087), 37: (85.58699270567945, 75.88974252603751), 29: (92.15801925203124, 78.35708346831804), 30: (116.30266208657766, 85.57809576238755), 78: (107.72590709513402, 94.67671467890415), 77: (84.73773175434522, 85.97328697681576), 64: (84.912598161084, 85.51833847477239), 63: (63.501233948551224, 82.43857205513983), 69: (54.575390942683384, 77.93894912760449), 70: (83.49465711845265, 87.24977060810322), 20: (83.35515751243372, 87.08992613462223), 19: (70.57223377683984, 72.43643864804142), 14: (73.55887684018244, 73.9314000949119), 13: (70.46640297760474, 59.7522875022832), 17: (70.01308504109063, 54.42540233062492), 18: (104.7825338271693, 54.29884986255177), 2: (95.05807488503055, 59.19735939725809), 1: (78.44415077424216, 34.573276251303504), 43: (75.39273246538845, 30.0474189447281), 44: (89.90339594938595, 38.43984173067122), 45: (90.82663846905291, 39.06928380555368), 46: (100.50064021489821, 45.65970185127835), 75: (100.23952901314621, 45.33206311100443), 76: (109.37394721056435, 72.18751043066413), 4: (101.2040022405245, 68.57865316102009), 3: (95.13653717652278, 43.277641195451494), 42: (94.89851191713039, 43.23380867727288), 41: (61.50367156111217, 37.09993842852223), 68: (65.22345244596684, 30.174385708299916), 67: (56.14436614638994, 20.29557747598504), 28: (56.14436820775074, 20.295571490105395), 27: (38.04272017257064, 17.45050077347641), 51: (31.20005301010716, 21.36397943731251), 52: (38.9226371682479, 3.48623648252027), 54: (41.22519327145833, -1.841651403147306), 53: (28.06149957533203, 6.08505981426749), 56: (33.5690977325541, 1.6765093913261626), 55: (25.285095510544732, 20.37146384066242), 62: (20.18462063826934, 31.881429023874215), 61: (7.546800911623279, 60.40251727145524), 35: (2.2235760092771737, 72.41567878467961), 36: (17.305992382164337, 52.50657427110051), 74: (17.305994700103003, 52.506587677445864), 73: (12.59251209175441, 32.29999065519046), 23: (9.566095364271938, 44.99167519062784), 24: (29.969794128137124, 47.556654409745185), 58: (29.311278983544234, 47.34731781820891), 57: (24.154455410181907, 65.0310231662396), 11: (29.48368245602423, 55.42465481278141), 12: (44.578497095459355, 31.337695488688325), 72: (47.7557571411142, 21.38018403024144), 71: (49.83045943502178, 47.83313990114426)}
lowerBound: 1187.1580165572852
upperBound: 1187.1580786198795
solType: IP_Optimal
Path: 
50 50
49.9693 56.5971
68.4641 35.6907
70.265 38.5185
70.3899 1.8034
70.4234 -7.9022
62.0233 6.7774
66.5875 6.3569
100.9421 3.1993
100.2834 2.8977
83.9125 8.8752
84.902 4.9932
97.2661 -7.1845
96.1766 -15.9025
91.0801 8.3549
95.5391 17.8874
115.858 18.3483
125.3475 25.0681
98.4163 32.2219
98.4163 32.2219
117.0099 46.2562
113.1929 48.2592
96.0059 27.3955
103.2655 27.4768
84.7925 19.5042
80.8122 17.788
67.4805 36.642
67.4804 36.642
93.2078 53.8158
97.1054 52.2454
85.587 75.8897
92.158 78.3571
116.3027 85.5781
107.7259 94.6767
84.7377 85.9733
84.9126 85.5183
63.5012 82.4386
54.5754 77.9389
83.4947 87.2498
83.3552 87.0899
70.5722 72.4364
73.5589 73.9314
70.4664 59.7523
70.0131 54.4254
104.7825 54.2988
95.0581 59.1974
78.4442 34.5733
75.3927 30.0474
89.9034 38.4398
90.8266 39.0693
100.5006 45.6597
100.2395 45.3321
109.3739 72.1875
101.204 68.5787
95.1365 43.2776
94.8985 43.2338
61.5037 37.0999
65.2235 30.1744
56.1444 20.2956
56.1444 20.2956
38.0427 17.4505
31.2001 21.364
38.9226 3.4862
41.2252 -1.8417
28.0615 6.0851
33.5691 1.6765
25.2851 20.3715
20.1846 31.8814
7.5468 60.4025
2.2236 72.4157
17.306 52.5066
17.306 52.5066
12.5925 32.3
9.5661 44.9917
29.9698 47.5567
29.3113 47.3473
24.1545 65.031
29.4837 55.4247
44.5785 31.3377
47.7558 21.3802
49.8305 47.8331
50 50
