OFV: 309.64913036053235
Runtime: 25.0548140630126
Gap: -1.3919635711261787e-07
repPt: {0: (50, 50), 9: (53.392423975328384, 68.27536314335636), 10: (67.85978459473206, 78.20905520756443), 7: (87.36698026849564, 91.60314872703121), 8: (100.75387881172648, 94.40540827254024), 4: (72.30505535769095, 52.0106246510614), 2: (70.26978934048637, 48.98223950042584), 1: (64.60137165077563, 40.531404302956446), 3: (63.898707688920595, 39.48597924381745), 6: (67.98685066553672, 32.75036206469169), 5: (34.183000228150426, 31.176617046517066), 13: (6.851506176669076, 37.89998642454362), 14: (-13.392306163761294, 60.05854684333821), 11: (14.111774737813596, 60.98490117996471), 12: (38.45090365460225, 63.95447260167441)}
solType: IP_Optimal
lowerBound: 309.6491734625633
upperBound: 309.64913036053235
Path: 
50 50
53.3924 68.2754
67.8598 78.2091
87.367 91.6031
100.7539 94.4054
72.3051 52.0106
70.2698 48.9822
64.6014 40.5314
63.8987 39.486
67.9869 32.7504
34.183 31.1766
6.8515 37.9
-13.3923 60.0585
14.1118 60.9849
38.4509 63.9545
50 50
