OFV: 434.3418322430144
Runtime: 83.69568455201807
Gap: 7.85204393990323e-09
repPt: {0: (50, 50), 13: (70.5186745632906, 38.442728408210904), 14: (83.00439919043872, 31.40970148393939), 7: (56.281112279004304, 19.190465284683373), 8: (57.73975058328844, 8.570293120815125), 6: (63.7942946871007, 11.919709389738586), 5: (37.27781372174235, 10.48733288278232), 9: (14.016014660448894, 9.226741205052337), 10: (-5.892687498425198, 6.161270534469584), 2: (13.298385728122371, 27.201419008069823), 1: (11.863806621081942, 58.91131497033933), 18: (10.98865294144518, 54.09921356494343), 17: (8.893516457262226, 68.49713107290566), 15: (3.404170546757329, 72.03966247034994), 16: (-12.060312310072106, 82.02122406007214), 12: (-2.2357536864271927, 72.79958763662732), 11: (15.60550023501626, 88.71274906783957), 4: (58.088485866760124, 126.60337283514242), 3: (66.4029456037319, 96.57160186424845)}
solType: IP_Optimal
lowerBound: 434.34182883254323
upperBound: 434.3418322430144
Path: 
50 50
70.5187 38.4427
83.0044 31.4097
56.2811 19.1905
57.7398 8.5703
63.7943 11.9197
37.2778 10.4873
14.016 9.2267
-5.8927 6.1613
13.2984 27.2014
11.8638 58.9113
10.9887 54.0992
8.8935 68.4971
3.4042 72.0397
-12.0603 82.0212
-2.2358 72.7996
15.6055 88.7127
58.0885 126.6034
66.4029 96.5716
50 50
