OFV: 264.42831881513484
Runtime: 0.7341599850333296
Gap: -3.649654041003939e-08
repPt: {0: (50, 50), 4: (46.64169008268196, 49.28340511388235), 3: (45.02491886550925, 31.300039542189054), 1: (68.44563446581762, 11.497982596874413), 2: (43.025138358553, 5.854230363786204), 5: (16.041306494854318, 4.453420657235645), 6: (-8.620982776665942, 3.173994706645077), 7: (4.4309070577481755, 69.20161033625942), 8: (17.097706625143964, 68.9017182605924), 10: (25.585019214585753, 41.93874545052645), 9: (46.70660435086571, 46.78995295126613)}
solType: IP_Optimal
lowerBound: 264.42832846585367
upperBound: 264.42831881513484
Path: 
50 50
46.6417 49.2834
45.0249 31.3
68.4456 11.498
43.0251 5.8542
16.0413 4.4534
-8.621 3.174
4.4309 69.2016
17.0977 68.9017
25.585 41.9387
46.7066 46.79
50 50
