OFV: 366.33992642193056
Runtime: 5.353969334042631
Gap: -3.979545385747917e-08
repPt: {0: (50, 50), 11: (26.644425616598266, 51.39952977494469), 12: (1.8769184332791378, 52.882851431093506), 10: (56.01189486829268, -22.615083905745262), 9: (70.06094517718596, 5.290059450802232), 6: (76.83971537113638, 8.829481357518866), 5: (97.09704341962271, 29.121832817273333), 8: (118.3058110626329, 21.52180481958935), 7: (97.40852735622514, 29.386559128950626), 1: (85.59259121867632, 33.830810603354536), 2: (102.02661600099678, 49.90942996614924), 3: (98.721249731927, 45.862964206019534), 4: (97.31804437883875, 66.61728482672456), 14: (82.79262920761654, 66.34431963279778), 13: (68.54179018540722, 59.241980842561716)}
solType: IP_Optimal
lowerBound: 366.3399410005942
upperBound: 366.33992642193056
Path: 
50 50
26.6444 51.3995
1.8769 52.8829
56.0119 -22.6151
70.0609 5.2901
76.8397 8.8295
97.097 29.1218
118.3058 21.5218
97.4085 29.3866
85.5926 33.8308
102.0266 49.9094
98.7212 45.863
97.318 66.6173
82.7926 66.3443
68.5418 59.242
50 50
