OFV: 256.3653482094323
Runtime: 1.3074136009672657
Gap: 0.0
repPt: {0: (50, 50), 7: (14.043246024106697, 27.06173120023279), 8: (3.6962992652306053, 23.06710637693138), 6: (8.334764391152143, 32.38767796745776), 5: (23.454751888883276, 62.74319221084692), 9: (35.985093042216235, 82.47267737682967), 10: (52.30787528849299, 108.1718360938468), 4: (42.942697175254835, 64.34221598405014), 3: (69.86611144375672, 61.59055166352383), 1: (66.58968304934885, 58.48960078427849), 2: (50.86387212412312, 43.61503493743874)}
solType: IP_Optimal
lowerBound: 256.3653699398769
upperBound: 256.3653482094323
Path: 
50 50
14.0432 27.0617
3.6963 23.0671
8.3348 32.3877
23.4548 62.7432
35.9851 82.4727
52.3079 108.1718
42.9427 64.3422
69.8661 61.5906
66.5897 58.4896
50.8639 43.615
50 50
