OFV: 283.9940180000214
Runtime: 3602.420873322999
Gap: 0.20415075568147703
repPt: {0: (50, 50), 10: (48.70485604993043, 41.25425668477314), 9: (45.470896011964854, 19.4286434453947), 5: (45.073430709402885, 16.73949580404764), 6: (36.159391779185384, 16.89021218944902), 2: (15.693416375972195, 30.298135636663698), 1: (13.119088574350137, 19.381512105657887), 13: (9.966796797281383, 6.010952737354144), 14: (20.962480937752943, 7.104028947425089), 18: (32.8501815755357, 5.099816318345232), 17: (58.310503386807824, 9.003851030478423), 16: (72.06650068564821, 11.112652502080543), 15: (56.324062776451754, 30.403302891452597), 7: (56.3240574222031, 30.403304967772947), 8: (58.57245089622866, 40.481497327279094), 3: (60.700031702514835, 50.021408368359445), 4: (54.086333779933106, 80.51500410078721), 11: (38.749133589287375, 84.2663181948037), 12: (49.39505758579462, 66.78908671446308)}
solType: IP_TimeLimit
lowerBound: 226.01642461629805
upperBound: 283.9940180000214
Path: 
50 50
48.7049 41.2543
45.4709 19.4286
45.0734 16.7395
36.1594 16.8902
15.6934 30.2981
13.1191 19.3815
9.9668 6.011
20.9625 7.104
32.8502 5.0998
58.3105 9.0039
72.0665 11.1127
56.3241 30.4033
56.3241 30.4033
58.5725 40.4815
60.7 50.0214
54.0863 80.515
38.7491 84.2663
49.3951 66.7891
50 50
