OFV: 948.8858514144347
Runtime: 0.7679278940195218
Gap: None
repPt: {0: (50, 50), 27: (54.892323410566135, 49.30637101695846), 28: (65.26050314294677, 35.912379361424655), 51: (63.00888206360597, 40.05434813636328), 52: (71.18051281024864, 16.274396662870632), 35: (73.45301369797377, 9.677221441917057), 36: (103.57300864663952, 4.249592802844912), 48: (89.97900487005654, -18.80815168893391), 47: (70.92575498773168, 4.750995367485494), 23: (67.34186521050286, 15.212267847371812), 24: (78.825743307521, 28.205065175145496), 1: (79.30130993558734, 27.516875789992863), 2: (95.7822559102286, 36.37355901315512), 57: (95.49696230077036, 31.742879499381647), 58: (119.26579394258138, 31.483501918702583), 12: (105.40138873483825, 42.16142184071545), 11: (90.2779413986477, 49.78931250009442), 39: (90.21922375368753, 48.99197943606221), 40: (91.70709288108637, 69.39388724280987), 49: (86.16948269972355, 95.42672699692669), 50: (84.14280618392988, 121.93579497325331), 32: (76.17465172047426, 118.5333923400455), 31: (64.58383290004636, 86.97370986991795), 20: (61.18156342772291, 81.11536140891499), 19: (45.47159122987576, 54.06269560056951), 33: (45.471556252206405, 54.06268648766175), 34: (47.332513204184885, 32.56061592517442), 41: (47.35307646739906, 32.3232722247855), 42: (49.91446097621666, 2.719121646841362), 18: (14.282573034053986, -3.8162643270131196), 17: (8.347296183333793, 25.715297455554172), 13: (15.69107207257099, 27.661841114666387), 14: (40.1922805775032, 34.138354765702005), 37: (30.111687792971203, 43.65290015768651), 38: (32.14764890098988, 31.42974708233831), 7: (33.136188818661, 25.49690717334917), 8: (39.86034943965534, 51.17357921386092), 10: (46.44080650504655, 43.36298959133564), 9: (35.3470493540438, 70.11942953128066), 6: (38.10410900025353, 65.50377854667343), 5: (5.862968654140467, 66.08351848440833), 29: (4.243492662865663, 66.1137742824769), 30: (20.807653088945784, 85.01197119194423), 22: (22.46049641734116, 84.85391229596142), 21: (17.450717956577932, 63.77944732497185), 43: (14.662938592099682, 64.97010094601728), 44: (22.925646102008983, 72.19143184528811), 56: (19.674253008022273, 77.04442706432437), 55: (9.741202492068375, 91.83689647541686), 45: (10.361851771607784, 92.04948048024976), 46: (38.06022170742769, 101.44895980639457), 60: (43.95827135253163, 96.58224769400266), 59: (43.33099118726275, 82.49271793458196), 15: (48.172164861674304, 76.9527677008797), 16: (52.81101510274538, 61.303711066883615), 25: (54.266031076444825, 56.39540209014659), 26: (61.025375554416705, 72.43434220352687), 4: (65.5430259408672, 76.33207459882067), 3: (67.11267820874829, 52.94347558382192), 54: (73.18447773393063, 44.834670526102805), 53: (49.26136543526823, 50.29856345433956)}
lowerBound: 948.8346319020844
upperBound: 948.8858514144347
solType: IP_Optimal
Path: 
50 50
54.8923 49.3064
65.2605 35.9124
63.0089 40.0543
71.1805 16.2744
73.453 9.6772
103.573 4.2496
89.979 -18.8082
70.9258 4.751
67.3419 15.2123
78.8257 28.2051
79.3013 27.5169
95.7823 36.3736
95.497 31.7429
119.2658 31.4835
105.4014 42.1614
90.2779 49.7893
90.2192 48.992
91.7071 69.3939
86.1695 95.4267
84.1428 121.9358
76.1747 118.5334
64.5838 86.9737
61.1816 81.1154
45.4716 54.0627
45.4716 54.0627
47.3325 32.5606
47.3531 32.3233
49.9145 2.7191
14.2826 -3.8163
8.3473 25.7153
15.6911 27.6618
40.1923 34.1384
30.1117 43.6529
32.1476 31.4297
33.1362 25.4969
39.8603 51.1736
46.4408 43.363
35.347 70.1194
38.1041 65.5038
5.863 66.0835
4.2435 66.1138
20.8077 85.012
22.4605 84.8539
17.4507 63.7794
14.6629 64.9701
22.9256 72.1914
19.6743 77.0444
9.7412 91.8369
10.3619 92.0495
38.0602 101.449
43.9583 96.5822
43.331 82.4927
48.1722 76.9528
52.811 61.3037
54.266 56.3954
61.0254 72.4343
65.543 76.3321
67.1127 52.9435
73.1845 44.8347
49.2614 50.2986
50 50
