OFV: 891.6071735769491
Runtime: 3601.674779427005
Gap: None
repPt: {0: (50, 50), 67: (51.88605754691597, 51.29268207743049), 68: (74.175013001389, 66.59384154289265), 39: (82.8607422814182, 72.55410838624529), 40: (98.18463268940334, 69.74512674672054), 75: (98.30652637120795, 65.23584926007624), 76: (100.74442493103648, 67.8029264874567), 19: (100.80469920947209, 67.86613392573307), 20: (115.73554661191223, 83.59545120456231), 12: (109.01507812612465, 88.2873190784448), 11: (85.25981128796951, 87.46501472089162), 61: (83.66635323417198, 87.4100414870885), 62: (88.6794190270362, 101.15145565605573), 22: (88.43107247240987, 106.26738292949351), 21: (82.08858031991905, 87.52056209446633), 65: (82.08858381317864, 87.5205812163522), 66: (87.02043617557655, 62.40986968832681), 52: (87.21313877934055, 61.43077088896137), 51: (69.77776980709946, 82.65743028185688), 72: (71.53827542373094, 85.67838138158491), 71: (60.68749098498592, 86.26644953226189), 63: (56.67722086492008, 86.48093795975426), 64: (52.86945980084758, 102.28742122202252), 46: (48.997288166121876, 118.35559930641648), 45: (31.99342049516998, 104.20038429559214), 44: (30.014602758908755, 102.55047035742494), 43: (9.944694363117733, 85.39484328666039), 17: (6.917387615080442, 82.80408580285228), 18: (8.190871776820199, 51.972726742015546), 53: (8.361101519348411, 47.83692987273231), 54: (9.968895015547222, 38.428399388701926), 55: (8.953432804726168, 36.97505832010457), 56: (13.370503327778767, 15.140825958841006), 41: (13.869696678123752, 15.370884563685742), 42: (29.12076462368264, 22.37475120191963), 29: (30.8586620831157, 23.174409792758425), 30: (52.30472451476805, 28.11945512413218), 23: (51.22291643703641, 27.833509790880846), 24: (58.835508907462255, 17.870679408348238), 4: (54.792777058926, 15.53580858464456), 3: (28.38685993191805, 17.911466884307696), 49: (27.85629060325372, 17.95914002108632), 50: (30.05044054653719, 1.5704770985076655), 79: (30.050435302521528, 1.5704509454063986), 80: (30.803001863354567, -5.572230715294622), 77: (34.758137633500844, 3.9782590227133268), 78: (43.79768687029949, 25.811305905021207), 27: (44.843565578838785, 23.92477158279395), 28: (62.74858801506836, 33.7489013520795), 47: (59.30813814542591, 39.56595906530115), 48: (74.71352445474895, 40.74242636563429), 5: (72.43996009322998, 37.51485184832037), 6: (77.8995032387828, 32.95929014963458), 15: (74.27028897731768, 32.15868371807866), 16: (93.8384132477815, 18.699894600806132), 57: (96.67526916957088, 20.607231126651875), 58: (103.61664386810135, 25.269414835826826), 8: (110.11052952283721, 17.5140028221307), 7: (101.05471617982671, 21.536793219169517), 73: (101.11667639578761, 21.623100694891047), 74: (116.30781054988549, 42.81753245325094), 2: (117.09736486410122, 48.25541722698989), 1: (98.5851396562404, 57.489453806839464), 60: (102.81571837068674, 50.07070515337488), 59: (88.4985785999124, 47.05894121492079), 14: (89.61560950006313, 46.77603783557574), 13: (86.60279435483035, 43.996259352179756), 10: (87.01147599984735, 44.45571823957722), 9: (62.46108114925236, 57.43883998401122), 32: (61.230461467245696, 58.43891897751496), 31: (45.424893239779244, 65.52664916729908), 33: (43.44727347954037, 67.19627247097995), 34: (40.29433396263069, 73.13565972659983), 70: (38.27746406855754, 70.68940860369757), 69: (26.35661033128581, 56.240526000088586), 26: (26.75731962873384, 56.54319551046239), 25: (17.31821954671838, 43.95202154003026), 35: (17.31826437268645, 43.952010027063544), 36: (42.35422531214331, 54.319509375987344), 37: (35.076123937107496, 51.81107574210544), 38: (59.60020864238554, 52.91979695755825)}
lowerBound: 862.6674517108768
upperBound: 891.6071735769491
solType: IP_TimeLimit
Path: 
50 50
51.8861 51.2927
74.175 66.5938
82.8607 72.5541
98.1846 69.7451
98.3065 65.2358
100.7444 67.8029
100.8047 67.8661
115.7355 83.5955
109.0151 88.2873
85.2598 87.465
83.6664 87.41
88.6794 101.1515
88.4311 106.2674
82.0886 87.5206
82.0886 87.5206
87.0204 62.4099
87.2131 61.4308
69.7778 82.6574
71.5383 85.6784
60.6875 86.2664
56.6772 86.4809
52.8695 102.2874
48.9973 118.3556
31.9934 104.2004
30.0146 102.5505
9.9447 85.3948
6.9174 82.8041
8.1909 51.9727
8.3611 47.8369
9.9689 38.4284
8.9534 36.9751
13.3705 15.1408
13.8697 15.3709
29.1208 22.3748
30.8587 23.1744
52.3047 28.1195
51.2229 27.8335
58.8355 17.8707
54.7928 15.5358
28.3869 17.9115
27.8563 17.9591
30.0504 1.5705
30.0504 1.5705
30.803 -5.5722
34.7581 3.9783
43.7977 25.8113
44.8436 23.9248
62.7486 33.7489
59.3081 39.566
74.7135 40.7424
72.44 37.5149
77.8995 32.9593
74.2703 32.1587
93.8384 18.6999
96.6753 20.6072
103.6166 25.2694
110.1105 17.514
101.0547 21.5368
101.1167 21.6231
116.3078 42.8175
117.0974 48.2554
98.5851 57.4895
102.8157 50.0707
88.4986 47.0589
89.6156 46.776
86.6028 43.9963
87.0115 44.4557
62.4611 57.4388
61.2305 58.4389
45.4249 65.5266
43.4473 67.1963
40.2943 73.1357
38.2775 70.6894
26.3566 56.2405
26.7573 56.5432
17.3182 43.952
17.3183 43.952
42.3542 54.3195
35.0761 51.8111
59.6002 52.9198
50 50
