OFV: 360.8627211107271
Runtime: 47.86448072496569
Gap: 4.714509628729459e-08
repPt: {0: (50, 50), 15: (35.92704181582951, 69.97729099118159), 16: (45.799616810556984, 70.7720600744108), 13: (53.66769261707445, 65.31231149903508), 14: (60.628129617786335, 75.72962706445014), 20: (55.441437118094825, 88.84991264188068), 19: (46.09738903051629, 101.20339848211555), 8: (39.86865338263871, 109.43244193865601), 7: (31.660835039800418, 91.05966651648826), 5: (32.48359245889302, 92.50224694887306), 6: (18.028194861410988, 72.69835623727282), 3: (16.513020732787346, 75.01708780955975), 4: (5.465463954662139, 49.82275140511188), 11: (4.353573878951886, 47.28587227882579), 12: (-20.658057668030253, 42.11444525441629), 1: (1.000923084758206, 17.500476972521824), 2: (-6.507347701541281, -5.222098239622266), 9: (5.609537800470878, -0.8956075715600953), 10: (26.69749989317834, -6.490942270135818), 18: (19.292389183046463, 2.575773875679785), 17: (34.3792824671713, 25.875471619667408)}
solType: IP_Optimal
lowerBound: 360.86270409781935
upperBound: 360.8627211107271
Path: 
50 50
35.927 69.9773
45.7996 70.7721
53.6677 65.3123
60.6281 75.7296
55.4414 88.8499
46.0974 101.2034
39.8687 109.4324
31.6608 91.0597
32.4836 92.5022
18.0282 72.6984
16.513 75.0171
5.4655 49.8228
4.3536 47.2859
-20.6581 42.1144
1.0009 17.5005
-6.5073 -5.2221
5.6095 -0.8956
26.6975 -6.4909
19.2924 2.5758
34.3793 25.8755
50 50
