OFV: 341.2673033913051
Runtime: 58.40172481536865
Gap: 0
repPt: {0: (50, 50), 1: (94.26461030630162, 6.298800221120694), 2: (99.01965390345963, -26.715809448547976), 3: (66.65878903622988, 35.8565392159599), 4: (57.91741585387172, 55.276748575567034), 5: (24.956214100829715, 3.3439104073155583), 6: (17.079678977842402, -7.639146571200537), 7: (89.47008181140751, 57.73260560801407), 8: (88.19277688682347, 39.86866096844407), 9: (50.41926015083953, 52.66487137870388), 10: (52.66514943969038, 66.94443986906376), 11: (65.89676991461982, 39.54661144410466), 12: (95.55122666154381, 38.067114140578674)}
solType: IP_Optimal
lowerBound: 341.26730531624395
upperBound: 341.2673033913051
Path: 
50 50
24.9562 3.3439
17.0797 -7.6391
99.0197 -26.7158
94.2646 6.2988
88.1928 39.8687
89.4701 57.7326
95.5512 38.0671
65.8968 39.5466
66.6588 35.8565
57.9174 55.2767
52.6651 66.9444
50.4193 52.6649
50 50
