OFV: 681.3762340791458
Runtime: 16.480227933032438
Gap: None
Path: 
50 50
52.0065 32.3923
45.9576 24.3929
33.0774 11.9992
32.9646 11.891
55.6448 8.1801
89.1207 5.908
94.4116 5.545
102.9086 26.4222
96.3037 20.1458
101.8154 2.4956
99.4397 12.9032
129.1374 19.6134
122.0712 72.786
99.6279 87.1099
99.5553 86.2655
97.8728 66.9201
97.7384 65.3643
91.4696 80.3727
90.1023 83.6407
100.1282 91.4676
92.0458 115.8108
78.1408 89.8229
64.9984 92.6612
44.3601 96.6113
7.1738 82.5044
16.3103 75.8926
28.6319 82.4047
56.4724 63.4073
60.1728 54.5221
67.5077 36.9195
73.9027 21.5713
70.9289 12.2339
70.614 11.2495
70.1333 9.746
58.9819 23.2754
42.9798 36.3575
39.4901 37.4436
21.5229 38.1712
17.1113 38.3471
29.8819 50.3019
50 50
