OFV: 1306.853822120102
Runtime: 86.93384881992824
Gap: None
Path: 
50 50
47.6367 50.7279
48.8 25.9076
48.3685 25.5986
37.8808 18.0628
26.543 7.8422
32.8213 -25.1598
51.5921 -13.7624
41.1067 4.1575
45.8509 7.0054
56.0381 13.1114
59.9348 9.7227
62.0563 -11.9904
60.6713 -11.219
33.0907 4.1061
30.3732 -0.5162
14.9669 7.5445
21.0102 13.5057
11.8794 49.478
6.0973 61.5721
16.1136 78.5854
13.7 85.4089
24.1921 61.1986
24.3881 60.7452
48.0798 61.8348
46.6571 60.2967
28.8773 41.1199
24.0218 36.6399
24.5073 67.2652
20.864 67.8363
54.3098 62.552
53.9952 65.0103
52.907 73.5464
50.2882 94.2337
53.1211 103.3024
56.5988 94.7363
58.4061 80.9096
58.3846 67.7669
58.3622 56.6786
58.3479 45.8338
56.9349 42.0138
55.8183 39.0041
86.5458 43.9777
86.1102 43.8945
72.8909 41.3361
62.1057 39.2537
87.6274 18.095
88.9644 19.4902
90.709 21.3077
92.4749 23.1466
104.9209 26.9714
110.2323 28.6008
114.35 29.8633
112.2193 29.1215
99.1543 50.8764
102.0645 52.127
97.7627 23.7716
89.4508 24.6104
67.5195 26.0057
65.3074 22.7577
95.1133 15.0304
95.3825 14.9609
118.6233 13.3349
120.2291 -0.8294
93.3711 3.4557
91.3228 6.2831
70.6423 13.2146
72.799 13.0712
76.6074 25.6108
75.1589 34.8366
64.7556 53.9035
64.724 53.8567
48.6361 30.0892
44.361 23.7644
40.1993 37.9634
41.7671 44.2518
65.3516 44.6291
70.9861 47.1372
80.1837 51.227
86.102 53.861
120.3844 53.322
122.382 77.3801
90.8672 71.7574
98.7121 67.7323
74.2368 79.476
77.3686 85.7924
71.6422 82.3254
65.8752 65.0812
61.2529 64.8076
54.4917 64.4064
32.4019 62.873
32.4017 62.873
32.4015 62.8731
32.8938 63.6098
39.8919 74.113
40.4025 74.8774
40.1273 79.3027
40.1583 77.7674
40.4876 62.0134
42.7277 58.1625
49.6437 50.3986
50 50
