OFV: 1185.8430921332829
Runtime: 57.154985190951265
Gap: None
Path: 
50 50
54.2457 48.4363
76.7848 40.1179
78.3853 39.5292
72.7914 11.0268
73.6198 8.7252
88.9581 10.0186
92.0339 10.2803
96.8688 3.4407
101.1836 -2.665
109.5554 -6.2262
53.9376 -7.1321
29.6972 0.6094
18.6314 3.2198
13.8304 4.3543
12.1303 4.7572
26.2035 -8.9077
30.5961 7.4358
51.3206 23.4144
54.0003 23.1412
32.121 21.5297
26.0577 20.2542
18.1416 18.5889
22.0251 19.3235
41.8519 10.0084
48.2229 7.0111
51.5415 39.8779
57.2783 44.562
56.8577 66.7982
60.4681 76.5225
63.4333 84.5091
66.8462 78.4251
42.4056 67.1075
41.7964 62.9387
25.9598 88.7896
29.9419 106.5325
13.2615 80.566
14.9557 87.9932
20.607 112.7822
27.4298 115.7376
19.2804 86.3426
22.4715 80.4979
31.7209 63.55
32.2036 62.5027
24.2925 69.4042
29.2909 70.3122
22.5722 57.1664
27.6765 54.3022
17.9959 82.3603
18.0012 82.3577
44.7781 69.5071
47.8136 67.9827
70.7573 56.4672
72.9613 58.5681
84.7678 69.8298
96.4782 80.9706
96.9802 82.0047
99.3851 86.943
129.0933 100.1518
105.3203 78.1946
86.2672 91.9758
86.6248 90.8791
93.1266 70.931
96.7895 59.6858
85.0748 55.1416
87.0175 47.8267
69.536 43.4921
68.6682 43.2641
85.2126 33.1527
89.9931 27.1422
118.0935 9.7816
119.521 6.1156
101.5605 20.3746
101.9086 24.0652
111.8023 47.4802
120.2794 49.2358
100.405 33.5952
101.67 42.2044
82.2949 60.1469
80.2097 62.0805
52.2573 53.944
50 50
