OFV: 451.61709665716216
Runtime: 0.029436127049848437
Gap: None
repPt: {0: (50, 50), 8: (39.30923184452296, 45.05569031655027), 7: (38.51184925966456, 9.825412603754351), 13: (45.12431981975186, 10.643263860254347), 14: (29.268625888852128, -6.20016457754515), 1: (3.2073489261172745, 20.35766629413185), 2: (-15.894369929884851, 26.78683683978626), 10: (-1.7022937421074973, 93.70060175148045), 9: (10.868874984752118, 89.5827739928382), 5: (48.89177627515788, 74.16929919503343), 6: (57.008938599470554, 48.0656695821818), 3: (82.90214542315978, 49.54452875415636), 4: (84.52424767494722, 69.98161165913322), 12: (125.42204552857969, 73.33697700270177), 11: (96.77285882112336, 68.66940706457333), 15: (83.65518954596897, 67.02447527310318), 16: (57.790989459497574, 54.34197306978007)}
lowerBound: 451.61707128798696
upperBound: 451.61709665716216
solType: IP_Optimal
Path: 
50 50
39.3092 45.0557
38.5118 9.8254
45.1243 10.6433
29.2686 -6.2002
3.2073 20.3577
-15.8944 26.7868
-1.7023 93.7006
10.8689 89.5828
48.8918 74.1693
57.0089 48.0657
82.9021 49.5445
84.5242 69.9816
125.422 73.337
96.7729 68.6694
83.6552 67.0245
57.791 54.342
50 50
