OFV: 333.39527515990756
Runtime: 3600.0693328380585
Gap: 0.4927829138392884
repPt: {0: (50, 50), 1: (87.34583989881914, 34.998361841674914), 2: (98.48375087725246, 54.67954481134137), 3: (92.39116778155032, 43.91542284135677), 4: (96.37351910578239, 64.79713169818758), 5: (97.60920957305221, 27.18748962084995), 6: (78.90458592458259, 10.556432276789069), 7: (95.21563607336542, 25.05937789201153), 8: (116.40026565046685, 22.13313481074249), 9: (71.84073715493771, 4.274915950097623), 10: (56.174782834044464, -20.603625245888217), 11: (30.34629793443235, 50.83861572081846), 12: (3.664052391578318, 51.98270362180015), 13: (66.38808959953022, 57.1097027990528), 14: (83.13287177190831, 64.3698993544542)}
solType: IP_TimeLimit
lowerBound: 169.10380777484374
upperBound: 333.39527515990756
Path: 
50 50
30.3463 50.8386
3.6641 51.9827
56.1748 -20.6036
71.8407 4.2749
78.9046 10.5564
95.2156 25.0594
97.6092 27.1875
116.4003 22.1331
87.3458 34.9984
92.3912 43.9154
98.4838 54.6795
96.3735 64.7971
83.1329 64.3699
66.3881 57.1097
50 50
