OFV: 327.59194282361545
Runtime: 0.17116641101893038
Gap: None
repPt: {0: (50, 50), 3: (57.553235920108285, 50.20216187158125), 4: (71.81031785113547, 50.5850729617134), 11: (77.397688112295, 37.65043008357741), 12: (80.58048414137244, 62.80303567757546), 9: (94.1874183031029, 56.18684975224358), 10: (97.51597740721341, 41.70681641075037), 7: (98.64559263172417, 36.79536127739213), 8: (112.31150240262515, 27.238956812861804), 15: (61.69414967078486, 1.1784903201025712), 16: (47.21377953830504, -6.275461926725192), 2: (59.148464957922485, -7.513468680527261), 1: (47.971200235674154, 13.33220861517307), 14: (37.33344163649149, 27.90900614710468), 13: (29.37239787321315, 60.407425574048105), 5: (27.005290479601072, 42.45720456060957), 6: (54.898814569982584, 43.37700016642144)}
lowerBound: 327.59190333075173
upperBound: 327.59194282361545
solType: IP_Optimal
Path: 
50 50
57.5532 50.2022
71.8103 50.5851
77.3977 37.6504
80.5805 62.803
94.1874 56.1868
97.516 41.7068
98.6456 36.7954
112.3115 27.239
61.6941 1.1785
47.2138 -6.2755
59.1485 -7.5135
47.9712 13.3322
37.3334 27.909
29.3724 60.4074
27.0053 42.4572
54.8988 43.377
50 50
