OFV: 392.2189518198462
Runtime: 329.88489376800135
Gap: -1.28751469247366e-07
repPt: {0: (50, 50), 6: (43.81623137018156, 10.483045019083225), 5: (64.1138765269363, 13.946354857189663), 15: (82.78384000935999, 17.131168961745914), 16: (92.95375943501634, 43.02495577755936), 1: (97.88624328029881, 55.58754518895598), 2: (115.71233561438301, 62.0676633021734), 11: (93.22895489652919, 93.37778042220134), 12: (73.44420592173935, 105.54729776595498), 3: (65.7384344222233, 90.97510995511152), 4: (40.75353987110439, 84.29541213685258), 18: (22.54358076591074, 90.60358480775757), 17: (9.939122179083451, 60.80788033963433), 7: (9.217508066564417, 36.824892982213555), 8: (8.751003662837952, 21.26138932723962), 14: (26.133572434865982, 26.54762675716923), 9: (29.85129990045049, 27.679529066493675), 13: (42.77378967017511, 34.422979782727346), 10: (53.01028324849198, 47.02059126908899)}
solType: IP_Optimal
lowerBound: 392.2190023186125
upperBound: 392.2189518198462
Path: 
50 50
43.8162 10.483
64.1139 13.9464
82.7838 17.1312
92.9538 43.025
97.8862 55.5875
115.7123 62.0677
93.229 93.3778
73.4442 105.5473
65.7384 90.9751
40.7535 84.2954
22.5436 90.6036
9.9391 60.8079
9.2175 36.8249
8.751 21.2614
26.1336 26.5476
29.8513 27.6795
42.7738 34.423
53.0103 47.0206
50 50
