OFV: 316.3145983919283
Runtime: 0.014071861049160361
Gap: None
repPt: {0: (50, 50), 3: (58.873706983837536, 44.59991009168677), 4: (66.80706994348634, 49.528086353845225), 2: (66.80707933208959, 49.5280710357575), 1: (68.09900714001633, 37.80163463318752), 6: (68.56117246315246, 33.60365465403826), 5: (34.12763140369889, 31.181677943988635), 13: (6.8530817488702604, 37.89904295955181), 14: (-13.393937320044163, 60.05470141409653), 11: (13.445430680761747, 60.887522551838266), 12: (37.66571203791444, 70.96009286827277), 9: (48.31704349950295, 75.3869602024559), 10: (65.39218596574781, 82.48417799167377), 7: (86.97548096885299, 91.4547063338302), 8: (100.48085752874287, 94.86094467386269)}
lowerBound: 316.31456459250626
upperBound: 316.3145983919283
solType: IP_Optimal
Path: 
50 50
58.8737 44.5999
66.8071 49.5281
66.8071 49.5281
68.099 37.8016
68.5612 33.6037
34.1276 31.1817
6.8531 37.899
-13.3939 60.0547
13.4454 60.8875
37.6657 70.9601
48.317 75.387
65.3922 82.4842
86.9755 91.4547
100.4809 94.8609
50 50
