OFV: 836.6855802313489
Runtime: 233.65662487992086
Gap: None
Path: 
50 50
60.3841 33.8739
55.0879 31.4626
42.6258 25.79
32.5051 29.1433
25.2493 31.55
21.384 32.832
24.4321 51.7379
25.3955 57.7126
26.1163 62.1826
45.7819 84.1057
41.999 84.1783
30.389 84.3964
24.9901 79.0875
19.505 73.693
14.899 69.1627
16.8986 76.8968
6.8985 79.3015
6.7059 79.3478
6.5187 79.3929
14.0907 92.8081
20.4379 104.051
36.0924 120.6895
62.7914 114.1936
59.8269 94.3072
58.9433 92.8789
45.538 71.2078
61.0264 76.782
72.244 80.8232
73.2754 81.1952
73.7395 80.0794
85.3459 71.2642
85.3459 71.2642
89.7786 61.8866
90.6375 60.0697
91.6044 58.0245
98.8861 42.6192
99.3026 39.4918
94.1421 12.2284
78.8755 17.2414
79.8162 16.7728
94.4058 21.0612
97.6635 17.4712
103.6171 23.2534
103.8256 23.4558
104.1764 23.7965
105.19 24.7808
87.7998 33.1759
82.0443 35.9533
79.6484 41.4487
79.5466 58.7848
64.6539 67.4002
59.9346 64.5727
56.4649 63.7188
48.6296 61.7895
41.1622 55.2725
37.6512 52.2073
32.4664 47.6809
25.1839 24.2312
16.9136 23.4369
7.2937 22.5129
27.6666 9.0861
38.4031 2.0091
42.651 11.7973
54.756 14.4656
60.9002 14.817
73.597 15.5429
78.2409 10.2568
82.8936 4.9605
89.224 -2.2448
96.1728 -10.1536
96.0154 -9.7013
91.4262 3.4829
80.1812 -11.5274
64.4325 3.1673
64.4195 3.1795
71.3213 21.2463
73.002 33.2336
71.8631 39.2571
71.14 43.0813
59.7512 46.8091
50 50
