OFV: 454.4180159286925
Runtime: 0.01852347597014159
Gap: None
repPt: {0: (50, 50), 10: (57.07411334627628, 46.737288035301745), 9: (35.46127179111656, 20.719511583170366), 6: (40.370530431055215, 8.114869019887674), 5: (64.77289771690684, 12.423265878394833), 15: (85.21409943621022, 13.94859922358608), 16: (91.42276195649877, 44.82364199374052), 1: (94.96857073075213, 58.33621355437399), 2: (119.67226722490645, 61.24878877153383), 11: (95.95945857624535, 96.30086613689157), 12: (72.81247934313292, 109.55593484728256), 3: (67.93002537351866, 87.57152354454391), 4: (40.99289952536035, 80.25923127668658), 18: (20.52275149656337, 94.11502515576669), 17: (6.035624810366622, 61.68185286156283), 7: (6.159410273797853, 36.34164847026126), 8: (6.248345331993416, 18.13788602977635), 14: (31.532873930761426, 26.56180891314475), 13: (45.01166773089253, 31.05212127904993)}
lowerBound: 454.41801013566663
upperBound: 454.4180159286925
solType: IP_Optimal
Path: 
50 50
57.0741 46.7373
35.4613 20.7195
40.3705 8.1149
64.7729 12.4233
85.2141 13.9486
91.4228 44.8236
94.9686 58.3362
119.6723 61.2488
95.9595 96.3009
72.8125 109.5559
67.93 87.5715
40.9929 80.2592
20.5228 94.115
6.0356 61.6819
6.1594 36.3416
6.2483 18.1379
31.5329 26.5618
45.0117 31.0521
50 50
