OFV: 383.4131225914899
Runtime: 15.50754009297816
Gap: 0.0
repPt: {0: (50, 50), 14: (51.432178439237966, 51.39404024505125), 13: (29.628576899532057, 54.89926589670374), 6: (11.850138865394634, 57.76535962086329), 5: (13.004947863914142, 70.32172085707744), 11: (12.925216201458671, 93.67464946073409), 12: (40.46949392172152, 104.25957087250937), 8: (67.94231048237278, 102.66861123839327), 7: (78.38915255591891, 75.12360368212559), 1: (98.2321373355862, 22.803063377580624), 2: (107.64016737945569, -2.0039889720069453), 16: (93.99459451205614, 1.2096791291988587), 15: (64.3018433634135, 8.19941378746494), 4: (35.98011932991019, 18.126328939677773), 3: (33.84001403695748, 50.08486663546322), 10: (36.3563594920728, 48.93485602090388), 9: (52.7739298317633, 41.433267221048844)}
solType: IP_Optimal
lowerBound: 383.4131323280561
upperBound: 383.4131225914899
Path: 
50 50
51.4322 51.394
29.6286 54.8993
11.8501 57.7654
13.0049 70.3217
12.9252 93.6746
40.4695 104.2596
67.9423 102.6686
78.3892 75.1236
98.2321 22.8031
107.6402 -2.004
93.9946 1.2097
64.3018 8.1994
35.9801 18.1263
33.84 50.0849
36.3564 48.9349
52.7739 41.4333
50 50
