OFV: 344.5591885034135
Runtime: 0.018343976931646466
Gap: None
repPt: {0: (50, 50), 10: (47.052505090334954, 42.36829172326716), 9: (47.39760547351846, 15.878333021014829), 5: (47.42483295271445, 13.466070743320053), 6: (35.20727222159712, 12.988178100475274), 2: (14.467397382099005, 34.129751996643606), 1: (16.833660294830707, 20.427355233757936), 14: (18.282694565806054, 14.799519103981076), 13: (7.469713021104743, 2.5526880673984778), 18: (32.598324884291976, 1.0932098859379615), 17: (58.636405362421314, 6.1703071691792495), 16: (75.73985651176409, 9.505304668951908), 15: (52.942911315543604, 33.24953439209085), 7: (51.50071904212123, 29.852920308836843), 8: (58.839929062703234, 41.29897579526089), 3: (64.74285451298775, 50.50523153729206), 4: (57.040965389439826, 83.21817283095316), 11: (35.7326785917384, 86.96159778493998), 12: (53.21961472231995, 67.96133622169688)}
lowerBound: 344.5591590000037
upperBound: 344.5591885034135
solType: IP_Optimal
Path: 
50 50
47.0525 42.3683
47.3976 15.8783
47.4248 13.4661
35.2073 12.9882
14.4674 34.1298
16.8337 20.4274
18.2827 14.7995
7.4697 2.5527
32.5983 1.0932
58.6364 6.1703
75.7399 9.5053
52.9429 33.2495
51.5007 29.8529
58.8399 41.299
64.7429 50.5052
57.041 83.2182
35.7327 86.9616
53.2196 67.9613
50 50
