OFV: 272.6127864390223
Runtime: 77.43722544600132
Gap: 1.466989120730418e-08
repPt: {0: (50, 50), 1: (61.91712467713189, 76.0893446620805), 2: (55.57216024086437, 97.46313341936276), 10: (57.4315610028269, 97.42969359331447), 9: (77.20116870535539, 97.0741000844116), 3: (76.74629403377122, 99.8161518299989), 4: (75.93049886775479, 104.73549827622473), 6: (99.70746847933333, 65.49160291435823), 5: (75.9279745982596, 51.307261213739956), 8: (74.19906338192723, 50.275686013967), 7: (64.59647151126039, 40.68696683459216), 12: (38.34287265638344, 14.474178746659554), 11: (27.110730676571784, 9.49912462931323), 14: (21.40399042333659, 12.24490776396691), 13: (34.37584126485023, 29.385444112387898)}
solType: IP_Optimal
lowerBound: 272.61278243982235
upperBound: 272.6127864390223
Path: 
50 50
61.9171 76.0893
55.5722 97.4631
57.4316 97.4297
77.2012 97.0741
76.7463 99.8162
75.9305 104.7355
99.7075 65.4916
75.928 51.3073
74.1991 50.2757
64.5965 40.687
38.3429 14.4742
27.1107 9.4991
21.404 12.2449
34.3758 29.3854
50 50
