OFV: 394.89530570629813
Runtime: 0.045714661944657564
Gap: None
repPt: {0: (50, 50), 12: (35.51940713742736, 37.88144747206397), 11: (9.964010726037428, 12.595513392015578), 19: (4.181726078378336, 19.730620013790073), 20: (16.566549525029924, 44.69325525024231), 17: (1.8339586734707345, 44.397007159607405), 18: (-17.852774319089274, 46.5602327960592), 3: (11.844532919018276, 62.219949862454314), 4: (1.6730348358523082, 82.59846537750336), 5: (1.7651080590626762, 82.26451138733542), 6: (16.748873833375164, 90.53331644257837), 8: (15.567551700882953, 93.07521372974908), 7: (16.05708173920951, 60.305635825108986), 9: (21.115338210598036, 45.2331041144236), 10: (31.105849926512782, 15.46306770551959), 1: (31.594461421817464, 14.00736119783177), 2: (45.39185974285233, 4.53129197549615), 15: (74.77914738442188, 2.400958478442962), 16: (68.02004130568903, 26.76210451309633), 14: (51.698082612940674, 27.644306262938212), 13: (50.44525335952439, 44.136416765337074)}
lowerBound: 394.89527105721163
upperBound: 394.89530570629813
solType: IP_Optimal
Path: 
50 50
35.5194 37.8814
9.964 12.5955
4.1817 19.7306
16.5665 44.6933
1.834 44.397
-17.8528 46.5602
11.8445 62.2199
1.673 82.5985
1.7651 82.2645
16.7489 90.5333
15.5676 93.0752
16.0571 60.3056
21.1153 45.2331
31.1058 15.4631
31.5945 14.0074
45.3919 4.5313
74.7791 2.401
68.02 26.7621
51.6981 27.6443
50.4453 44.1364
50 50
