OFV: 393.8291886719286
Runtime: 0.14241507498081774
Gap: None
repPt: {0: (50, 50), 8: (43.10371239707901, 43.656447796585), 7: (40.8806924122372, 13.059808525427172), 13: (40.880693046590686, 13.059807192135214), 14: (28.433438704041404, -2.2538448390245014), 1: (0.5387721941990868, 18.512992431114764), 2: (-11.972745765431476, 27.82882426382445), 10: (0.11436077381731469, 90.13436842967559), 9: (9.431264800419466, 86.27467679261115), 5: (46.51109985407804, 70.91398113408991), 6: (57.55237736318455, 52.22772934071797), 16: (62.07768933215116, 54.0460284402307), 15: (84.95105241173874, 63.23869613371518), 12: (121.54310456034939, 72.29181538245963), 11: (96.26736503474021, 68.14959698600686), 4: (86.70810729872615, 66.58273514296597), 3: (80.87027437701298, 53.05202320225638)}
lowerBound: 393.8291459726434
upperBound: 393.8291886719286
solType: IP_Optimal
Path: 
50 50
43.1037 43.6564
40.8807 13.0598
40.8807 13.0598
28.4334 -2.2538
0.5388 18.513
-11.9727 27.8288
0.1144 90.1344
9.4313 86.2747
46.5111 70.914
57.5524 52.2277
62.0777 54.046
84.9511 63.2387
121.5431 72.2918
96.2674 68.1496
86.7081 66.5827
80.8703 53.052
50 50
