OFV: 343.7214996987226
Runtime: 1623.5647950172424
Gap: 0
repPt: {0: (50, 50), 1: (32.81565784452373, 61.80874952642244), 2: (48.74456770060309, 62.68511179551756), 3: (60.505750860607044, 72.43863632830495), 4: (39.90717298165003, 89.58227781643201), 5: (39.671133207505946, 11.699768936822448), 6: (51.5732718179881, -1.2011474089195957), 7: (10.82066006849681, 88.57094027548153), 8: (8.244208428151769, 94.96740011408065), 9: (85.0296747350973, 61.438260217427356), 10: (99.66885312831677, 54.87178783867967), 11: (7.416231546763177, 96.15324009211292), 12: (-4.25237264045202, 112.86724638046518), 13: (44.259787114851555, 27.04292826364171), 14: (38.92263568859499, 18.53422795304466)}
solType: IP_Optimal
lowerBound: 343.72093276500874
upperBound: 343.7214996987226
Path: 
50 50
48.7446 62.6851
32.8157 61.8087
10.8207 88.5709
8.2442 94.9674
7.4162 96.1532
-4.2524 112.8672
39.9072 89.5823
60.5058 72.4386
85.0297 61.4383
99.6689 54.8718
51.5733 -1.2011
39.6711 11.6998
38.9226 18.5342
44.2598 27.0429
50 50
