OFV: 969.705567963254
Runtime: 210.9101789330598
Gap: None
Path: 
50 50
48.893 67.0405
36.8567 66.9605
32.9258 64.8084
23.7556 57.8102
18.5058 53.8023
7.6205 45.4951
9.6 53.9172
6.06 69.4253
7.9799 71.7092
16.4787 81.831
23.2149 94.0196
31.7249 109.4181
51.1682 85.1622
59.8083 74.3803
66.6788 65.8052
68.5508 63.4668
73.8277 55.3892
82.2673 42.4751
82.2935 42.4349
82.2334 43.2227
78.2621 68.4863
77.6674 72.2819
77.5915 72.7206
82.2794 75.8123
72.2055 78.1266
61.7328 81.3954
58.8968 82.2795
73.0228 87.8274
77.5156 87.0789
93.3459 84.4502
98.9842 83.5115
113.5301 81.0958
112.4414 85.4913
101.9515 81.714
101.2793 81.4725
99.9894 64.5871
99.2878 55.3539
98.436 41.5997
97.9495 33.8085
97.5966 28.1676
100.5591 25.6698
115.8535 17.9211
116.0554 18.3604
112.0839 17.8928
97.6221 16.1935
97.2981 16.4631
108.8138 25.0211
97.6532 7.0163
94.7575 2.3506
116.5602 -18.1047
91.3565 -15.2855
91.3565 -15.2855
86.3498 4.9068
86.1097 10.7978
85.9357 15.0732
84.5012 49.9426
78.6957 49.4265
58.624 47.6323
58.8221 46.7093
59.0004 45.8787
61.1037 36.0177
62.304 30.4002
62.1216 29.7926
57.5264 26.4528
45.0822 17.4248
35.5948 10.544
30.1589 6.6032
27.8408 4.9233
20.5021 -0.401
11.275 6.8827
8.5803 9.0127
27.2005 13.3856
29.8428 14.0077
42.7146 17.0321
52.9959 19.4471
56.6707 17.1418
67.0468 10.6382
71.8122 7.6494
67.285 5.6295
52.3341 -1.0303
48.3427 3.7703
41.0446 12.5427
40.3585 14.0827
39.4726 16.0703
36.3827 22.9889
33.9599 28.4159
32.4978 31.693
16.8188 31.5403
16.8187 31.5403
27.3079 20.4461
28.6448 19.0332
20.9819 32.7913
4.5712 37.5726
7.4838 34.9658
14.5282 38.7857
16.448 39.8275
29.7556 47.0439
28.1301 48.7009
39.4974 47.0256
42.7552 46.5442
50 50
