OFV: 362.13061049174723
Runtime: 0.012511859997175634
Gap: None
repPt: {0: (50, 50), 8: (40.56941694536905, 49.34469454155253), 7: (24.92783185457254, 30.699225508295353), 12: (30.04770047668524, 1.23869302961109), 11: (57.400864148382816, 5.024654672420169), 5: (94.67942541531268, 10.184484118549577), 6: (108.26929719540352, 41.370450550365355), 3: (71.23014664720407, 81.57757010549702), 4: (46.882206591576235, 93.20434841286945), 10: (25.290281995351616, 98.85964258936254), 9: (9.776921349169985, 79.20255406485538), 1: (22.4053659910866, 72.97275753267353), 2: (32.994696215788196, 60.25420337469158), 13: (24.414647175904566, 63.27515426051876), 14: (50.90006255257048, 50.42501043366251)}
lowerBound: 362.1305333619176
upperBound: 362.13061049174723
solType: IP_Optimal
Path: 
50 50
40.5694 49.3447
24.9278 30.6992
30.0477 1.2387
57.4009 5.0247
94.6794 10.1845
108.2693 41.3705
71.2301 81.5776
46.8822 93.2043
25.2903 98.8596
9.7769 79.2026
22.4054 72.9728
32.9947 60.2542
24.4146 63.2752
50.9001 50.425
50 50
