OFV: 907.9387639717256
Runtime: 22.869082438992336
Gap: None
Path: 
50 50
61.807 45.7857
88.1749 61.549
92.1653 63.9363
109.5002 59.9357
106.6635 59.3515
75.7655 52.9683
73.313 52.7573
87.6607 38.0994
85.2245 31.8415
48.8142 26.2761
44.8572 25.6729
22.8163 19.0726
16.6038 12.0327
16.56 -0.6271
28.3909 -2.1888
43.3084 -8.7757
21.5563 -14.6921
4.2955 11.336
5.4178 12.6848
23.1482 45.3687
16.3962 48.5721
12.3409 50.4945
8.0522 63.1687
4.2455 74.4163
15.3765 68.5317
17.7554 55.1328
23.0708 55.9077
24.1991 83.4791
22.3202 83.0231
32.4113 88.0013
33.6913 87.2724
59.9564 72.3301
59.9652 72.3739
63.9788 92.2758
59.3404 88.8949
68.3862 86.7819
72.1718 85.8991
90.9394 89.3324
93.7027 89.6442
113.2513 91.8336
110.0319 82.7435
101.9184 59.8223
99.6995 53.5571
111.1312 24.7883
133.9344 9.5878
99.9148 10.0136
83.7126 18.2058
61.6169 10.2977
56.8606 12.4293
61.7706 -4.9371
68.381 4.9262
71.1429 30.5173
75.2151 44.4814
84.1282 75.0618
84.1282 75.0617
81.4119 58.4049
76.5962 60.2729
57.7125 66.3441
52.5311 69.3115
50.4441 53.398
50 50
