OFV: 435.1108915004346
Runtime: 3601.5855099740147
Gap: 0.12786822437022252
repPt: {0: (50, 50), 17: (55.66174497733583, 56.727384268223695), 18: (63.15830532061623, 65.63945371562373), 5: (65.93878425599144, 92.12893205710024), 6: (67.1663398073886, 103.8420750301503), 19: (68.07292154960527, 101.15096519921394), 20: (70.30609962409389, 126.89076680669632), 15: (95.14510978852813, 100.62371213221095), 16: (115.73940938614642, 86.5099098429973), 12: (97.7923388542173, 58.53986493372891), 11: (79.77439223523638, 30.4595765870317), 7: (71.09462123013998, 30.54259489351521), 8: (63.84942366921341, 32.362552675305324), 9: (44.85177210854203, -1.0396726267224834), 10: (34.061750546856906, -21.876439310506985), 14: (33.60760136314888, -6.052594038709752), 13: (15.492983007217077, 11.137690899352167), 4: (-4.321427263618512, 29.947328686947504), 3: (11.703430917065257, 50.78983735641789), 2: (37.64125745017846, 44.30501241196184), 1: (49.31485326327213, 41.38433274389647)}
solType: IP_TimeLimit
lowerBound: 379.4740344001295
upperBound: 435.1108915004346
Path: 
50 50
55.6617 56.7274
63.1583 65.6395
65.9388 92.1289
67.1663 103.8421
68.0729 101.151
70.3061 126.8908
95.1451 100.6237
115.7394 86.5099
97.7923 58.5399
79.7744 30.4596
71.0946 30.5426
63.8494 32.3626
44.8518 -1.0397
34.0618 -21.8764
33.6076 -6.0526
15.493 11.1377
-4.3214 29.9473
11.7034 50.7898
37.6413 44.305
49.3149 41.3843
50 50
