OFV: 548.0153981904634
Runtime: 12.028118741931394
Gap: None
repPt: {0: (50, 50), 19: (47.710900685051584, 52.38062684558382), 20: (51.38549171532002, 22.707816851679773), 31: (51.51152775322501, 21.688817542584136), 32: (59.92138691193185, 4.409773506665614), 26: (36.57221529020071, 13.14911714425984), 25: (24.058403087526806, 11.626061546611824), 15: (12.090900073076906, 10.169526658248177), 16: (10.875249722939897, 31.62162386910381), 21: (9.715434557396064, 52.08846440809534), 22: (30.936108157131024, 45.55552137877237), 29: (34.18667287680774, 44.5544638511962), 30: (40.42802978109287, 72.41469756084139), 7: (31.860410749095394, 68.73906116587544), 8: (35.074708882533635, 76.1495314081385), 40: (35.34680040371269, 76.77599060934608), 39: (38.31485375753712, 89.88880665789868), 37: (44.30985572049175, 92.90737825698466), 38: (59.31668095720491, 108.90001987533773), 13: (72.64756968658476, 94.83451010203805), 14: (88.66685944275606, 82.91278222536488), 27: (89.11678706450012, 82.57791515228315), 28: (95.9582192794281, 77.48640421021827), 35: (96.13115965656344, 77.35764935350326), 36: (105.82652669191805, 88.61382294070656), 1: (101.10268725849177, 85.8368540025193), 2: (113.778025800626, 70.94224430111207), 4: (101.02530491896131, 62.82485681923521), 3: (93.53627644161566, 58.05762580389337), 6: (97.05474855023165, 54.155974296101476), 5: (76.31335090041772, 54.89023739042398), 33: (69.88155665229249, 47.38225506093329), 34: (87.0321994223174, 38.13738532369786), 17: (97.99770934863513, 32.22692981505746), 18: (102.35825803526599, 30.095952146837845), 24: (105.19820292433187, 2.198651742598987), 23: (94.91115489754702, 6.359784386817234), 12: (92.7746968013644, 15.372966058078), 11: (83.86985111178242, 22.581525011826606), 10: (80.04484781481914, 25.67756964538855), 9: (57.53527735794527, 43.90000074958777)}
lowerBound: 548.0153746525382
upperBound: 548.0153981904634
solType: IP_Optimal
Path: 
50 50
47.7109 52.3806
51.3855 22.7078
51.5115 21.6888
59.9214 4.4098
36.5722 13.1491
24.0584 11.6261
12.0909 10.1695
10.8752 31.6216
9.7154 52.0885
30.9361 45.5555
34.1867 44.5545
40.428 72.4147
31.8604 68.7391
35.0747 76.1495
35.3468 76.776
38.3149 89.8888
44.3099 92.9074
59.3167 108.9
72.6476 94.8345
88.6669 82.9128
89.1168 82.5779
95.9582 77.4864
96.1312 77.3576
105.8265 88.6138
101.1027 85.8369
113.778 70.9422
101.0253 62.8249
93.5363 58.0576
97.0547 54.156
76.3134 54.8902
69.8816 47.3823
87.0322 38.1374
97.9977 32.2269
102.3583 30.096
105.1982 2.1987
94.9112 6.3598
92.7747 15.373
83.8699 22.5815
80.0448 25.6776
57.5353 43.9
50 50
