OFV: 543.8283564176725
Runtime: 18.306298804935068
Gap: None
Path: 
50 50
46.4406 59.5108
36.7838 85.3058
28.7988 106.636
28.4965 104.0871
27.1605 92.8341
26.7845 89.6645
24.328 68.982
14.1235 66.2989
12.3102 65.8225
30.7468 40.5133
37.2064 31.6463
28.8911 17.3933
16.2024 14.1684
20.204 31.2418
10.2085 33.9706
15.3029 39.453
23.6666 50.0511
28.9367 56.7278
36.6126 60.0008
59.1517 49.4432
61.9854 49.8325
61.8588 54.2764
61.2191 76.7673
62.6648 79.034
75.1742 81.1656
69.1582 60.1995
66.5856 51.2404
65.7085 48.1878
63.5065 40.5195
61.7258 34.3192
54.6628 22.8453
53.1035 18.988
50.8056 13.3023
48.6586 7.9841
46.9768 3.8183
52.7455 -26.053
89.2155 0.2063
68.2943 10.7334
65.742 12.3999
52.2715 44.5738
50 50
