OFV: 335.83520856943994
Runtime: 8.033098223007983
Gap: 0.0
repPt: {0: (50, 50), 14: (49.58829801060132, 50.217503290953964), 13: (26.27186353348664, 62.53260411751287), 2: (31.127237072211436, 61.05049597716174), 1: (20.78224369936334, 71.72867379501126), 9: (11.853009183312766, 78.9097422908543), 10: (25.898266194747194, 96.95412612030238), 4: (46.15153752294261, 91.34218208272594), 3: (70.06089261416588, 79.95484368233778), 6: (106.29884843760593, 41.02777055533511), 5: (93.46384304232024, 11.772699961500706), 11: (56.93117805396327, 6.528091010592743), 12: (31.245521187743563, 2.840448790694917), 7: (26.83986780942097, 30.109446467655708), 8: (42.02898860045679, 47.87592578516294)}
solType: IP_Optimal
lowerBound: 335.835216880633
upperBound: 335.83520856943994
Path: 
50 50
49.5883 50.2175
26.2719 62.5326
31.1272 61.0505
20.7822 71.7287
11.853 78.9097
25.8983 96.9541
46.1515 91.3422
70.0609 79.9548
106.2988 41.0278
93.4638 11.7727
56.9312 6.5281
31.2455 2.8404
26.8399 30.1094
42.029 47.8759
50 50
