OFV: 409.97854243511046
Runtime: 16.822633536998183
Gap: 0.0
repPt: {0: (50, 50), 17: (33.6103560761415, 26.26830491620647), 18: (17.281940749126147, 2.628687955335259), 10: (28.35280398153843, -7.6151335784538645), 9: (5.621929803781661, 1.1082187602077207), 2: (-7.981790762011283, -6.580351107547998), 1: (2.9540913808628884, 17.932880926881197), 12: (-22.563952847225032, 42.72181478194305), 11: (5.620941582655949, 45.73862064598779), 4: (6.259553064721388, 47.64297895703509), 3: (16.10859571499144, 77.00001069575532), 6: (18.273050695166102, 70.67671655583325), 5: (33.612148943526506, 94.15466374186109), 7: (30.717442452234444, 89.29524252188882), 8: (39.38684303755073, 111.40125562138606), 19: (44.5780840113057, 100.12885773587091), 20: (57.357663489768306, 89.55787642576546), 14: (62.62066143249758, 75.55149111133413), 13: (54.404023488145086, 63.39359247603317), 16: (46.07971182046518, 72.7788264656312), 15: (34.17869815161046, 70.9691405094775)}
solType: IP_Optimal
lowerBound: 409.9785632042212
upperBound: 409.97854243511046
Path: 
50 50
33.6104 26.2683
17.2819 2.6287
28.3528 -7.6151
5.6219 1.1082
-7.9818 -6.5804
2.9541 17.9329
-22.564 42.7218
5.6209 45.7386
6.2596 47.643
16.1086 77.0
18.2731 70.6767
33.6121 94.1547
30.7174 89.2952
39.3868 111.4013
44.5781 100.1289
57.3577 89.5579
62.6207 75.5515
54.404 63.3936
46.0797 72.7788
34.1787 70.9691
50 50
