OFV: 276.54179302988433
Runtime: 433.51470596302534
Gap: 1.2465288185065594e-07
repPt: {0: (50, 50), 6: (56.60241819175025, 69.93953146607043), 5: (62.542411832593636, 87.87790024370192), 14: (34.53065603427148, 87.64865599436834), 13: (27.326146819701847, 65.66255700970449), 3: (26.579506559043942, 64.16971376992917), 4: (12.711690668854233, 36.44280725068246), 7: (8.946154335478896, 37.94999876755214), 8: (9.37028233946565, 54.7393761691757), 10: (23.935026326881783, 47.85194211075631), 9: (51.79348895393282, 34.678154968277944), 11: (55.65632793349209, 15.794424442992526), 12: (57.78205172773974, 5.402827200481166), 1: (40.73190793007498, 47.712001734952366), 2: (47.9581928104216, 49.495924621637364)}
solType: IP_Optimal
lowerBound: 276.5417585581529
upperBound: 276.54179302988433
Path: 
50 50
56.6024 69.9395
62.5424 87.8779
34.5307 87.6487
27.3261 65.6626
26.5795 64.1697
12.7117 36.4428
8.9462 37.95
9.3703 54.7394
23.935 47.8519
51.7935 34.6782
55.6563 15.7944
57.7821 5.4028
40.7319 47.712
47.9582 49.4959
50 50
