OFV: 458.35492597560375
Runtime: 9.516537571005756
Gap: 0.0
repPt: {0: (50, 50), 7: (60.788171375635926, 60.2020830881849), 8: (79.23033626130443, 39.95210118892813), 14: (124.51529450391001, 49.20256340630088), 13: (98.46907232611575, 60.32430632792111), 16: (87.62343488043261, 64.95519811190815), 15: (89.35786692019481, 76.20702619433531), 6: (51.67437831899148, 87.78412624082806), 5: (40.915535879167386, 61.99562120504904), 1: (16.558502729723823, 80.36938765158747), 2: (-8.329914476330053, 74.92672013257608), 3: (21.45306846912071, 43.88799557881857), 4: (26.66615182585857, 20.053965195134683), 9: (15.08041932510522, 18.814804059235072), 10: (0.004429439128155269, -9.567899607519978), 11: (38.761977135066736, 16.701465095001087), 12: (49.38372562908054, 30.03373407381111)}
solType: IP_Optimal
lowerBound: 458.35494889443896
upperBound: 458.35492597560375
Path: 
50 50
60.7882 60.2021
79.2303 39.9521
124.5153 49.2026
98.4691 60.3243
87.6234 64.9552
89.3579 76.207
51.6744 87.7841
40.9155 61.9956
16.5585 80.3694
-8.3299 74.9267
21.4531 43.888
26.6662 20.054
15.0804 18.8148
0.0044 -9.5679
38.762 16.7015
49.3837 30.0337
50 50
