OFV: 361.0225609132115
Runtime: 1047.5541055939975
Gap: 1.9177566940550204e-08
repPt: {0: (50, 50), 14: (45.52252792868616, 61.14868377783817), 13: (63.76708709991242, 74.27428897446799), 5: (81.8220994909065, 87.26453437236104), 6: (91.91483921957021, 94.52705335785774), 11: (97.02673894136723, 92.0732574761073), 12: (112.4529445794291, 84.67319197074454), 3: (87.51802076389109, 10.151239211124688), 4: (67.49848650058071, 24.25314893790847), 7: (66.58716600611632, 24.895647609011935), 8: (63.557211698899344, 9.938753926884093), 16: (33.81407662754698, 7.573132483920228), 15: (11.551079817172518, 26.05455597499958), 17: (15.181127260777785, 13.762990217650628), 18: (17.115967603635898, 37.348310251461285), 1: (17.910249399492034, 47.062586425252114), 2: (30.80242607542612, 43.51160877830304), 10: (41.04944394569703, 40.685555687776116), 9: (53.291465858864335, 42.41845207308005)}
solType: IP_Optimal
lowerBound: 361.0225539896772
upperBound: 361.0225609132115
Path: 
50 50
45.5225 61.1487
63.7671 74.2743
81.8221 87.2645
91.9148 94.5271
97.0267 92.0733
112.4529 84.6732
87.518 10.1512
67.4985 24.2531
66.5872 24.8956
63.5572 9.9388
33.8141 7.5731
11.5511 26.0546
15.1811 13.763
17.116 37.3483
17.9102 47.0626
30.8024 43.5116
41.0494 40.6856
53.2915 42.4185
50 50
