OFV: 326.98293262046366
Runtime: 56.29362991000016
Gap: 0.0
repPt: {0: (50, 50), 6: (37.71865833561325, 59.44026110618017), 5: (47.61105987335557, 30.667578791723916), 3: (47.53853220208243, 30.306121237307003), 4: (45.78576389014971, 21.510644105721408), 7: (56.71301869191564, 27.303492853684112), 8: (75.15082540011106, 15.684854498730953), 9: (75.29955404117705, 15.591191831795536), 10: (81.65633198796107, 11.586113489492147), 11: (84.4529990973103, 20.740032758984537), 12: (99.0333815535894, 36.947201047172314), 1: (97.19994166695898, 43.57487538640344), 2: (104.9416639968809, 70.48342341847888), 13: (60.760482344463334, 97.38052079288444), 14: (42.47370375677004, 108.51326510143028), 15: (44.99657162991837, 64.65724637704652), 16: (68.69209607718058, 49.9726278480758)}
solType: IP_Optimal
lowerBound: 326.9829947977949
upperBound: 326.98293262046366
Path: 
50 50
37.7187 59.4403
47.6111 30.6676
47.5385 30.3061
45.7858 21.5106
56.713 27.3035
75.1508 15.6849
75.2996 15.5912
81.6563 11.5861
84.453 20.74
99.0334 36.9472
97.1999 43.5749
104.9417 70.4834
60.7605 97.3805
42.4737 108.5133
44.9966 64.6572
68.6921 49.9726
50 50
