OFV: 341.2673056799539
Runtime: 14.602985100005753
Gap: 4.154052406361087e-08
repPt: {0: (50, 50), 5: (24.95695570716553, 3.3451028681231953), 6: (17.079702307313497, -7.639208760464535), 2: (99.01892340718028, -26.71647986699974), 1: (94.26482414304523, 6.297493135364622), 8: (88.19277537559495, 39.868683800565265), 7: (89.47000798625623, 57.732597207204854), 12: (95.55162431819264, 38.06762592336591), 11: (65.8957202770297, 39.54538695962279), 3: (66.65919163085046, 35.85666995292999), 4: (57.69470797474378, 55.78294051970179), 10: (52.66503131757294, 66.94442405415586), 9: (50.5150511222767, 53.27702758625679)}
solType: IP_Optimal
lowerBound: 341.26729150353117
upperBound: 341.2673056799539
Path: 
50 50
24.957 3.3451
17.0797 -7.6392
99.0189 -26.7165
94.2648 6.2975
88.1928 39.8687
89.47 57.7326
95.5516 38.0676
65.8957 39.5454
66.6592 35.8567
57.6947 55.7829
52.665 66.9444
50.5151 53.277
50 50
