OFV: 348.6740108021117
Runtime: 44.178255626000464
Gap: 2.8548336010339268e-08
repPt: {0: (50, 50), 1: (49.74341710232869, 53.105969483330426), 2: (40.60509019752903, 52.46237097453966), 12: (32.83776898735114, 21.99359663062488), 11: (5.044325428368225, 28.944073846645402), 10: (8.758200146625327, 31.19094566292578), 9: (5.924977203594766, 48.31885547094512), 17: (8.101457942218701, 47.308323274888394), 18: (15.863012032688024, 43.71076221614931), 19: (7.264777056648052, 74.5075573588023), 20: (12.609962455458987, 84.06628451608061), 13: (12.550601759216855, 84.09713977258704), 14: (-1.9391137060861023, 91.62876804231396), 15: (22.894850263549998, 91.79067923881578), 16: (53.057367156352534, 95.29419144368212), 7: (64.46312966303942, 96.61903483998417), 8: (95.0126258914516, 100.16762047394388), 6: (94.98330698862546, 100.11738084341332), 5: (85.56978098554646, 84.0488867737752), 4: (92.86067156899634, 76.22344710670976), 3: (82.19528297460901, 53.46971972761154)}
solType: IP_Optimal
lowerBound: 348.6740008480489
upperBound: 348.6740108021117
Path: 
50 50
49.7434 53.106
40.6051 52.4624
32.8378 21.9936
5.0443 28.9441
8.7582 31.1909
5.925 48.3189
8.1015 47.3083
15.863 43.7108
7.2648 74.5076
12.61 84.0663
12.5506 84.0971
-1.9391 91.6288
22.8949 91.7907
53.0574 95.2942
64.4631 96.619
95.0126 100.1676
94.9833 100.1174
85.5698 84.0489
92.8607 76.2234
82.1953 53.4697
50 50
