OFV: 742.200897690977
Runtime: 85.45515066303778
Gap: None
Path: 
50 50
57.4369 53.796
72.2777 61.3761
75.4187 67.9995
78.3334 74.1475
83.4723 84.9776
89.034 96.702
96.9498 77.693
95.493 84.9325
94.5406 89.6593
114.7467 82.956
117.7994 72.259
109.6216 63.6009
99.5359 52.9189
90.4863 43.3373
92.7056 41.5076
99.2475 31.6862
96.0837 23.1344
85.011 16.3009
83.8292 15.5718
88.4524 6.2257
88.4525 6.2257
72.3024 11.6906
59.8858 15.8927
44.4238 21.1249
42.1593 25.0051
42.5512 24.1715
50.2507 7.8198
54.9741 1.1203
62.5701 3.4365
74.1338 6.9612
71.162 23.8947
69.3253 34.343
67.5187 44.6147
65.9329 53.6277
64.8824 59.5955
65.7156 85.1432
62.6396 84.3608
47.5313 68.4862
42.9656 63.6916
47.897 86.7764
51.0845 88.9156
43.5457 91.0802
43.2213 91.1731
42.904 91.2639
36.0145 83.7153
17.8072 94.1358
17.8073 94.1358
15.9742 122.4236
21.4344 67.6537
22.9621 52.3262
23.348 48.4543
26.7913 13.9439
28.99 -8.0921
20.8832 4.4735
21.8803 9.2213
9.2836 25.3784
12.8867 31.5924
22.4607 36.3408
31.3108 40.7298
40.5927 45.3335
50 50
