OFV: 940.1870814879424
Runtime: 30.86152115801815
Gap: None
Path: 
50 50
44.4326 56.742
15.0217 63.2568
4.9907 78.9974
33.6463 93.2747
23.8203 94.3648
25.6921 97.1569
35.7442 102.2678
48.1421 108.5714
52.7471 110.9123
47.5682 98.8645
48.464 91.1638
50.479 73.8149
51.0998 68.4997
49.6916 68.2598
37.7139 66.1988
24.6 67.6681
31.0444 72.3605
55.7606 90.3777
73.8467 94.777
83.268 117.6243
71.4873 108.6815
67.445 79.749
67.1071 77.3297
88.1098 82.5403
95.2285 77.9693
124.922 86.6479
113.6004 62.5721
98.9175 61.4935
93.6432 61.108
94.2594 47.5899
95.0133 31.0195
65.6993 16.4336
76.3926 10.519
97.2326 11.352
93.7083 18.8061
86.975 8.3136
88.5418 3.4196
73.6927 2.8359
52.6443 -10.4702
47.7272 21.9314
44.8489 21.4711
15.6481 13.2443
27.9588 3.9485
34.3726 25.8374
39.075 18.9662
11.8209 27.0804
2.9981 29.7072
29.9528 39.9123
45.084 45.6361
73.8678 56.5343
73.797 56.605
51.4565 79.0855
50.0904 80.4563
58.6151 55.9367
60.4307 51.3171
62.0429 47.2196
67.6317 39.2677
68.5898 37.9
73.2361 44.6334
51.0446 48.4091
50 50
