OFV: 816.972596048395
Runtime: 3600.762031849008
Gap: None
repPt: {0: (50, 50), 47: (50.8407477581343, 50.028520709844976), 48: (75.32276057044565, 50.86403009021865), 39: (75.32273430998991, 50.86401759847513), 40: (75.64214236261273, 55.77481724833109), 20: (75.64215933872602, 55.774797226361), 19: (66.93862491833391, 88.68790274346665), 53: (64.39849013040518, 98.04538189234287), 54: (68.55557870076706, 116.3017291229999), 5: (74.28876323189189, 95.4535434420261), 6: (86.4225459332841, 82.78136664837875), 61: (92.57552409476536, 76.24503114172177), 62: (97.73699767106244, 79.51697526300089), 46: (103.40310759127514, 83.10855843480542), 45: (93.49094170960795, 90.25599720906763), 33: (93.58535580881302, 90.33992736312928), 34: (96.128912596436, 92.60013012427316), 78: (93.74776609181458, 92.29468994483162), 77: (84.69553265600698, 65.0966467061354), 4: (69.54910397531525, 64.49546129854927), 3: (38.03551192611054, 63.470654473069544), 2: (41.90131893366535, 60.33587984298248), 1: (37.64774406111801, 57.15233614944816), 13: (37.64774024652569, 57.15235987809899), 14: (34.36468856621464, 39.490138290452464), 27: (30.04505820030028, 46.721252866145285), 28: (28.014171712014026, 41.68231065217026), 36: (26.677962637662084, 38.36447187740661), 35: (12.887344432101264, 38.813226146865894), 7: (8.131375362864384, 38.96675065705665), 8: (8.15324857529432, 59.97684165673643), 49: (8.170301377494187, 77.22882046945608), 50: (15.721910021352542, 84.82770649116965), 75: (12.526115304457766, 84.01436028577419), 76: (21.68757995943852, 84.39616614345998), 17: (20.9306822664864, 84.18267152243817), 18: (25.152508037656542, 84.20663486610663), 16: (24.57109259531007, 83.78109869995222), 15: (18.826469516536385, 79.58189846190417), 37: (17.363712575342095, 78.5118336659799), 38: (35.63227774428675, 70.17741831303057), 64: (35.63227089160455, 70.17743335370145), 63: (29.664185187000868, 59.82137463141234), 25: (28.930819780343526, 58.54933406842993), 26: (49.32146899948058, 73.98004628736768), 73: (48.47767395454732, 72.7970798278707), 74: (55.28362023947216, 45.56163979258294), 22: (56.36801134006848, 41.22658682021413), 21: (56.81210751715627, 28.33472975739052), 9: (58.74832221253411, 32.15147002863532), 10: (76.59934726665472, 17.586893471095536), 65: (76.59933171326222, 17.586891265590225), 66: (94.53860372156804, 11.223638447463262), 57: (95.46148995795073, 12.156972226705863), 58: (99.70054283082838, 16.43503340506974), 30: (101.56853805009102, 13.586555943347843), 29: (97.16056711536456, 36.3849812861603), 32: (97.08059826113443, 36.79761112609342), 31: (82.8808157379045, 22.338466991696276), 56: (84.10288527941654, 24.37654987079045), 55: (67.58799231194563, 21.72653430009862), 12: (67.04033359057128, 21.638490282656143), 11: (58.6989917291174, 20.299988003789533), 51: (58.698991236875706, 20.300011513911755), 52: (75.91438881250002, 6.259094747845895), 43: (72.30063933078311, 7.574575687212623), 44: (68.17408791922905, -7.2306298779545815), 42: (61.30619051172509, -1.6626165703624485), 41: (56.88465615075945, 1.9184925809898008), 59: (56.95529378400394, 1.118203939957767), 60: (58.122793150307935, -12.135164571962816), 70: (58.12282711006333, -12.135147396276912), 69: (35.970165103922696, 1.8108142544365124), 24: (35.575309151931336, -8.862926049039416), 23: (27.962473958701985, 0.5022649574247682), 80: (22.294573501045754, 7.470851586730655), 79: (16.0004906198463, 17.549783950401416), 71: (20.560243541042446, 18.057205341247055), 72: (31.046682152061074, 19.225494466885706), 67: (31.046677242854965, 19.225480819117095), 68: (52.19822253884639, 42.05403245704027)}
lowerBound: 804.4751004288174
upperBound: 816.972596048395
solType: IP_TimeLimit
Path: 
50 50
50.8407 50.0285
75.3228 50.864
75.3227 50.864
75.6421 55.7748
75.6422 55.7748
66.9386 88.6879
64.3985 98.0454
68.5556 116.3017
74.2888 95.4535
86.4225 82.7814
92.5755 76.245
97.737 79.517
103.4031 83.1086
93.4909 90.256
93.5854 90.3399
96.1289 92.6001
93.7478 92.2947
84.6955 65.0966
69.5491 64.4955
38.0355 63.4707
41.9013 60.3359
37.6477 57.1523
37.6477 57.1524
34.3647 39.4901
30.0451 46.7213
28.0142 41.6823
26.678 38.3645
12.8873 38.8132
8.1314 38.9668
8.1532 59.9768
8.1703 77.2288
15.7219 84.8277
12.5261 84.0144
21.6876 84.3962
20.9307 84.1827
25.1525 84.2066
24.5711 83.7811
18.8265 79.5819
17.3637 78.5118
35.6323 70.1774
35.6323 70.1774
29.6642 59.8214
28.9308 58.5493
49.3215 73.98
48.4777 72.7971
55.2836 45.5616
56.368 41.2266
56.8121 28.3347
58.7483 32.1515
76.5993 17.5869
76.5993 17.5869
94.5386 11.2236
95.4615 12.157
99.7005 16.435
101.5685 13.5866
97.1606 36.385
97.0806 36.7976
82.8808 22.3385
84.1029 24.3765
67.588 21.7265
67.0403 21.6385
58.699 20.3
58.699 20.3
75.9144 6.2591
72.3006 7.5746
68.1741 -7.2306
61.3062 -1.6626
56.8847 1.9185
56.9553 1.1182
58.1228 -12.1352
58.1228 -12.1351
35.9702 1.8108
35.5753 -8.8629
27.9625 0.5023
22.2946 7.4709
16.0005 17.5498
20.5602 18.0572
31.0467 19.2255
31.0467 19.2255
52.1982 42.054
50 50
