OFV: 1398.4207951613012
Runtime: 3.934862046968192
Gap: None
repPt: {0: (50, 50), 43: (47.5209041487351, 59.74025295234306), 44: (63.75453189156381, 64.849573125447), 74: (59.95553155890978, 63.508176121283256), 73: (42.696085310395674, 94.26141566009963), 56: (39.46402909876054, 96.003082931742), 55: (24.698846992254634, 89.69164589264747), 63: (14.721040215103807, 85.42432736011322), 64: (13.949187017543782, 116.65099931190959), 66: (10.276764153219617, 107.82561663873001), 65: (4.8158092697149275, 94.7071371997285), 59: (4.815792174802516, 94.70711997606952), 60: (32.73524906815427, 105.90020708994867), 7: (40.49963175801443, 102.99832056591698), 8: (55.77228317165545, 109.91238190619464), 96: (67.83928124234438, 106.9141516343194), 95: (58.004017285416296, 81.29934234140579), 61: (70.43950333097608, 77.34208482434883), 62: (80.50671899261161, 91.71160026692858), 1: (85.42229797053083, 90.69974254810653), 2: (96.7893584095676, 106.18893065885555), 10: (96.82300630594833, 106.23468794199593), 9: (89.26699727487092, 83.45623523020805), 85: (89.68352420092071, 65.75667743231503), 86: (98.95386757723955, 74.15156432368252), 67: (98.95386345346583, 74.1515707105452), 68: (104.70050596262695, 60.829982788903045), 52: (106.00831583782713, 49.17078126515019), 51: (85.05290621531914, 43.18759595700487), 22: (85.0529136329538, 43.18760931035413), 21: (83.36368972725255, 70.15343354200351), 17: (83.38785665365677, 70.07953139461796), 18: (93.0301347469854, 40.48783746967859), 72: (93.18944155034528, 41.66809167561285), 71: (94.70507703026853, 52.812191656708656), 53: (96.00407926640985, 53.83690271923512), 54: (103.86848420576631, 27.956342832290243), 28: (104.43132967803119, 26.09985274386896), 27: (99.92921663279431, 45.92895610558606), 41: (99.71588725427203, 46.86589127540682), 42: (128.33551937639803, 52.52332369085985), 20: (125.9042737822431, 35.544208007188836), 19: (96.29307775669534, 29.106218891845334), 24: (96.2930702113053, 29.10622011166341), 23: (68.27424469888024, 7.592260718378465), 94: (70.26086533534767, 6.769182313070932), 93: (43.25839760110863, 14.097879135689231), 12: (43.83448835528759, 14.490832854929769), 11: (32.61936699051111, 6.59086639425731), 82: (32.64483803300166, 6.587047823638908), 81: (14.897836769362312, 20.49525976846367), 34: (14.868580059508313, 17.93279880979747), 33: (5.005568055482824, 39.131997243089764), 3: (7.454179389732946, 36.627806230960076), 4: (17.800030703485017, 40.48642723434959), 77: (13.801187750623368, 41.93638384273713), 78: (23.938822053092153, 40.227013919302635), 87: (20.837566974189595, 35.691148398909405), 88: (24.837969918338615, 15.078052604080415), 99: (26.036385632720354, 8.902982876658402), 100: (59.955621508496264, 5.046317140202806), 29: (58.463464333305765, 3.626972094021367), 30: (67.16635735225547, 21.825105759117733), 83: (67.166383991709, 21.825115873012898), 84: (98.00300495213763, 37.42062865547873), 6: (95.30198530460291, 37.26550825426485), 5: (74.94867715131699, 36.11074300360344), 26: (70.99878575498, 39.94216560967504), 25: (53.63151819437022, 31.87303823801144), 39: (48.48288883440851, 29.48004031260014), 40: (74.24822409459811, 9.926363343843825), 31: (74.44517631897808, 13.17061619872613), 32: (95.20744980160953, -2.78670016769577), 14: (100.7736947018646, -7.060747606516022), 13: (99.28842036500527, 12.78339853157595), 36: (100.50378559798966, 13.35066272659776), 35: (85.25105209153821, 22.448532324452895), 92: (84.48167780069458, 22.907954643176268), 91: (65.39217284617244, 15.009751982055722), 89: (64.5090991329949, 14.644512554164363), 90: (86.08840143198272, 35.48790335090544), 58: (84.97090842436229, 33.777794288130934), 57: (76.58995750988238, 20.958574452732435), 98: (76.58995697227893, 20.95858014372999), 97: (72.57567404244492, 3.252890775565082), 45: (75.71596284485517, 5.83321115037688), 46: (79.59262431496403, -7.40766997246213), 38: (53.59663600684117, -18.25992764113864), 37: (31.149157084666367, 4.66586380038547), 15: (30.532117436804107, 5.63457650192024), 16: (35.34549379779794, 39.45169152364963), 75: (32.760589437587754, 28.426366620050793), 76: (35.76827316113033, 42.2763034857614), 48: (36.85029979721031, 47.26233867829563), 47: (22.959860010656353, 59.48911012800531), 50: (31.24915560030525, 73.90862046287582), 49: (7.225233216322866, 60.9658549902085), 79: (8.829806911064564, 62.50483150516058), 80: (28.993327275637075, 38.192872597523056), 69: (28.99332718468268, 38.19287943747849), 70: (47.902256279533844, 47.22348203596053)}
lowerBound: 1398.420591771003
upperBound: 1398.4207951613012
solType: IP_Optimal
Path: 
50 50
47.5209 59.7403
63.7545 64.8496
59.9555 63.5082
42.6961 94.2614
39.464 96.0031
24.6988 89.6916
14.721 85.4243
13.9492 116.651
10.2768 107.8256
4.8158 94.7071
4.8158 94.7071
32.7352 105.9002
40.4996 102.9983
55.7723 109.9124
67.8393 106.9142
58.004 81.2993
70.4395 77.3421
80.5067 91.7116
85.4223 90.6997
96.7894 106.1889
96.823 106.2347
89.267 83.4562
89.6835 65.7567
98.9539 74.1516
98.9539 74.1516
104.7005 60.83
106.0083 49.1708
85.0529 43.1876
85.0529 43.1876
83.3637 70.1534
83.3879 70.0795
93.0301 40.4878
93.1894 41.6681
94.7051 52.8122
96.0041 53.8369
103.8685 27.9563
104.4313 26.0999
99.9292 45.929
99.7159 46.8659
128.3355 52.5233
125.9043 35.5442
96.2931 29.1062
96.2931 29.1062
68.2742 7.5923
70.2609 6.7692
43.2584 14.0979
43.8345 14.4908
32.6194 6.5909
32.6448 6.587
14.8978 20.4953
14.8686 17.9328
5.0056 39.132
7.4542 36.6278
17.8 40.4864
13.8012 41.9364
23.9388 40.227
20.8376 35.6911
24.838 15.0781
26.0364 8.903
59.9556 5.0463
58.4635 3.627
67.1664 21.8251
67.1664 21.8251
98.003 37.4206
95.302 37.2655
74.9487 36.1107
70.9988 39.9422
53.6315 31.873
48.4829 29.48
74.2482 9.9264
74.4452 13.1706
95.2074 -2.7867
100.7737 -7.0607
99.2884 12.7834
100.5038 13.3507
85.2511 22.4485
84.4817 22.908
65.3922 15.0098
64.5091 14.6445
86.0884 35.4879
84.9709 33.7778
76.59 20.9586
76.59 20.9586
72.5757 3.2529
75.716 5.8332
79.5926 -7.4077
53.5966 -18.2599
31.1492 4.6659
30.5321 5.6346
35.3455 39.4517
32.7606 28.4264
35.7683 42.2763
36.8503 47.2623
22.9599 59.4891
31.2492 73.9086
7.2252 60.9659
8.8298 62.5048
28.9933 38.1929
28.9933 38.1929
47.9023 47.2235
50 50
