OFV: 269.8264487046059
Runtime: 5.1564459800720215
Gap: 0
repPt: {0: (50, 50), 1: (22.55083528627762, 64.45825292493461), 2: (50.86963302927563, 73.5266392843918), 3: (75.7370260492635, 10.578258492158326), 4: (69.10943125111262, -13.900580796015888), 5: (66.76971287591283, 80.77996502778616), 6: (79.94761491743822, 86.79072697369021), 7: (77.84191872983932, 26.444562837974924), 8: (80.41265735350359, 45.82073296211762), 9: (26.71023874834416, 49.05329320857559), 10: (40.06631374748315, 47.786554218534896)}
solType: IP_Optimal
lowerBound: 269.8263198117671
upperBound: 269.8264487046059
Path: 
50 50
69.1094 -13.9006
75.737 10.5783
77.8419 26.4446
80.4127 45.8207
79.9476 86.7907
66.7697 80.78
50.8696 73.5266
22.5508 64.4583
26.7102 49.0533
40.0663 47.7866
50 50
