OFV: 1138.9744513607436
Runtime: 0.9452588050626218
Gap: None
repPt: {0: (50, 50), 74: (53.59516785321268, 44.15074419838421), 73: (41.44328977211329, 71.10409581186651), 38: (40.95980829453369, 70.274880695595), 37: (13.398231203471138, 77.696996842126), 15: (13.548632994002222, 77.72654399330476), 16: (25.388137519067556, 87.02840626989486), 76: (25.772051001955486, 86.50135131919772), 75: (7.0953494952443235, 81.5192621403771), 49: (4.548861134217205, 80.8402075504625), 50: (19.27956526498131, 86.67291403223085), 17: (16.80189885660116, 84.27208339105553), 18: (30.401453768627302, 83.74593360318299), 64: (36.21186739438174, 75.93342256051754), 63: (28.16260164204403, 59.74881407421375), 13: (31.99820565143725, 60.60134681008543), 14: (33.63606855329547, 34.86781244212238), 36: (31.578433941124217, 35.29945943031573), 35: (14.905267295118177, 45.031344845270006), 8: (5.376935059967951, 57.96352368446246), 7: (6.038677907496208, 34.70346223209834), 79: (11.177174206152902, 21.713541582196086), 80: (17.263226889964038, 6.325769999919445), 71: (21.510787717733116, 10.269120122338116), 72: (35.53649356444686, 15.952342745772672), 67: (34.58740855856691, 14.647266611093348), 68: (58.94909594128468, 37.40043190162211), 9: (59.2450407196299, 37.10458963964252), 10: (80.97584861034217, 15.382436231771418), 31: (81.34332835740034, 15.95686744185681), 32: (97.38510821584119, 41.038466703734315), 29: (93.25481713862898, 35.58129422861852), 30: (101.60903053808408, 8.612242456558835), 66: (96.01825800072392, 7.398885361267319), 65: (72.91499437542217, 11.109682967942387), 43: (70.93621639531895, 11.42759418531276), 44: (68.78934804523847, -11.308102881753369), 70: (66.22716053714124, -10.160034896806753), 69: (32.34037770620597, 5.021632809496095), 23: (29.22856361941047, 4.45302743621616), 24: (39.55230462505695, -13.064958225953568), 60: (53.237930341246155, -15.972015132316693), 59: (55.30512748364353, 3.4655245589565884), 42: (64.49914470928262, 0.2570222735047676), 41: (56.387141159370685, 9.209884749756416), 11: (56.29109574863222, 13.628341550690921), 12: (68.30050362038853, 18.245052209529515), 55: (66.8990587478389, 18.724884598341117), 56: (89.8238063991785, 25.300967961916367), 58: (97.48932761764375, 22.67337335406097), 57: (88.13434547472642, 12.655806255930932), 52: (81.71995365004238, 5.786900407090169), 51: (56.593697684376906, 24.206723617602982), 21: (56.5936992014361, 24.20672170276214), 22: (65.72730684998736, 40.690957499387196), 39: (68.67805126357862, 46.01813489049905), 40: (71.42192646934362, 60.547980279576365), 4: (69.93203211674512, 60.49709176343122), 3: (34.28726526919124, 64.88532260045952), 2: (45.9682999299843, 59.56349807583172), 1: (37.01528006573814, 49.26496185263129), 28: (33.662501238135505, 42.096847358556275), 27: (28.02865742453816, 51.73656916751833), 25: (27.28579907353398, 53.008445729779794), 26: (51.6719159587581, 80.61517117256973), 53: (58.714928683751346, 96.6686996953407), 54: (69.12008410072315, 120.38770212926532), 34: (99.56891356543763, 96.13932176024629), 33: (88.77831455298896, 93.4634714277832), 78: (89.03485632269806, 94.71173983221226), 77: (89.87298507704354, 62.337833586612064), 61: (94.00813754912033, 67.38366323634934), 62: (105.06747634973252, 80.52617141111276), 46: (107.45285928982935, 82.33932038163069), 45: (88.50069860080048, 87.66456024774564), 6: (88.50069805450089, 87.66455948744367), 5: (70.58400503680878, 90.17886848787069), 19: (70.85349306456843, 89.55269978487378), 20: (79.54235471942984, 53.542541215281226), 48: (79.8926792825423, 52.09019746489012), 47: (49.3167270945391, 50.39807190113123)}
lowerBound: 1138.9743382493248
upperBound: 1138.9744513607436
solType: IP_Optimal
Path: 
50 50
53.5952 44.1507
41.4433 71.1041
40.9598 70.2749
13.3982 77.697
13.5486 77.7265
25.3881 87.0284
25.7721 86.5014
7.0953 81.5193
4.5489 80.8402
19.2796 86.6729
16.8019 84.2721
30.4015 83.7459
36.2119 75.9334
28.1626 59.7488
31.9982 60.6013
33.6361 34.8678
31.5784 35.2995
14.9053 45.0313
5.3769 57.9635
6.0387 34.7035
11.1772 21.7135
17.2632 6.3258
21.5108 10.2691
35.5365 15.9523
34.5874 14.6473
58.9491 37.4004
59.245 37.1046
80.9758 15.3824
81.3433 15.9569
97.3851 41.0385
93.2548 35.5813
101.609 8.6122
96.0183 7.3989
72.915 11.1097
70.9362 11.4276
68.7893 -11.3081
66.2272 -10.16
32.3404 5.0216
29.2286 4.453
39.5523 -13.065
53.2379 -15.972
55.3051 3.4655
64.4991 0.257
56.3871 9.2099
56.2911 13.6283
68.3005 18.2451
66.8991 18.7249
89.8238 25.301
97.4893 22.6734
88.1343 12.6558
81.72 5.7869
56.5937 24.2067
56.5937 24.2067
65.7273 40.691
68.6781 46.0181
71.4219 60.548
69.932 60.4971
34.2873 64.8853
45.9683 59.5635
37.0153 49.265
33.6625 42.0968
28.0287 51.7366
27.2858 53.0084
51.6719 80.6152
58.7149 96.6687
69.1201 120.3877
99.5689 96.1393
88.7783 93.4635
89.0349 94.7117
89.873 62.3378
94.0081 67.3837
105.0675 80.5262
107.4529 82.3393
88.5007 87.6646
88.5007 87.6646
70.584 90.1789
70.8535 89.5527
79.5424 53.5425
79.8927 52.0902
49.3167 50.3981
50 50
