OFV: 457.56912436345067
Runtime: 835.7955064590205
Gap: 5.9280313529395303e-08
repPt: {0: (50, 50), 1: (50.447670613783416, 39.735314664191094), 2: (39.995072721319666, 43.564587529435414), 3: (10.920819612246223, 52.63690016934419), 4: (-6.330689386180841, 29.953141634396694), 13: (16.6630350990166, 10.625712008489469), 14: (35.37613361164488, -5.1025962462572405), 10: (33.6642800759563, -23.837442488291014), 9: (43.20858852449993, 0.1383771819207542), 8: (62.363535321034284, 33.96228433229609), 7: (71.49971715287778, 28.428119535538084), 11: (80.54284485891108, 28.596623106772462), 12: (97.61171265336623, 58.70529151004779), 16: (117.73710521535881, 86.73712999560647), 15: (93.74917899484998, 99.1836423256779), 20: (69.51695110367972, 128.73566665753432), 6: (68.25243695858074, 110.76648885371756), 5: (67.06760729176695, 93.95052026197776), 19: (66.9415478612711, 92.14161314432256), 18: (65.05231810937752, 64.97812409585403), 17: (54.726325991837705, 54.70470514868595)}
solType: IP_Optimal
lowerBound: 457.5690972386095
upperBound: 457.56912436345067
Path: 
50 50
50.4477 39.7353
39.9951 43.5646
10.9208 52.6369
-6.3307 29.9531
16.663 10.6257
35.3761 -5.1026
33.6643 -23.8374
43.2086 0.1384
62.3635 33.9623
71.4997 28.4281
80.5428 28.5966
97.6117 58.7053
117.7371 86.7371
93.7492 99.1836
69.517 128.7357
68.2524 110.7665
67.0676 93.9505
66.9415 92.1416
65.0523 64.9781
54.7263 54.7047
50 50
