OFV: 265.380015176305
Runtime: 0.015434055938385427
Gap: None
repPt: {0: (50, 50), 9: (22.590552904497052, 46.412554981475054), 10: (32.749728307743425, 69.93778379578444), 14: (51.68156581570424, 72.77620545788562), 13: (58.05793406323266, 80.19125853297112), 7: (65.77791218640472, 87.83730657214798), 8: (71.45099802004461, 55.16349651835025), 3: (79.07934470521641, 48.57691821948742), 4: (92.31245182443644, 37.15265166444038), 1: (64.15695819076566, 19.062515955759626), 2: (46.66425260822368, 10.614791513116753), 11: (46.44129425150575, 10.507126607266937), 12: (36.928737887074234, 5.913407435142018), 6: (35.76945426510286, 25.064917355218306), 5: (46.32037976951546, 43.55076690301651)}
lowerBound: 265.3799926012188
upperBound: 265.380015176305
solType: IP_Optimal
Path: 
50 50
22.5906 46.4126
32.7497 69.9378
51.6816 72.7762
58.0579 80.1913
65.7779 87.8373
71.451 55.1635
79.0793 48.5769
92.3125 37.1527
64.157 19.0625
46.6643 10.6148
46.4413 10.5071
36.9287 5.9134
35.7695 25.0649
46.3204 43.5508
50 50
