OFV: 310.9347064712045
Runtime: 185.64748189499915
Gap: -4.6254354337652286e-08
repPt: {0: (50, 50), 12: (51.30583973255904, 67.38013092062714), 11: (37.32423204303119, 85.72495037402493), 4: (55.59119288516292, 81.83793632534994), 3: (62.73585831483785, 50.59775816071947), 8: (57.76276940291562, 40.666209462874505), 7: (53.0437194340741, 31.241602633042937), 15: (53.04372295199088, 31.24160795278377), 16: (73.84158671052101, 10.135426290536707), 17: (58.15686371977677, 7.465701314869916), 18: (32.45111057232626, 3.0878062896513865), 13: (9.108352467424773, 3.7593343734640423), 14: (16.354598168021646, 15.333732877849295), 1: (15.897862502639223, 22.92974969793633), 2: (15.33216207751952, 32.3259102038157), 6: (35.786227759331666, 14.90708347763624), 5: (46.22036050990094, 15.084840294856717), 9: (46.53514405807658, 18.093237987761356), 10: (49.068071201734654, 42.33852911025215)}
solType: IP_Optimal
lowerBound: 310.9347208532886
upperBound: 310.9347064712045
Path: 
50 50
51.3058 67.3801
37.3242 85.725
55.5912 81.8379
62.7359 50.5978
57.7628 40.6662
53.0437 31.2416
53.0437 31.2416
73.8416 10.1354
58.1569 7.4657
32.4511 3.0878
9.1084 3.7593
16.3546 15.3337
15.8979 22.9297
15.3322 32.3259
35.7862 14.9071
46.2204 15.0848
46.5351 18.0932
49.0681 42.3385
50 50
