OFV: 290.71174653344957
Runtime: 1.0338973500038264
Gap: 0.0
repPt: {0: (50, 50), 5: (44.72183749593071, 44.12956938798611), 6: (33.82512324099894, 25.53388871172483), 12: (35.576037805434545, 4.359891062555481), 11: (46.55816889487759, 13.282442456311722), 2: (45.0488900120691, 13.051475111329582), 1: (65.42264885019033, 17.45932101429381), 4: (94.30239912548875, 36.920242268949295), 3: (80.00883765400503, 48.322097376907344), 8: (69.62208164300957, 54.32454609112303), 7: (66.17650334785414, 89.81830496355292), 13: (56.83717408256622, 81.85064894499432), 14: (52.448359014275056, 70.90442712137747), 10: (31.353735319426853, 71.39695636337004), 9: (20.939498377475864, 45.27797390949645)}
solType: IP_Optimal
lowerBound: 290.7118933048973
upperBound: 290.71174653344957
Path: 
50 50
44.7218 44.1296
33.8251 25.5339
35.576 4.3599
46.5582 13.2824
45.0489 13.0515
65.4226 17.4593
94.3024 36.9202
80.0088 48.3221
69.6221 54.3245
66.1765 89.8183
56.8372 81.8506
52.4484 70.9044
31.3537 71.397
20.9395 45.278
50 50
