OFV: 354.4943199459199
Runtime: 1302.0850050449371
Gap: 0
repPt: {0: (50, 50), 1: (90.51476609136407, 62.59801686118763), 2: (76.06047693551261, 38.9044804803909), 3: (23.802106626831005, 16.803088348285605), 4: (4.15869194760492, -7.8254876879879), 5: (65.11003982748319, 33.62540034422229), 6: (53.35014715474323, 21.861596381582423), 7: (91.56386981148471, 20.93032835762181), 8: (82.08652563488735, 4.0000224415595635), 9: (56.12296633964286, 49.90748847656575), 10: (45.007837940815385, 20.028118124033476), 11: (81.01136425444518, 88.63998567431915), 12: (89.40230511799459, 60.777284221572856), 13: (80.95776059773803, 36.763298752995546), 14: (94.948033485339, 30.605405105703266)}
solType: IP_Optimal
lowerBound: 354.4945326543923
upperBound: 354.4943199459199
Path: 
50 50
81.0114 88.64
90.5148 62.598
89.4023 60.7773
76.0605 38.9045
80.9578 36.7633
94.948 30.6054
91.5639 20.9303
82.0865 4.0
65.11 33.6254
53.3501 21.8616
4.1587 -7.8255
23.8021 16.8031
45.0078 20.0281
56.123 49.9075
50 50
