OFV: 440.66425005231343
Runtime: 22.932444995996775
Gap: 7.631887930387386e-08
repPt: {0: (50, 50), 11: (50.934106385012626, 33.73779718294963), 12: (41.64161260915258, 26.31658625122514), 17: (37.69824953874451, 23.16770136351125), 18: (63.2139378149465, 0.48313272755459113), 16: (89.95085744897496, -4.681848601137522), 15: (85.99918936366593, 10.40996332299279), 9: (97.71506423379675, 49.367759129595306), 10: (124.02740875129697, 47.19294489113122), 14: (118.2554328518912, 82.58329839277724), 13: (99.39429761587859, 83.64843980475149), 1: (62.34114518718421, 70.74867558690045), 2: (53.09987190382359, 88.43581550450189), 5: (54.99722301751846, 92.19819914257947), 6: (57.98223068443438, 105.19109789477808), 4: (50.57970866035985, 101.61373841017436), 3: (22.627825948104558, 88.09914042612438), 8: (-1.7811195038527172, 57.2335637218594), 7: (19.628633507174783, 49.130858548112236)}
solType: IP_Optimal
lowerBound: 440.6642164213117
upperBound: 440.66425005231343
Path: 
50 50
50.9341 33.7378
41.6416 26.3166
37.6982 23.1677
63.2139 0.4831
89.9509 -4.6818
85.9992 10.41
97.7151 49.3678
124.0274 47.1929
118.2554 82.5833
99.3943 83.6484
62.3411 70.7487
53.0999 88.4358
54.9972 92.1982
57.9822 105.1911
50.5797 101.6137
22.6278 88.0991
-1.7811 57.2336
19.6286 49.1309
50 50
