OFV: 972.6465394005212
Runtime: 3600.767532926053
Gap: None
repPt: {0: (50, 50), 20: (45.50368890252468, 44.11671151385271), 19: (36.14662188872492, 31.873576210070475), 47: (36.14374792701202, 31.869813789954637), 48: (33.03736049107174, 43.255185244015166), 83: (22.319013749198625, 39.13662172822458), 84: (29.930812606545828, 28.812725264037056), 82: (30.542320085889465, 27.98334688966256), 81: (14.370116008328974, 35.163535189092094), 98: (13.279278691875199, 35.64787670114731), 97: (8.845539307883245, 27.898420358071572), 94: (10.829898909863578, 28.52925350763513), 93: (14.231069340219575, 22.00046329670034), 36: (21.387288055081793, 25.124060846162774), 35: (17.042971539085706, 11.925543126767188), 50: (17.042973481847987, 11.925544045326228), 49: (11.899619670739428, 10.971538590363359), 99: (11.556922692144312, 10.9080522696109), 100: (28.934648215340555, 14.827915954942705), 33: (28.940484438798894, 12.240792323042893), 34: (48.783319014067665, 14.616544599696953), 22: (48.446018023735014, 15.153820796423913), 21: (38.764693203288886, 13.800298395461851), 39: (38.76469447459162, 13.800298961744343), 40: (44.79739941852265, -4.392571960053049), 30: (44.42130695614865, -2.9791881575671453), 29: (40.28146168408414, 12.582171262640237), 89: (43.235433186427464, 11.837215922380544), 90: (54.032904928863054, 11.610652949992549), 65: (54.38467243744716, 9.939505909585801), 66: (60.15100848960451, -17.45344507274666), 24: (69.21417010804429, -18.990183547151744), 23: (64.84886474207781, 0.19549662945466473), 6: (64.7412914701866, 0.6682665713627953), 5: (58.32216392837932, 28.88042659130306), 3: (58.14361975327066, 29.665084192290347), 4: (63.85168632082004, 33.120981363976426), 7: (63.85168720610278, 33.120983268918856), 8: (73.23964752404615, 41.19684060682999), 17: (73.23964837535641, 41.19684245383412), 18: (78.87784729112101, 29.74473787363292), 11: (79.02314383987405, 29.9141650533233), 12: (88.93341816852804, 41.46991215970162), 32: (88.93341792609897, 41.46991262669243), 31: (83.43104896400777, 23.54161432094966), 10: (83.16089858520152, 23.635170304192005), 9: (79.94176793523782, 24.749970789400734), 42: (79.88965936550505, 24.95052364709113), 41: (73.6336596729049, 49.02651922207809), 79: (68.13567740495385, 43.29218223402052), 80: (73.5091866382655, 27.612221023907832), 67: (68.94315357172991, 27.844159688819804), 68: (76.23965749475734, 17.65829709911189), 27: (76.23745004271296, 18.033739913018813), 28: (93.00147682292072, 28.580356201962825), 61: (92.9808475289454, 24.225416057462752), 62: (97.9510492535989, 22.846331107793706), 85: (97.95104758659598, 22.846330392982203), 86: (125.31296148772604, 26.613507581807024), 44: (113.67154329645979, 35.12795002195349), 43: (101.99536879954051, 43.667712240162054), 1: (98.76451248378821, 46.03046823681957), 2: (104.29212322741054, 69.61997022725942), 38: (113.74843024326512, 65.33387303084899), 37: (98.40000293325195, 65.1353869703963), 52: (98.40000188753068, 65.13538570861049), 51: (82.55718305045598, 60.43319797472701), 75: (84.07358930115534, 62.23235286364148), 76: (90.01258695764416, 69.28040617793458), 92: (89.51491013200285, 69.74464699541123), 91: (84.83229247333983, 74.11235575227025), 88: (83.64027950945989, 73.93105349742952), 87: (55.48014920563157, 69.64840159566334), 58: (58.50203933013058, 74.88793702693832), 57: (57.12180618011391, 65.4904647255737), 45: (57.1218063344233, 65.49046666697163), 46: (57.87134775549019, 61.53503648970337), 60: (58.1426065360309, 60.104170253291954), 59: (43.670194767206524, 68.42110629488737), 25: (43.670195237802666, 68.42110504508692), 26: (48.882444684049744, 87.79371716973492), 96: (49.01427552891294, 88.28369713191168), 95: (40.858260646845764, 69.1237085922087), 15: (40.89361406151165, 69.09732188734984), 16: (63.572115226642765, 84.15191994331488), 64: (63.5721140807941, 84.15192078375291), 63: (62.28684720995737, 89.19427187741626), 13: (62.06770982466944, 90.05376697624273), 14: (65.80128340296409, 77.56504971023324), 53: (64.47049600715297, 77.51141122712487), 54: (77.43178990992676, 93.19718139748569), 77: (79.61963456952442, 95.84474603198258), 78: (86.12283454474638, 103.7145180803035), 56: (82.04504667797826, 89.73507825853589), 55: (59.71520966688386, 101.30268328140862), 70: (48.68764300528433, 110.76532544150531), 69: (33.28876371383903, 106.44334926825398), 74: (24.511154716412406, 111.56592761057549), 73: (16.850045412359, 87.5411376924567), 71: (24.780825989098208, 78.56062505130461), 72: (49.28364474316311, 50.81122657947276)}
lowerBound: 944.8330318760452
upperBound: 972.6465394005212
solType: IP_TimeLimit
Path: 
50 50
45.5037 44.1167
36.1466 31.8736
36.1437 31.8698
33.0374 43.2552
22.319 39.1366
29.9308 28.8127
30.5423 27.9833
14.3701 35.1635
13.2793 35.6479
8.8455 27.8984
10.8299 28.5293
14.2311 22.0005
21.3873 25.1241
17.043 11.9255
17.043 11.9255
11.8996 10.9715
11.5569 10.9081
28.9346 14.8279
28.9405 12.2408
48.7833 14.6165
48.446 15.1538
38.7647 13.8003
38.7647 13.8003
44.7974 -4.3926
44.4213 -2.9792
40.2815 12.5822
43.2354 11.8372
54.0329 11.6107
54.3847 9.9395
60.151 -17.4534
69.2142 -18.9902
64.8489 0.1955
64.7413 0.6683
58.3222 28.8804
58.1436 29.6651
63.8517 33.121
63.8517 33.121
73.2396 41.1968
73.2396 41.1968
78.8778 29.7447
79.0231 29.9142
88.9334 41.4699
88.9334 41.4699
83.431 23.5416
83.1609 23.6352
79.9418 24.75
79.8897 24.9505
73.6337 49.0265
68.1357 43.2922
73.5092 27.6122
68.9432 27.8442
76.2397 17.6583
76.2375 18.0337
93.0015 28.5804
92.9808 24.2254
97.951 22.8463
97.951 22.8463
125.313 26.6135
113.6715 35.128
101.9954 43.6677
98.7645 46.0305
104.2921 69.62
113.7484 65.3339
98.4 65.1354
98.4 65.1354
82.5572 60.4332
84.0736 62.2324
90.0126 69.2804
89.5149 69.7446
84.8323 74.1124
83.6403 73.9311
55.4801 69.6484
58.502 74.8879
57.1218 65.4905
57.1218 65.4905
57.8713 61.535
58.1426 60.1042
43.6702 68.4211
43.6702 68.4211
48.8824 87.7937
49.0143 88.2837
40.8583 69.1237
40.8936 69.0973
63.5721 84.1519
63.5721 84.1519
62.2868 89.1943
62.0677 90.0538
65.8013 77.565
64.4705 77.5114
77.4318 93.1972
79.6196 95.8447
86.1228 103.7145
82.045 89.7351
59.7152 101.3027
48.6876 110.7653
33.2888 106.4433
24.5112 111.5659
16.85 87.5411
24.7808 78.5606
49.2836 50.8112
50 50
