OFV: 441.4001579567787
Runtime: 2.5810296399868093
Gap: -1.655233912834563e-07
repPt: {0: (50, 50), 6: (43.545168212753694, 34.270980223335016), 4: (59.38674933980776, 18.022125667566193), 5: (60.715306867613684, 16.661177974079298), 3: (62.59515892424076, 4.425600195516309), 17: (64.2122456470642, 4.508359633592576), 18: (55.062789598383866, 14.096925683380043), 7: (57.659692043336946, 30.72672056162843), 8: (90.40630096481209, 40.50838190081116), 9: (91.04222820699442, 86.99841027597887), 10: (82.7583953416004, 109.75728768837111), 14: (33.712438036954424, 110.61387134187885), 13: (19.035974086334747, 96.16763592292415), 1: (11.709460970875794, 60.525251484789386), 2: (4.087619212513534, 23.411455788883064), 12: (-9.498381480346136, 23.20433419498213), 11: (2.546776152736369, 37.93345116628819), 16: (28.133214970241145, 20.93995838085121), 15: (38.42029910215132, 51.17519004977775)}
solType: IP_Optimal
lowerBound: 441.40023101882974
upperBound: 441.4001579567787
Path: 
50 50
43.5452 34.271
59.3867 18.0221
60.7153 16.6612
62.5952 4.4256
64.2122 4.5084
55.0628 14.0969
57.6597 30.7267
90.4063 40.5084
91.0422 86.9984
82.7584 109.7573
33.7124 110.6139
19.036 96.1676
11.7095 60.5253
4.0876 23.4115
-9.4984 23.2043
2.5468 37.9335
28.1332 20.94
38.4203 51.1752
50 50
