OFV: 311.51310088730844
Runtime: 0.016843055025674403
Gap: None
repPt: {0: (50, 50), 9: (90.34407746439368, 19.76764081533604), 10: (91.85158847715813, -3.5662374610314096), 6: (16.177735557682112, 10.423882051929615), 5: (10.16024496662467, 8.239199706569671), 7: (5.58913220589751, 6.579126906944684), 8: (1.2860811496816824, 23.847771914291908), 2: (-10.437099462894809, 70.89152199886962), 1: (7.18063080580217, 63.53783853058287), 4: (6.963275813527928, 63.225920037953), 3: (36.765917412119244, 62.09976038706556), 12: (41.49792539001706, 70.609046505097), 11: (47.78924397191682, 66.54993824364475)}
lowerBound: 311.51308820113627
upperBound: 311.51310088730844
solType: IP_Optimal
Path: 
50 50
90.3441 19.7676
91.8516 -3.5662
16.1777 10.4239
10.1602 8.2392
5.5891 6.5791
1.2861 23.8478
-10.4371 70.8915
7.1806 63.5378
6.9633 63.2259
36.7659 62.0998
41.4979 70.609
47.7892 66.5499
50 50
