OFV: 405.76589217269657
Runtime: 0.14115316793322563
Gap: None
repPt: {0: (50, 50), 6: (60.10880906452607, 39.43374195465336), 5: (64.09542876904443, 27.15962462024159), 7: (64.84844237904991, 24.84999420773731), 8: (71.55992829910475, 4.2278095064255785), 15: (40.249930730801, 12.385822571856806), 16: (26.86036073244322, -17.05355389329238), 2: (-0.15247889005825588, -16.206791564523947), 1: (3.022316369191854, 4.311289364429458), 20: (-12.107372632722303, 9.47142581216557), 19: (5.487948300511361, 17.68654446560206), 11: (3.570963924736753, 8.69513873284384), 12: (13.170489690181249, 22.708646880884935), 17: (12.421178615587287, 15.695105606491907), 18: (11.992876858178597, 40.43324059179263), 14: (14.319602271333837, 59.1491374924415), 13: (21.19021563014374, 70.3851758541961), 4: (39.34965445750136, 100.08128401547832), 3: (14.9178723061598, 83.4829062344667), 9: (17.304202820497697, 70.89438804638249), 10: (38.399980639406124, 60.05755180702871)}
lowerBound: 405.76587486861825
upperBound: 405.76589217269657
solType: IP_Optimal
Path: 
50 50
60.1088 39.4337
64.0954 27.1596
64.8484 24.85
71.5599 4.2278
40.2499 12.3858
26.8604 -17.0536
-0.1525 -16.2068
3.0223 4.3113
-12.1074 9.4714
5.4879 17.6865
3.571 8.6951
13.1705 22.7086
12.4212 15.6951
11.9929 40.4332
14.3196 59.1491
21.1902 70.3852
39.3497 100.0813
14.9179 83.4829
17.3042 70.8944
38.4 60.0576
50 50
