OFV: 336.394990716764
Runtime: 0.01574872201308608
Gap: None
repPt: {0: (50, 50), 11: (50.13959691298146, 49.832891063489555), 12: (67.08135261104096, 29.522884319639157), 2: (74.23243154412866, 20.953998506137868), 1: (85.00809556052705, 8.037814622262154), 3: (88.9295048879608, 3.3402600178493738), 4: (79.38681088123833, -1.7473944842866551), 14: (30.898152705093874, 11.00443978326252), 13: (21.45675404638982, 21.138953456645158), 7: (10.129304776893136, 82.97824948676352), 8: (-1.2629356189120786, 107.53623507301045), 10: (50.17277507292306, 105.82783201028046), 9: (51.400230003905456, 77.15655125165878), 6: (51.272294781941824, 74.97750562035289), 5: (49.70032108902314, 48.254098514866236)}
lowerBound: 336.394982833657
upperBound: 336.394990716764
solType: IP_Optimal
Path: 
50 50
50.1396 49.8329
67.0814 29.5229
74.2324 20.954
85.0081 8.0378
88.9295 3.3403
79.3868 -1.7474
30.8982 11.0044
21.4568 21.139
10.1293 82.9782
-1.2629 107.5362
50.1728 105.8278
51.4002 77.1566
51.2723 74.9775
49.7003 48.2541
50 50
