OFV: 300.63089535967964
Runtime: 0.0675047340337187
Gap: None
repPt: {0: (50, 50), 6: (57.22223673153454, 70.05733128252865), 5: (64.09535745114617, 89.14484509244443), 14: (33.58510080196644, 89.44576478747194), 13: (29.070008331192952, 64.62085743142818), 3: (28.278561734137885, 63.10134026366301), 4: (13.408447113267865, 34.56801223799186), 7: (7.267713898348349, 36.86227363770381), 8: (8.096003148056141, 56.31147370859703), 10: (23.857648258796313, 47.1104933593793), 9: (53.412554819749, 35.85551753534174), 11: (56.43899782887036, 16.22521279123089), 12: (58.40039341723434, 3.500114723767008), 1: (38.71817971765813, 48.21542184514259), 2: (48.31641748291572, 48.4316430023626)}
lowerBound: 300.6308680869707
upperBound: 300.63089535967964
solType: IP_Optimal
Path: 
50 50
57.2222 70.0573
64.0954 89.1448
33.5851 89.4458
29.07 64.6209
28.2786 63.1013
13.4084 34.568
7.2677 36.8623
8.096 56.3115
23.8576 47.1105
53.4126 35.8555
56.439 16.2252
58.4004 3.5001
38.7182 48.2154
48.3164 48.4316
50 50
