OFV: 393.8291849342462
Runtime: 309.05343289201846
Gap: 1.478800835519739e-07
repPt: {0: (50, 50), 3: (80.86985736123484, 53.05171933020999), 4: (86.70854832799613, 66.58307885798686), 12: (121.54298122683159, 72.29241027987241), 11: (95.89527895291657, 65.94633903940397), 15: (84.95161209002256, 63.2388844744743), 16: (60.15383630436373, 53.273336019316766), 6: (57.55195697073592, 52.22787305280432), 5: (46.51141268019219, 70.91370912516484), 9: (9.510154097748687, 86.23991048492131), 10: (0.11362408645305107, 90.13397173206538), 2: (-11.972627764771113, 27.828520582958987), 1: (1.2785496315791847, 17.96202275127), 14: (28.432360049729997, -2.2539785504016576), 13: (40.88069051102003, 13.059788291142427), 7: (40.88069049671782, 13.059791553443821), 8: (43.103681547859566, 43.65638358932515)}
solType: IP_Optimal
lowerBound: 393.8291266947534
upperBound: 393.8291849342462
Path: 
50 50
80.8699 53.0517
86.7085 66.5831
121.543 72.2924
95.8953 65.9463
84.9516 63.2389
60.1538 53.2733
57.552 52.2279
46.5114 70.9137
9.5102 86.2399
0.1136 90.134
-11.9726 27.8285
1.2785 17.962
28.4324 -2.254
40.8807 13.0598
40.8807 13.0598
43.1037 43.6564
50 50
