OFV: 293.98355633851463
Runtime: 1950.296051979065
Gap: 0
repPt: {0: (50, 50), 1: (63.90462330587468, 75.8149651891251), 2: (54.00695636563294, 98.70929778194034), 3: (76.21343551754273, 96.04044029918406), 4: (75.54213933379644, 106.73604702849772), 5: (74.70929301483278, 52.64766476249162), 6: (101.70372449352027, 65.21270703967429), 7: (63.35089417805782, 40.67750832589945), 8: (72.91934687739024, 51.81458413271319), 9: (78.69384804215878, 95.74240755667776), 10: (57.67667005212216, 98.26838118216467), 11: (27.229436133458236, 7.494733073853352), 12: (39.336237811228266, 12.726923303729457), 13: (32.71939286930196, 30.495430093182833), 14: (19.47054545385084, 11.73039231686803)}
solType: IP_Optimal
lowerBound: 293.9827442853891
upperBound: 293.98355633851463
Path: 
50 50
32.7194 30.4954
19.4705 11.7304
27.2294 7.4947
39.3362 12.7269
63.3509 40.6775
72.9193 51.8146
74.7093 52.6477
101.7037 65.2127
75.5421 106.736
78.6938 95.7424
76.2134 96.0404
57.6767 98.2684
54.007 98.7093
63.9046 75.815
50 50
