OFV: 420.71320743537905
Runtime: 6.595247568999184
Gap: 9.616372314852378e-10
repPt: {0: (50, 50), 3: (31.48548193287406, 55.83991906393315), 4: (0.6055813419838276, 65.58054562809767), 7: (18.838858818761782, 31.21870419435328), 8: (15.895084898121834, 13.593427110083312), 1: (7.848107308416662, 9.65750789030271), 2: (18.795054760664083, -11.526123569834894), 11: (45.62337224376641, 17.78851848630763), 12: (63.94800735289698, 11.24494587921601), 5: (92.00478088545123, 53.86932564920004), 6: (81.76340425896043, 74.06715747537818), 14: (87.96348496713384, 113.39181266768884), 13: (82.44807756408662, 97.78638386392197), 10: (76.29778827488497, 80.38484588317402), 9: (83.33291571204772, 54.25898705364568), 16: (69.52481214739957, 46.45389722552789), 15: (64.34813533944053, 57.75501279255412)}
solType: IP_Optimal
lowerBound: 420.71320703080556
upperBound: 420.71320743537905
Path: 
50 50
31.4855 55.8399
0.6056 65.5805
18.8389 31.2187
15.8951 13.5934
7.8481 9.6575
18.7951 -11.5261
45.6234 17.7885
63.948 11.2449
92.0048 53.8693
81.7634 74.0672
87.9635 113.3918
82.4481 97.7864
76.2978 80.3848
83.3329 54.259
69.5248 46.4539
64.3481 57.755
50 50
