OFV: 974.414680590827
Runtime: 3600.990965481149
Gap: None
repPt: {0: (50, 50), 32: (48.64557067483338, 50.95088871282837), 31: (41.56489069671948, 39.20021252684488), 47: (42.846630361278045, 37.80432751804796), 48: (45.06373682125447, 42.88195989238995), 4: (45.53959064158198, 43.97173640513528), 3: (30.97773001714458, 43.997375798141135), 49: (31.500587539110676, 43.79297665564838), 50: (55.438981094152766, 34.43329221639701), 52: (59.11000381742693, 32.99825035900016), 51: (42.106758973412454, 13.092365809597329), 10: (42.10676309937289, 13.092367667974615), 9: (17.310135850442556, 16.419248191090325), 61: (16.689824451569905, 16.502434702672463), 62: (33.04693151950693, 28.295983298104606), 94: (34.671988398447866, 29.46768017932332), 93: (15.20694030925566, 30.744564626097034), 78: (12.705949688822663, 30.90892047013782), 77: (8.973139140562813, 38.59129462473282), 68: (8.973141631899455, 38.591296053655086), 67: (9.90399580427458, 29.54936280240022), 22: (12.480197918444883, 28.764234574385625), 21: (9.166769373146957, 6.718910326345932), 65: (16.46781995179296, 2.7468858512070824), 66: (24.81600164742775, -1.7943906884978178), 55: (26.175250620962828, 2.353579835416202), 56: (31.632392058474448, 7.872636285959986), 23: (28.059532058222917, 13.243877897347948), 24: (25.02694440330675, 37.11303224019997), 59: (25.020858616994552, 35.70803941269244), 60: (24.962013438034134, 21.84886822243034), 17: (24.962009217437295, 21.84886788490604), 18: (47.095808490798056, 26.941617888911512), 12: (47.03754207006022, 25.84592899242705), 11: (46.638889921578034, 18.361005631139953), 29: (46.70364040878482, 18.337419921767406), 30: (68.10481616290892, 10.541275654470063), 44: (87.63468233932237, 12.306399406104381), 43: (91.33993695957857, 27.41822388690486), 79: (92.95960426572387, 34.035055845026974), 80: (94.64554596115957, 40.91942643729069), 41: (96.52516072754591, 48.59884803293877), 42: (102.80851696633758, 55.90453548209161), 13: (105.05053104088734, 58.51224617355677), 14: (119.60801141822188, 75.45214920283883), 16: (110.73122254709132, 73.92642600886023), 15: (93.24361170091348, 70.93016021393937), 54: (91.94416986671136, 70.64444661731822), 53: (78.17464818918914, 67.61647420587809), 40: (77.93467838037213, 67.56371391771303), 39: (73.74082914875153, 66.64148132887908), 98: (75.33740050169655, 67.70682274485301), 97: (75.61583287059393, 45.76038097935838), 88: (78.15633132330738, 50.02305227057471), 87: (62.89478497061177, 58.17015405772207), 7: (65.12125168264534, 59.58984328288814), 8: (83.93647923185554, 71.5862924186891), 92: (83.93647862754833, 71.58629458963766), 91: (83.36729461051978, 63.556039576537714), 71: (83.36729311598862, 63.55603790173917), 72: (92.00966905453481, 85.76779515069079), 73: (90.52927076038286, 91.20116671503217), 74: (88.3485071940092, 99.21879918033727), 38: (84.95614558334405, 108.02115895198322), 37: (74.04509653678971, 89.11390327365316), 36: (78.30201459870202, 95.26192629623046), 35: (63.0273047954625, 99.72090066130758), 95: (62.607378873254305, 104.93421694089626), 96: (62.280320822799666, 108.99179050815404), 20: (58.932616382428805, 108.45009010375554), 19: (47.446157193371704, 85.7303374721784), 6: (47.138072964939354, 85.12141284657764), 5: (36.114285597697645, 63.318980281526805), 58: (34.592539978948906, 61.91455839111517), 57: (18.56922244690882, 47.12895069506186), 89: (18.548488350987906, 48.82335937304422), 90: (18.310286178626942, 68.35130438503252), 64: (16.93561432783472, 66.53719149436935), 63: (12.095310013619518, 78.6438012229645), 75: (14.567866824820886, 83.71596072472171), 76: (20.199938789156562, 95.26995073042171), 85: (20.199935499645008, 95.26995002812623), 86: (36.63866845589122, 109.3212088227182), 82: (36.60921197248324, 122.5026004881416), 81: (35.17884697712281, 97.39884060937106), 28: (34.76184131831072, 90.100496161375), 27: (29.473282875986243, 83.47411067329347), 70: (30.679721150632822, 79.46354894204507), 69: (24.923730672922996, 80.51043523110377), 1: (23.711437243050987, 80.73072285850503), 2: (37.61946124694938, 71.77985082052658), 25: (37.619459226706894, 71.7798514954533), 26: (51.332411558150824, 80.77034571562804), 83: (53.034526213801584, 71.28249272470842), 84: (61.4753209130713, 73.90460389933018), 46: (64.62269458586286, 74.88305069659512), 45: (64.40978025864283, 52.49913911097731), 100: (64.40978059196499, 52.49914171150062), 99: (57.85790048466683, 52.96656431267907), 34: (58.641261779009525, 53.20098155013403), 33: (49.23030500362826, 48.049788145570744)}
lowerBound: 942.1080777776067
upperBound: 974.414680590827
solType: IP_TimeLimit
Path: 
50 50
48.6456 50.9509
41.5649 39.2002
42.8466 37.8043
45.0637 42.882
45.5396 43.9717
30.9777 43.9974
31.5006 43.793
55.439 34.4333
59.11 32.9983
42.1068 13.0924
42.1068 13.0924
17.3101 16.4192
16.6898 16.5024
33.0469 28.296
34.672 29.4677
15.2069 30.7446
12.7059 30.9089
8.9731 38.5913
8.9731 38.5913
9.904 29.5494
12.4802 28.7642
9.1668 6.7189
16.4678 2.7469
24.816 -1.7944
26.1753 2.3536
31.6324 7.8726
28.0595 13.2439
25.0269 37.113
25.0209 35.708
24.962 21.8489
24.962 21.8489
47.0958 26.9416
47.0375 25.8459
46.6389 18.361
46.7036 18.3374
68.1048 10.5413
87.6347 12.3064
91.3399 27.4182
92.9596 34.0351
94.6455 40.9194
96.5252 48.5988
102.8085 55.9045
105.0505 58.5122
119.608 75.4521
110.7312 73.9264
93.2436 70.9302
91.9442 70.6444
78.1746 67.6165
77.9347 67.5637
73.7408 66.6415
75.3374 67.7068
75.6158 45.7604
78.1563 50.0231
62.8948 58.1702
65.1213 59.5898
83.9365 71.5863
83.9365 71.5863
83.3673 63.556
83.3673 63.556
92.0097 85.7678
90.5293 91.2012
88.3485 99.2188
84.9561 108.0212
74.0451 89.1139
78.302 95.2619
63.0273 99.7209
62.6074 104.9342
62.2803 108.9918
58.9326 108.4501
47.4462 85.7303
47.1381 85.1214
36.1143 63.319
34.5925 61.9146
18.5692 47.129
18.5485 48.8234
18.3103 68.3513
16.9356 66.5372
12.0953 78.6438
14.5679 83.716
20.1999 95.27
20.1999 95.27
36.6387 109.3212
36.6092 122.5026
35.1788 97.3988
34.7618 90.1005
29.4733 83.4741
30.6797 79.4635
24.9237 80.5104
23.7114 80.7307
37.6195 71.7799
37.6195 71.7799
51.3324 80.7703
53.0345 71.2825
61.4753 73.9046
64.6227 74.8831
64.4098 52.4991
64.4098 52.4991
57.8579 52.9666
58.6413 53.201
49.2303 48.0498
50 50
