OFV: 367.42851298112475
Runtime: 0.42262299999856623
Gap: 7.095920558202073e-08
repPt: {0: (50, 50), 11: (51.058555333347414, 68.87775833051272), 12: (41.0762353937609, 74.68499981933127), 3: (38.34321204201455, 58.35634044429583), 4: (3.6165451489270106, 60.802686003265315), 1: (10.913950382967679, 65.21101790851043), 2: (-13.013370217050944, 73.95204460301066), 8: (-1.2808918023518252, 23.089640545775534), 7: (3.666167998150855, 3.0708778762723465), 5: (7.575761059835383, 4.654994783906341), 6: (16.45476259142596, 14.524347274393408), 10: (94.64236707693011, -6.44432525697585), 9: (93.8844176971218, 21.63073821714571)}
solType: IP_Optimal
lowerBound: 367.42848690868937
upperBound: 367.42851298112475
Path: 
50 50
51.0586 68.8778
41.0762 74.685
38.3432 58.3563
3.6165 60.8027
10.914 65.211
-13.0134 73.952
-1.2809 23.0896
3.6662 3.0709
7.5758 4.655
16.4548 14.5243
94.6424 -6.4443
93.8844 21.6307
50 50
