OFV: 458.35495497823354
Runtime: 3.705537233996438
Gap: 1.1058431691157455e-08
repPt: {0: (50, 50), 7: (60.78873690607646, 60.202063486249855), 8: (79.22954415127451, 39.95235917751662), 14: (124.51525113778398, 49.202128160564115), 13: (98.61538712171797, 60.26297587929488), 16: (87.62250356982537, 64.95687243239702), 15: (89.35760782466927, 76.20744001028946), 6: (51.67439814386765, 87.78413788287155), 5: (40.915873892867296, 61.99571089633102), 1: (16.558165887795838, 80.36946187266476), 2: (-8.329801684180659, 74.92709295261066), 3: (21.453428281693025, 43.88732266836102), 4: (26.666149659959526, 20.053961063867025), 9: (15.079963934991548, 18.814496780368792), 10: (0.004538939318326385, -9.56799862230741), 11: (38.76271243962068, 16.702147147964773), 12: (49.38383369824121, 30.034026414335134)}
solType: IP_Optimal
lowerBound: 458.3549499095466
upperBound: 458.35495497823354
Path: 
50 50
60.7887 60.2021
79.2295 39.9524
124.5153 49.2021
98.6154 60.263
87.6225 64.9569
89.3576 76.2074
51.6744 87.7841
40.9159 61.9957
16.5582 80.3695
-8.3298 74.9271
21.4534 43.8873
26.6661 20.054
15.08 18.8145
0.0045 -9.568
38.7627 16.7021
49.3838 30.034
50 50
