OFV: 826.2964247259118
Runtime: 3600.707651852863
Gap: None
repPt: {0: (50, 50), 25: (50.78713154481618, 52.65917404670913), 26: (65.76911538896546, 39.056879375668615), 41: (65.76911079789181, 39.05688255168469), 42: (91.1450012247445, 47.934065097835294), 22: (90.58899237456193, 50.19248581120199), 21: (71.4477183734752, 35.44606241277532), 65: (71.56408287494585, 35.2991420754207), 66: (82.55827415939973, 21.415768053372346), 79: (85.99026896368039, 21.944281476747427), 80: (100.41106391948807, 24.16449252881574), 49: (100.10480268126818, 23.640435724794916), 50: (115.683463069714, 22.410379532508145), 6: (121.34599132499041, 24.79889866565381), 5: (100.02752311082857, 28.452876338180616), 31: (99.88386722996502, 28.477539126532438), 32: (113.37387014267351, 44.242908294245474), 8: (113.37387518471911, 44.24290675152337), 7: (98.30679743729164, 36.87543291167108), 45: (96.36592779144317, 40.3898188199808), 46: (97.95563027043305, 45.40391950300779), 3: (98.31649086711649, 46.54317453965383), 4: (104.65128017507492, 66.50966463216557), 76: (107.39440955326472, 68.65933408278944), 75: (101.14361884458154, 49.29601779191978), 18: (101.5305808489405, 50.29269485252113), 17: (73.51141402323587, 56.44719036557272), 13: (73.92214817518686, 59.811649941837835), 14: (75.07961394027443, 69.30735414781306), 19: (75.07961386123573, 69.3073619531001), 20: (80.50651158713832, 83.6982944917411), 64: (80.50650608127805, 83.69829103859763), 63: (64.00198229385326, 79.76782870043232), 69: (58.595446797948746, 78.47985202212817), 70: (84.1653495246419, 85.03102739741527), 77: (85.9475743845215, 85.48765146405742), 78: (106.70990695204121, 90.80709300157574), 30: (112.26478746556913, 85.75017214349442), 29: (94.06507772825273, 76.59204396957863), 37: (89.1884019666245, 74.13847587589616), 38: (94.30099571984431, 55.099995531322975), 2: (94.30099257421517, 55.100000070371685), 1: (84.94790267780098, 38.36375078880527), 44: (84.94790582987305, 38.363749578546575), 43: (74.37137279118308, 34.90129594960801), 15: (74.1268529149663, 35.08825210966408), 16: (73.4986944833248, 8.665043145521174), 9: (73.49869439282497, 8.665049256469603), 10: (97.00043066511502, 4.881434681558035), 60: (96.38521436678451, 4.992975979979281), 59: (87.29940299336874, 6.645064836027265), 47: (87.9189518474725, 5.05326528885799), 48: (94.59565748406509, -12.110654185536234), 40: (94.3651141257191, -10.213861483530982), 39: (80.87657764073391, -3.3537485208564064), 34: (72.25636069989675, -3.8801660372727396), 33: (57.92363943549169, 1.5798029815361607), 54: (44.28877889012601, 2.814807338488614), 53: (32.22456176071902, 5.5383233037369415), 56: (32.22456698950017, 5.538319100192613), 55: (31.014833334548634, 16.839346446109136), 51: (31.014835961342733, 16.839351330425668), 52: (40.64613022652256, 11.091049719707264), 27: (42.361790200932056, 12.36660409319624), 28: (55.521575402311136, 22.148572513143826), 68: (61.850562807942005, 26.85302742732297), 67: (53.307297681436104, 24.853609705779075), 72: (51.61024186998181, 24.45625313326867), 71: (46.69268964477693, 40.92315918207157), 12: (45.459490031218614, 39.353704394983275), 11: (26.01132638105876, 46.95663919999847), 24: (26.011319685034824, 46.95663718444119), 23: (13.892123911543852, 48.39323736381946), 74: (15.015580693905495, 49.17254490342566), 73: (14.422518933111059, 36.058581562609994), 62: (14.42252341507817, 36.058583515505134), 61: (12.200047615474475, 55.58711529470678), 36: (13.67680590672552, 54.776159153398055), 35: (5.5537302587024175, 69.95606279026428), 57: (18.817106184506578, 62.18721109177381), 58: (30.656884993703347, 51.13425093787096)}
lowerBound: 805.8890704266552
upperBound: 826.2964247259118
solType: IP_TimeLimit
Path: 
50 50
50.7871 52.6592
65.7691 39.0569
65.7691 39.0569
91.145 47.9341
90.589 50.1925
71.4477 35.4461
71.5641 35.2991
82.5583 21.4158
85.9903 21.9443
100.4111 24.1645
100.1048 23.6404
115.6835 22.4104
121.346 24.7989
100.0275 28.4529
99.8839 28.4775
113.3739 44.2429
113.3739 44.2429
98.3068 36.8754
96.3659 40.3898
97.9556 45.4039
98.3165 46.5432
104.6513 66.5097
107.3944 68.6593
101.1436 49.296
101.5306 50.2927
73.5114 56.4472
73.9221 59.8116
75.0796 69.3074
75.0796 69.3074
80.5065 83.6983
80.5065 83.6983
64.002 79.7678
58.5954 78.4799
84.1653 85.031
85.9476 85.4877
106.7099 90.8071
112.2648 85.7502
94.0651 76.592
89.1884 74.1385
94.301 55.1
94.301 55.1
84.9479 38.3638
84.9479 38.3637
74.3714 34.9013
74.1269 35.0883
73.4987 8.665
73.4987 8.665
97.0004 4.8814
96.3852 4.993
87.2994 6.6451
87.919 5.0533
94.5957 -12.1107
94.3651 -10.2139
80.8766 -3.3537
72.2564 -3.8802
57.9236 1.5798
44.2888 2.8148
32.2246 5.5383
32.2246 5.5383
31.0148 16.8393
31.0148 16.8394
40.6461 11.091
42.3618 12.3666
55.5216 22.1486
61.8506 26.853
53.3073 24.8536
51.6102 24.4563
46.6927 40.9232
45.4595 39.3537
26.0113 46.9566
26.0113 46.9566
13.8921 48.3932
15.0156 49.1725
14.4225 36.0586
14.4225 36.0586
12.2 55.5871
13.6768 54.7762
5.5537 69.9561
18.8171 62.1872
30.6569 51.1343
50 50
