OFV: 420.2157044177327
Runtime: 2525.7584438323975
Gap: 0
repPt: {0: (50, 50), 1: (24.18437497584974, 28.550055162223497), 2: (5.163696253131874, 10.752585600788219), 3: (61.403984220539435, 82.3545621209199), 4: (55.89848519605582, 105.26133005729568), 5: (97.57167118242205, 48.46159562718591), 6: (86.82150222083123, 40.774568992619514), 7: (2.7601562100873913, 6.437020731024658), 8: (-14.71660555868765, -24.943266861614813), 9: (52.27496796507036, 10.519451955144476), 10: (83.82919640875112, 25.638284616625345), 11: (86.14631910595625, 80.66228404285113), 12: (103.3271404134006, 66.73589480056887), 13: (25.144468879392722, 3.578692813020729), 14: (1.9650054209193168, 28.47463373401758)}
solType: IP_Optimal
lowerBound: 420.21561325955656
upperBound: 420.2157044177327
Path: 
50 50
61.404 82.3546
55.8985 105.2613
86.1463 80.6623
103.3271 66.7359
97.5717 48.4616
86.8215 40.7746
83.8292 25.6383
52.275 10.5195
25.1445 3.5787
1.965 28.4746
-14.7166 -24.9433
2.7602 6.437
5.1637 10.7526
24.1844 28.5501
50 50
