OFV: 378.4844269302223
Runtime: 87.16298691699922
Gap: 2.3676966242056744e-07
repPt: {0: (50, 50), 3: (32.13891157036053, 55.29269636034854), 4: (2.0603229510752517, 64.20455171696524), 7: (16.83742036709475, 31.089419571710785), 8: (13.823801014793554, 14.02792395327745), 1: (9.943889166226182, 9.853027257254062), 2: (19.3088738054593, -9.583298339266634), 11: (46.33483319047641, 15.9102970232317), 12: (62.92060452999261, 12.991513988889741), 9: (87.71318417058804, 50.62353263474759), 5: (90.01778693666286, 54.12137528780025), 6: (81.96621169115652, 72.456838225511), 10: (78.28929684010338, 80.82698946271627), 13: (83.21206392601381, 97.77020517250561), 14: (87.21009296006135, 111.52714113737758), 15: (69.74008208344503, 59.180080293332196), 16: (65.95609247830201, 47.843790313086764)}
solType: IP_Optimal
lowerBound: 378.4843373165923
upperBound: 378.4844269302223
Path: 
50 50
32.1389 55.2927
2.0603 64.2046
16.8374 31.0894
13.8238 14.0279
9.9439 9.853
19.3089 -9.5833
46.3348 15.9103
62.9206 12.9915
87.7132 50.6235
90.0178 54.1214
81.9662 72.4568
78.2893 80.827
83.2121 97.7702
87.2101 111.5271
69.7401 59.1801
65.9561 47.8438
50 50
