OFV: 753.6973075640758
Runtime: 559.8579840499442
Gap: None
Path: 
50 50
42.3961 61.9094
32.6404 69.0501
22.7429 76.2939
12.8416 83.5396
11.179 86.5107
32.2008 88.2262
33.5923 89.8688
35.255 91.8316
37.139 94.0553
39.3401 96.653
42.5369 101.2935
51.5811 114.4128
74.6351 120.9765
78.6933 115.4662
76.4556 101.9401
69.8867 98.6128
56.0868 91.6158
49.4655 88.2621
55.6126 76.4831
59.5771 72.6279
60.4085 74.6594
62.7442 80.3592
64.6863 85.0987
66.3933 86.0043
68.8526 87.3086
77.3086 81.6968
81.8249 75.7389
83.769 73.1768
76.4618 84.4711
78.6399 84.6224
93.0099 81.2614
102.9135 78.9461
118.4702 55.6211
104.2992 59.1052
90.4963 62.5015
91.8335 55.1347
93.1533 47.8679
95.7857 33.3567
96.1277 31.4782
96.6825 28.4284
96.7283 28.0736
96.7574 27.8486
92.8401 28.676
86.9535 29.9199
85.3435 30.2597
87.9757 35.2106
91.4024 41.659
82.8414 43.8103
72.9856 46.288
72.9603 46.1881
72.9296 46.0666
72.7499 45.358
67.1811 23.4674
65.6021 17.2537
43.8952 -7.5877
39.6821 -5.0885
35.7062 -2.7289
33.9843 -1.975
29.0726 0.1721
24.3196 2.2499
24.2922 2.1766
22.9247 -1.4568
21.4282 -5.4325
20.2755 -8.0011
15.335 2.0115
11.8371 9.0986
14.3482 11.1306
16.7713 13.0912
21.2783 16.7426
26.5414 21.0061
27.6338 27.8312
31.3425 30.1496
35.4482 32.7155
35.4482 32.7155
32.4943 34.1009
20.1437 65.1137
20.1437 65.1136
28.8699 52.5355
37.3509 40.3107
46.1827 27.5815
50.6279 30.5988
60.947 37.601
69.1827 45.8081
77.2501 59.3139
76.4458 59.6527
75.1379 60.2033
70.64 62.0935
66.2949 58.241
61.5288 54.0151
57.4915 50.4369
57.2955 50.3555
57.0883 50.2695
56.8844 50.1849
57.1072 53.5499
49.647 53.6016
49.1409 53.5771
48.7392 53.5577
48.9943 49.9693
49.5218 42.4959
47.685 41.2844
50 50
