OFV: 272.61278773702753
Runtime: 0.04551968502346426
Gap: None
repPt: {0: (50, 50), 1: (61.917150602871665, 76.08970837957335), 2: (55.571901664348495, 97.46279433555196), 10: (59.468730122279894, 97.39247984726151), 9: (77.2013312278774, 97.07428784001759), 3: (76.57100402972145, 100.87142983270594), 4: (75.93031893161239, 104.73543223885636), 6: (99.70750955304132, 65.4917663928495), 5: (77.28580318114423, 52.11657586182636), 8: (74.19868454166846, 50.2753904019179), 7: (62.2007534394012, 38.294528864252214), 12: (38.34282153492187, 14.474143970799645), 11: (27.11032801886397, 9.499130498015703), 14: (21.404192296806688, 12.244070311171798), 13: (34.378508535583684, 29.376197002418458)}
lowerBound: 272.61276561031787
upperBound: 272.61278773702753
solType: IP_Optimal
Path: 
50 50
61.9172 76.0897
55.5719 97.4628
59.4687 97.3925
77.2013 97.0743
76.571 100.8714
75.9303 104.7354
99.7075 65.4918
77.2858 52.1166
74.1987 50.2754
62.2008 38.2945
38.3428 14.4741
27.1103 9.4991
21.4042 12.2441
34.3785 29.3762
50 50
