OFV: 315.582278198964
Runtime: 7.811924291003379
Gap: 1.2643841706754046e-07
repPt: {0: (50, 50), 4: (64.93552244298633, 6.412046641828251), 3: (46.239191954876404, 6.464668981115354), 7: (23.796703238470165, 42.71848383487981), 8: (40.63064986305389, 65.95977804949926), 6: (40.630651085790475, 65.95978324911148), 5: (46.35332365415101, 91.24199644071173), 9: (46.280603910743636, 89.25875959175274), 10: (45.72921893956132, 74.39372835638648), 1: (12.42196729946012, 85.11431310756505), 2: (-11.094438812015234, 81.31921147928209), 12: (33.92553542875348, 41.86071504529864), 11: (49.18952546112863, 49.58946714670164)}
solType: IP_Optimal
lowerBound: 315.5822382972403
upperBound: 315.582278198964
Path: 
50 50
64.9355 6.412
46.2392 6.4647
23.7967 42.7185
40.6306 65.9598
40.6307 65.9598
46.3533 91.242
46.2806 89.2588
45.7292 74.3937
12.422 85.1143
-11.0944 81.3192
33.9255 41.8607
49.1895 49.5895
50 50
