OFV: 721.1986398298043
Runtime: 0.11544853099621832
Gap: None
repPt: {0: (50, 50), 14: (48.432522232701736, 51.436491109548065), 13: (31.94064488476546, 52.394627348746454), 18: (23.369064246560356, 52.892828846417004), 17: (14.674373855550028, 70.93275271419898), 5: (20.07032847294494, 68.03873653013486), 6: (51.54584286376306, 62.72400447547013), 33: (44.43121647391581, 66.23871924303091), 34: (64.80006434845968, 91.28076811873161), 10: (45.52816487211292, 114.36650418957095), 9: (37.41022711368782, 85.48633136235337), 11: (46.97575230851293, 81.32289751805187), 12: (71.60681792939428, 80.2474918277877), 29: (78.61066376714852, 73.39188335745331), 30: (104.72550016446438, 65.85989338421227), 4: (99.45455190809543, 41.31194235396521), 3: (74.45766473711187, 60.203380665598985), 1: (69.69915514383715, 57.27116985337743), 2: (87.20126622267283, 47.61284649911185), 32: (80.82549193802447, 43.59989524448725), 31: (65.94468455291744, 34.22852062185044), 15: (64.09882989463877, 28.983676310616982), 16: (77.66262438385145, -3.621569916047859), 26: (96.3797140792871, -10.239147414675175), 25: (79.1720099953423, 3.616745869539611), 28: (72.76325150482333, 8.777832866849572), 27: (49.5376628072409, 34.61975389044805), 38: (56.25895568219693, 30.808182854442904), 37: (42.36066543497431, 12.815800441640915), 22: (45.05828169847244, 5.030957303265284), 21: (34.76602642559248, 23.009138646385242), 8: (28.26961298002708, 14.909729505287105), 7: (17.04519255610485, 19.69402871396426), 23: (4.546405453395635, 3.780890624524108), 24: (11.066420091917141, 27.8276662904057), 19: (11.631847396088919, 31.424221767315654), 20: (43.23690929493352, 28.230859085753792), 36: (41.80625227765428, 27.6006828475834), 35: (33.419422396848965, 59.85901370559753), 39: (35.50261899159263, 56.69802845200807), 40: (56.9326575069662, 50.04145048310765)}
lowerBound: 721.1984727949183
upperBound: 721.1986398298043
solType: IP_Optimal
Path: 
50 50
48.4325 51.4365
31.9406 52.3946
23.3691 52.8928
14.6744 70.9328
20.0703 68.0387
51.5458 62.724
44.4312 66.2387
64.8001 91.2808
45.5282 114.3665
37.4102 85.4863
46.9758 81.3229
71.6068 80.2475
78.6107 73.3919
104.7255 65.8599
99.4546 41.3119
74.4577 60.2034
69.6992 57.2712
87.2013 47.6128
80.8255 43.5999
65.9447 34.2285
64.0988 28.9837
77.6626 -3.6216
96.3797 -10.2391
79.172 3.6167
72.7633 8.7778
49.5377 34.6198
56.259 30.8082
42.3607 12.8158
45.0583 5.031
34.766 23.0091
28.2696 14.9097
17.0452 19.694
4.5464 3.7809
11.0664 27.8277
11.6318 31.4242
43.2369 28.2309
41.8063 27.6007
33.4194 59.859
35.5026 56.698
56.9327 50.0415
50 50
