OFV: 771.2498841296866
Runtime: 32.13727837789338
Gap: None
Path: 
50 50
50.041 54.4092
50.2261 74.1928
62.0191 94.8048
79.0338 70.3219
85.0111 70.2764
85.7361 80.1301
93.8665 97.3947
107.2768 125.8717
43.9936 121.323
41.8403 98.802
41.1662 91.7491
43.5067 88.0089
46.1351 83.8082
40.5263 66.9834
33.1701 74.795
30.17 66.9184
24.5854 58.7627
19.8659 57.4364
15.0636 56.0867
15.4502 48.741
15.7329 43.3726
7.7612 15.8779
7.8356 13.597
8.5503 -8.2149
11.6893 -3.8293
32.2376 -7.4598
45.4011 10.4961
32.4387 26.7184
28.5892 31.5346
19.8207 34.6971
25.9129 25.3564
29.9137 22.4869
33.9737 19.5745
34.1597 9.6283
26.7538 10.1585
31.0525 18.6025
47.0151 23.8236
52.8937 20.533
55.9677 18.4911
72.9696 7.1983
81.271 13.3616
104.1883 30.3758
124.0025 45.0871
114.5866 44.5151
99.4389 43.0912
94.0837 38.5585
85.1749 31.0168
85.4643 29.9549
86.9468 24.5116
73.8922 39.573
69.9299 46.6549
58.0992 67.8
57.1883 66.173
56.5065 64.9553
52.2033 57.2733
34.488 46.5386
34.9323 46.6126
35.9517 46.7824
48.1931 48.8176
53.8062 49.7514
50 50
