OFV: 1023.0329512749568
Runtime: 3601.5523602440953
Gap: None
repPt: {0: (50, 50), 79: (48.34985243294304, 52.43395523083077), 80: (64.27787290179121, 46.87656713968257), 59: (64.35571066658576, 46.8493816013846), 60: (70.8156818293074, 52.88290706856507), 31: (70.81569583763674, 52.882905420565365), 32: (79.18331260923773, 57.952146691042365), 81: (75.0621529401572, 47.52559314436418), 82: (95.39781782072045, 46.75455146165785), 75: (94.67463953903263, 45.62373261275914), 76: (104.66707827783316, 52.444232244932564), 38: (108.7775513792119, 43.75733306151956), 37: (102.3530685679892, 49.78221280077987), 16: (102.35305020652234, 49.78224304482532), 15: (84.88419923383223, 63.217477006871356), 42: (84.88421381651692, 63.21745602198129), 41: (75.82596343142977, 46.703275423775594), 17: (77.41882865437368, 48.15849932800592), 18: (85.30614662781562, 29.72219138126335), 4: (85.38411904244829, 29.539824354520377), 3: (87.37355320965769, 43.43356269992932), 54: (87.4976145515538, 44.30333942368876), 53: (66.40497251196328, 40.876909999089406), 95: (65.71608639817308, 40.76536268365445), 96: (66.03178561632348, 32.33772349928387), 97: (66.0479097942835, 31.916178145793037), 98: (66.3539299406421, 23.74620342455063), 78: (74.23762119416537, 29.885845039039253), 77: (77.04803721327227, 12.471364101755466), 45: (77.88303527682714, 7.289706622089195), 46: (95.61495248539083, 12.178625483953077), 83: (91.52254814496592, 11.230233536810456), 84: (91.8051809793711, 7.010209088573129), 89: (91.82086009702564, 6.776249076237176), 90: (93.74495485542425, -21.96065043333701), 64: (99.50531473742598, -17.1272765548586), 63: (82.83536816344062, -0.7626194030181539), 40: (82.94383527365883, -0.8656610477454008), 39: (73.76197400881787, 7.271681214614396), 86: (73.76198975565423, 7.271683907757808), 85: (47.616873789215, 4.875572863208521), 13: (48.24473451467221, 5.014142056163806), 14: (67.18778657239984, 3.30512692995156), 56: (66.0356232748216, 3.5714028445327677), 55: (39.81322573969716, 9.630404678634587), 58: (39.81324347072751, 9.630387268245949), 57: (23.486035068978097, -0.33977133607467547), 44: (18.515556422653233, -28.8009538711919), 43: (14.325749009293842, 0.9649628318837778), 2: (13.840362694927322, 4.40923569533382), 1: (11.514441030025962, 20.921040259554555), 23: (14.65229486967268, 24.54951826046583), 24: (20.956814131040726, 22.444035444928723), 35: (21.40260280713127, 22.29495389575168), 36: (40.26334244695949, 15.996632612281955), 7: (38.47710369903861, 14.314987785785457), 8: (31.652815931904293, 41.84964609716354), 66: (31.65279250250579, 41.84965482788781), 65: (27.88793825453371, 36.645403745847496), 26: (32.05036851642791, 38.379291686689726), 25: (6.473078362581273, 27.448021168687077), 29: (4.976707277408291, 26.808493932168524), 30: (11.337849965210882, 47.62548898399874), 91: (11.435922502822196, 47.947019517383595), 92: (25.916902479533228, 73.71384259786481), 71: (24.525887738010034, 75.53969949623291), 72: (25.181580622964816, 82.91007250378951), 88: (25.303883472973062, 84.27507538860615), 87: (8.326156817363948, 89.36884452918642), 27: (7.094661639598232, 89.73777289493896), 28: (13.088116094445882, 85.50153885900949), 9: (13.088099522855414, 85.50156397987264), 10: (14.575114661838775, 79.07727664868757), 20: (14.66187953781721, 77.75797440097634), 19: (15.248663513373689, 68.8728538550849), 21: (18.581498337282195, 64.54444084780553), 22: (26.099776114832924, 54.77767157330462), 51: (26.099772370174428, 54.77764599192351), 52: (46.12715437999009, 63.084026007441416), 49: (46.127142499817346, 63.084010723396766), 50: (53.70193356453742, 73.45898258849958), 5: (54.95239039556171, 73.67904316483673), 6: (82.00067425469986, 78.4428495112819), 67: (91.20047539585126, 80.0624522715612), 68: (103.07653335126143, 94.21767705457728), 61: (102.95086357073882, 94.03298024378255), 62: (100.30829117235639, 72.6478404074869), 11: (100.22952539377226, 72.01046558412999), 12: (117.46400921315944, 89.71149730744685), 48: (119.68687795995301, 91.99431546686667), 47: (91.81030246944943, 91.26734400018474), 70: (91.81027440135176, 91.26733937981119), 69: (64.72459936461291, 91.96666039600714), 93: (62.887727242613025, 92.01432835148441), 94: (71.87244133468097, 93.32077534676314), 99: (71.87242177285087, 93.32075326940362), 100: (81.0230778147627, 80.09668407791547), 34: (81.02302540779857, 80.09670135805428), 33: (57.77185076613091, 65.41055543551784), 74: (60.64822473079812, 65.81538724627445), 73: (55.40552919427394, 58.189031309174055)}
lowerBound: 992.4120199591455
upperBound: 1023.0329512749568
solType: IP_TimeLimit
Path: 
50 50
48.3499 52.434
64.2779 46.8766
64.3557 46.8494
70.8157 52.8829
70.8157 52.8829
79.1833 57.9521
75.0622 47.5256
95.3978 46.7546
94.6746 45.6237
104.6671 52.4442
108.7776 43.7573
102.3531 49.7822
102.3531 49.7822
84.8842 63.2175
84.8842 63.2175
75.826 46.7033
77.4188 48.1585
85.3061 29.7222
85.3841 29.5398
87.3736 43.4336
87.4976 44.3033
66.405 40.8769
65.7161 40.7654
66.0318 32.3377
66.0479 31.9162
66.3539 23.7462
74.2376 29.8858
77.048 12.4714
77.883 7.2897
95.615 12.1786
91.5225 11.2302
91.8052 7.0102
91.8209 6.7762
93.745 -21.9607
99.5053 -17.1273
82.8354 -0.7626
82.9438 -0.8657
73.762 7.2717
73.762 7.2717
47.6169 4.8756
48.2447 5.0141
67.1878 3.3051
66.0356 3.5714
39.8132 9.6304
39.8132 9.6304
23.486 -0.3398
18.5156 -28.801
14.3257 0.965
13.8404 4.4092
11.5144 20.921
14.6523 24.5495
20.9568 22.444
21.4026 22.295
40.2633 15.9966
38.4771 14.315
31.6528 41.8496
31.6528 41.8497
27.8879 36.6454
32.0504 38.3793
6.4731 27.448
4.9767 26.8085
11.3378 47.6255
11.4359 47.947
25.9169 73.7138
24.5259 75.5397
25.1816 82.9101
25.3039 84.2751
8.3262 89.3688
7.0947 89.7378
13.0881 85.5015
13.0881 85.5016
14.5751 79.0773
14.6619 77.758
15.2487 68.8729
18.5815 64.5444
26.0998 54.7777
26.0998 54.7776
46.1272 63.084
46.1271 63.084
53.7019 73.459
54.9524 73.679
82.0007 78.4428
91.2005 80.0625
103.0765 94.2177
102.9509 94.033
100.3083 72.6478
100.2295 72.0105
117.464 89.7115
119.6869 91.9943
91.8103 91.2673
91.8103 91.2673
64.7246 91.9667
62.8877 92.0143
71.8724 93.3208
71.8724 93.3208
81.0231 80.0967
81.023 80.0967
57.7719 65.4106
60.6482 65.8154
55.4055 58.189
50 50
