OFV: 329.6821736929931
Runtime: 2208.9006581306458
Gap: 0
repPt: {0: (50, 50), 1: (64.87546171325413, 36.60334011529149), 2: (69.63019252999818, 50.95637377782962), 3: (61.89244419309762, 39.81282573462603), 4: (70.74214929246469, 52.557854907532295), 5: (33.967825414801304, 29.188022602408076), 6: (69.61220274288833, 31.508247010946608), 7: (86.49104660672815, 93.4054261684098), 8: (102.32647847592489, 95.65824589486267), 9: (51.78930576572533, 69.48490417779986), 10: (65.71676654440107, 79.08556415907816), 11: (14.188927869236782, 58.98381877237299), 12: (39.2594962936429, 65.78622066565796), 13: (5.86999454300807, 36.15639026548953), 14: (-15.308761270335985, 60.67438713148118)}
solType: IP_Optimal
lowerBound: 329.68220837559977
upperBound: 329.6821736929931
Path: 
50 50
51.7893 69.4849
65.7168 79.0856
86.491 93.4054
102.3265 95.6582
70.7421 52.5579
69.6302 50.9564
61.8924 39.8128
64.8755 36.6033
69.6122 31.5082
33.9678 29.188
5.87 36.1564
-15.3088 60.6744
14.1889 58.9838
39.2595 65.7862
50 50
