OFV: 335.83522553185975
Runtime: 4.232015626010252
Gap: 1.0789852467222029e-07
repPt: {0: (50, 50), 8: (42.02917535631005, 47.87604395770134), 7: (26.8395270248809, 30.108233712314377), 12: (31.246390714488918, 2.8398089669066184), 11: (56.865381512167566, 6.5184485249868676), 5: (93.46384857572434, 11.772703470166743), 6: (106.29872697902567, 41.0284912454889), 3: (70.06078167360461, 79.95492670553845), 4: (46.15139714052955, 91.34224768508625), 10: (25.898615964523934, 96.95424255696707), 9: (11.853023067913051, 78.90961361614113), 1: (20.783561748306532, 71.7274632459236), 2: (31.126560471239564, 61.04938612876342), 13: (26.270930703515482, 62.530343909906115), 14: (49.68903736937914, 50.16416307571759)}
solType: IP_Optimal
lowerBound: 335.8351892957344
upperBound: 335.83522553185975
Path: 
50 50
42.0292 47.876
26.8395 30.1082
31.2464 2.8398
56.8654 6.5184
93.4638 11.7727
106.2987 41.0285
70.0608 79.9549
46.1514 91.3422
25.8986 96.9542
11.853 78.9096
20.7836 71.7275
31.1266 61.0494
26.2709 62.5303
49.689 50.1642
50 50
