OFV: 434.8962656742252
Runtime: 76.63020091399085
Gap: -2.1366069358613067e-07
repPt: {0: (50, 50), 8: (112.65275365891877, 48.714809275030866), 7: (94.55005203240859, 22.38303188805434), 9: (90.02787558474805, 20.507401763987833), 16: (73.05210445985699, 13.463402603674183), 10: (64.72939158620592, 10.010997168283149), 15: (54.72550009621482, 5.8657236790852565), 4: (55.93708495515894, 7.321447549542176), 3: (54.1491323345904, 29.8386381569928), 6: (42.75704676444488, 27.783005322965096), 5: (18.75700332232077, 51.08971471477855), 14: (1.531573077967427, 43.98694805056927), 13: (12.167725098578748, 10.416993305803674), 1: (13.36954717015138, 4.731144181486707), 2: (-1.2757995061356446, -19.50056040885008), 12: (-28.509339346414702, 22.67263894602818), 11: (2.868909043796206, 17.746276646927935), 18: (3.842071438221463, 18.215249848326543), 17: (27.898925850030224, 29.84174374363161)}
solType: IP_Optimal
lowerBound: 434.896358594463
upperBound: 434.8962656742252
Path: 
50 50
112.6528 48.7148
94.5501 22.383
90.0279 20.5074
73.0521 13.4634
64.7294 10.011
54.7255 5.8657
55.9371 7.3214
54.1491 29.8386
42.757 27.783
18.757 51.0897
1.5316 43.9869
12.1677 10.417
13.3695 4.7311
-1.2758 -19.5006
-28.5093 22.6726
2.8689 17.7463
3.8421 18.2152
27.8989 29.8417
50 50
