OFV: 383.4131679590513
Runtime: 9.89249858702533
Gap: 8.150945100084398e-08
repPt: {0: (50, 50), 14: (51.43269156186054, 51.392426534737695), 13: (29.836896370396556, 54.86922486314944), 6: (11.850852463159676, 57.76443794527094), 5: (13.004859485385701, 70.32010515523714), 11: (12.92589911349394, 93.67564740241704), 12: (40.469448543021365, 104.25956472849333), 8: (67.94173736814591, 102.66903273662918), 7: (78.12892786030328, 75.806112525255), 1: (98.39177117743753, 22.39169726741517), 2: (107.64009185669262, -2.0040780264645273), 16: (94.12403610389107, 1.1765331391001093), 15: (64.3016680822306, 8.199423284037499), 4: (35.979629021649444, 18.126974916591106), 3: (33.84138588081695, 50.0858134501539), 10: (36.59960687135062, 48.82500173508499), 9: (52.7741220283152, 41.43343376261735)}
solType: IP_Optimal
lowerBound: 383.41313670725447
upperBound: 383.4131679590513
Path: 
50 50
51.4327 51.3924
29.8369 54.8692
11.8509 57.7644
13.0049 70.3201
12.9259 93.6756
40.4694 104.2596
67.9417 102.669
78.1289 75.8061
98.3918 22.3917
107.6401 -2.0041
94.124 1.1765
64.3017 8.1994
35.9796 18.127
33.8414 50.0858
36.5996 48.825
52.7741 41.4334
50 50
