OFV: 296.6657498322645
Runtime: 7.723976096982369
Gap: 0.0
repPt: {0: (50, 50), 7: (45.944728865745326, 25.858992730647397), 8: (20.5024733966287, 14.237404554219692), 10: (12.577841104273816, 32.449487394780164), 9: (9.719138974410374, 62.92913928453821), 2: (9.008203974375292, 70.4809523495302), 1: (38.477855837695394, 84.91626692017212), 11: (92.2770527454834, 97.98546487956996), 12: (105.39870994698035, 101.16862577684846), 4: (72.70195445710267, 68.45605608585198), 3: (62.9912881454049, 58.735484921747144), 5: (59.20941208832881, 60.120001842291366), 6: (49.11036171036144, 60.31624809153516)}
solType: IP_Optimal
lowerBound: 296.6657651395026
upperBound: 296.6657498322645
Path: 
50 50
45.9447 25.859
20.5025 14.2374
12.5778 32.4495
9.7191 62.9291
9.0082 70.481
38.4779 84.9163
92.2771 97.9855
105.3987 101.1686
72.702 68.4561
62.9913 58.7355
59.2094 60.12
49.1104 60.3162
50 50
