OFV: 293.9835614103325
Runtime: 5.299587882000196
Gap: 5.116493927634803e-08
repPt: {0: (50, 50), 1: (63.90460953090333, 75.81464687953996), 2: (54.00710360665534, 98.70949455507433), 10: (56.272922153151924, 98.43723510302824), 9: (78.69403353217201, 95.74262611362217), 3: (77.72553925379806, 99.11977320867122), 4: (75.54185365012694, 106.73591884417051), 6: (101.70380626231453, 65.21298563214435), 5: (73.87547663971367, 52.25954759841364), 8: (72.91957436460306, 51.814757671012096), 7: (64.19737856978433, 41.66159827156855), 12: (39.33633876890561, 12.726997011459638), 11: (27.229651308832914, 7.494723318639703), 14: (19.470523274986398, 11.730488830417757), 13: (32.71950145408997, 30.495583719181642)}
solType: IP_Optimal
lowerBound: 293.98354636868146
upperBound: 293.9835614103325
Path: 
50 50
63.9046 75.8146
54.0071 98.7095
56.2729 98.4372
78.694 95.7426
77.7255 99.1198
75.5419 106.7359
101.7038 65.213
73.8755 52.2595
72.9196 51.8148
64.1974 41.6616
39.3363 12.727
27.2297 7.4947
19.4705 11.7305
32.7195 30.4956
50 50
