OFV: 326.9830031899086
Runtime: 0.036145522026345134
Gap: None
repPt: {0: (50, 50), 6: (37.718182983720105, 59.439925114788345), 5: (47.61120797098404, 30.665436642664407), 3: (47.44418051766976, 29.82978290280051), 4: (45.78643915180805, 21.51013480977236), 7: (56.71370827988461, 27.30347178767849), 8: (74.82297455172866, 15.893364772565974), 9: (75.17841079067342, 15.669118861450553), 10: (81.65658204894129, 11.58620249753745), 11: (84.45279098180455, 20.739672650088846), 12: (99.03324085325202, 36.94657766544794), 1: (97.19993185521334, 43.5744775710142), 2: (104.94176790020154, 70.48316932423317), 13: (61.189007905495934, 97.12078653190336), 14: (42.47391856046461, 108.51340033002539), 15: (44.99667506363961, 64.65706445267314), 16: (68.69218837129992, 49.97293384506913)}
lowerBound: 326.98299433397693
upperBound: 326.9830031899086
solType: IP_Optimal
Path: 
50 50
37.7182 59.4399
47.6112 30.6654
47.4442 29.8298
45.7864 21.5101
56.7137 27.3035
74.823 15.8934
75.1784 15.6691
81.6566 11.5862
84.4528 20.7397
99.0332 36.9466
97.1999 43.5745
104.9418 70.4832
61.189 97.1208
42.4739 108.5134
44.9967 64.6571
68.6922 49.9729
50 50
