OFV: 327.4488506499356
Runtime: 3149.391809940338
Gap: 0
repPt: {0: (50, 50), 1: (37.346039681952014, 49.95128570486918), 2: (47.72473437809266, 42.10498952595349), 3: (30.447559809418685, 62.952798006129406), 4: (14.12614704092833, 32.70122126130957), 5: (65.70431770116876, 90.33519622461371), 6: (57.40669775017252, 69.0236857023648), 7: (5.603431705647623, 35.75312772201964), 8: (6.929007481528921, 57.96329722541231), 9: (55.04027208521325, 37.0267716399953), 10: (23.03112908588036, 45.28851154268473), 11: (55.20142606200229, 15.782948977817087), 12: (59.2125745921389, 1.64192675518279), 13: (30.91291778279921, 63.81532175106666), 14: (32.43628292355805, 91.096921904399)}
solType: IP_Optimal
lowerBound: 327.44882885808323
upperBound: 327.4488506499356
Path: 
50 50
37.346 49.9513
47.7247 42.105
55.2014 15.7829
59.2126 1.6419
55.0403 37.0268
23.0311 45.2885
6.929 57.9633
5.6034 35.7531
14.1261 32.7012
30.4476 62.9528
30.9129 63.8153
32.4363 91.0969
65.7043 90.3352
57.4067 69.0237
50 50
