OFV: 405.73489800058115
Runtime: 0.031292498926632106
Gap: None
repPt: {0: (50, 50), 16: (-4.557508788196883, 67.95668396565782), 15: (11.831652833237186, 98.6126137002211), 10: (14.327212334592767, 103.27219078027157), 9: (36.383167686665075, 93.53179809543191), 19: (38.138027843283375, 92.87861242982608), 20: (64.97597983815533, 109.0071830283372), 8: (64.81481779158459, 107.70200178054972), 7: (62.34825004086599, 87.69283873177767), 6: (61.92831648027919, 85.0402499209991), 5: (79.29218163487809, 86.8382449061071), 3: (79.29218986538527, 86.83825101537226), 4: (68.19258321839285, 63.52776332461976), 12: (70.15965423547706, 57.87853255175466), 11: (94.79049590501904, 43.51701423341747), 14: (78.10003649724707, 61.34924764277973), 13: (66.66545558894875, 38.946140648029036), 17: (66.18357065865338, 37.999283753172335), 18: (56.718637981685234, 19.47393803881966), 2: (46.49181149163354, -0.5657491617324109), 1: (39.0142979233546, 6.750013150003978)}
lowerBound: 405.7348002812191
upperBound: 405.73489800058115
solType: IP_Optimal
Path: 
50 50
-4.5575 67.9567
11.8317 98.6126
14.3272 103.2722
36.3832 93.5318
38.138 92.8786
64.976 109.0072
64.8148 107.702
62.3483 87.6928
61.9283 85.0402
79.2922 86.8382
79.2922 86.8383
68.1926 63.5278
70.1597 57.8785
94.7905 43.517
78.1 61.3492
66.6655 38.9461
66.1836 37.9993
56.7186 19.4739
46.4918 -0.5657
39.0143 6.75
50 50
