OFV: 440.25477537767904
Runtime: 317.63722511200467
Gap: 0.0
repPt: {0: (50, 50), 18: (49.97424899862387, 51.379078398262955), 17: (49.33453180652033, 85.89244365760507), 12: (67.40053120277074, 108.62237055293481), 11: (74.86605088741676, 76.51146049305261), 9: (77.83232261329333, 69.24789168171736), 10: (71.1454175925988, 95.30210582642864), 1: (70.36659334578897, 91.29943056503713), 2: (83.41289161008956, 92.79322570075432), 13: (86.61491604131851, 89.46513866639125), 14: (109.38110381811651, 65.8030413273258), 16: (106.94164812467542, 60.10830555816764), 15: (98.56318913879632, 55.787478279916094), 4: (98.39386819720849, 6.363506809955123), 3: (68.9570425550458, 5.077470202895282), 19: (69.3049467597128, 4.3052367506249976), 20: (82.59382887609023, -10.835882474023542), 6: (55.839412497196044, -24.129530156615452), 5: (51.693941723237586, -1.5919094487147885), 8: (35.896484417874824, 6.4434742854642115), 7: (18.121164952819658, 15.484422994654459)}
solType: IP_Optimal
lowerBound: 440.2548831494911
upperBound: 440.25477537767904
Path: 
50 50
49.9742 51.3791
49.3345 85.8924
67.4005 108.6224
74.8661 76.5115
77.8323 69.2479
71.1454 95.3021
70.3666 91.2994
83.4129 92.7932
86.6149 89.4651
109.3811 65.803
106.9416 60.1083
98.5632 55.7875
98.3939 6.3635
68.957 5.0775
69.3049 4.3052
82.5938 -10.8359
55.8394 -24.1295
51.6939 -1.5919
35.8965 6.4435
18.1212 15.4844
50 50
