OFV: 891.2275785774898
Runtime: 100.68152888910845
Gap: None
Path: 
50 50
38.3685 51.1973
37.6587 78.6983
22.1436 85.387
24.5907 93.2269
26.3159 98.7531
31.0111 114.6547
23.4171 104.9465
8.2952 85.6164
12.1028 84.2997
24.5731 79.9893
33.9311 84.6676
42.8367 89.1201
48.6147 92.0081
56.6106 86.7996
65.1372 81.2454
65.1372 81.2454
59.4486 72.136
44.3133 68.2696
24.7142 63.263
24.1767 70.3
23.9578 67.7455
23.6895 64.6142
21.9075 43.8189
21.2376 36.0001
27.4045 31.612
25.6065 30.5494
13.3219 14.7006
4.8543 14.785
4.6127 7.9943
4.4179 2.5303
16.8225 7.9062
17.644 8.2622
29.6845 13.4815
33.2384 4.4715
33.2384 4.4715
13.6366 2.0062
13.6366 2.0062
16.5935 -1.2477
35.1442 -21.6564
35.1442 -21.6564
58.8964 -2.7548
77.8604 -6.3811
79.7045 -2.1126
71.4091 13.3314
74.9445 15.3718
93.2393 11.9667
98.0533 5.3999
99.6229 3.2591
101.1377 1.1931
109.7122 15.9045
116.0245 31.4577
96.0978 16.8876
96.3177 20.4925
85.151 26.6616
83.0393 27.8287
76.8502 40.7963
86.6085 51.7419
86.6091 51.7424
92.9407 58.0476
96.2258 61.3191
96.3998 65.3057
86.4899 86.1433
72.2264 91.7454
96.9682 92.5076
103.0167 89.6143
105.5056 66.1367
103.7894 57.6765
96.1566 43.1416
90.9581 29.5451
84.3748 12.3255
83.7512 11.761
81.3075 11.4914
67.5174 11.3899
63.5944 11.9198
52.4645 13.4223
47.7939 14.0526
59.9636 14.483
56.6905 30.0914
59.5667 38.4888
47.2443 46.6443
50 50
