OFV: 636.0035920323542
Runtime: 19.294075893005356
Gap: None
Path: 
50 50
51.1503 46.8575
64.2654 11.0453
67.1721 9.0678
91.2272 0.197
52.0572 -27.9322
47.1791 3.0403
44.921 4.9837
48.6909 13.8908
50.884 19.0717
52.8084 23.618
65.2721 40.6154
68.3345 46.1596
66.6824 35.2755
68.06 48.3839
69.0401 57.7037
76.6063 82.5663
61.4901 80.656
59.2893 77.2924
60.1737 51.2808
60.3276 46.7988
62.8519 47.1558
36.5055 62.0063
28.0263 58.5836
20.2152 38.985
23.5805 47.3417
8.2499 33.5371
21.9663 32.1937
14.957 12.5763
30.1329 15.8243
39.2126 31.6249
32.8079 39.1486
10.0963 65.8361
12.1038 65.1931
25.7863 67.6097
25.3893 92.0473
25.8887 94.7142
28.4965 108.6147
29.3354 106.531
37.662 85.8639
48.0232 60.149
50 50
