OFV: 535.172120517954
Runtime: 23.825323960045353
Gap: None
Path: 
50 50
46.0 48.8996
54.8566 46.4567
63.3178 46.5104
74.9913 46.5833
80.8077 47.5094
87.7623 48.6177
93.5115 50.9385
81.3995 57.8567
77.7458 62.6823
75.0467 75.3064
72.883 68.58
93.1612 65.0054
90.5767 69.1878
76.0297 92.7812
93.6585 89.5626
85.4703 90.6003
74.1457 92.0304
65.936 93.0704
62.8593 90.9796
53.7815 84.8169
45.3758 74.472
26.3994 83.2991
34.2433 74.3208
21.8639 73.0008
18.7871 57.9407
19.9208 38.1048
21.8754 3.9721
32.8888 -10.0083
48.0002 5.1771
56.741 10.5303
78.3054 19.132
78.3054 19.132
79.7161 10.846
85.0846 4.7116
89.2467 -0.0452
99.8463 2.3588
114.4032 12.8214
89.798 27.982
82.4791 26.5822
67.5673 37.3346
50 50
