OFV: 422.7186681343439
Runtime: 0.018612531945109367
Gap: None
repPt: {0: (50, 50), 10: (55.084526370301575, 46.484524910309936), 9: (37.46330637713927, 20.59538316947479), 6: (41.475491907743034, 9.78565510266678), 5: (65.27108094607367, 12.988799842335851), 15: (83.95527643829733, 15.504176965333087), 16: (92.81921816065812, 44.97851629145168), 1: (96.41277104227197, 56.945827511150064), 2: (117.73483794205642, 61.7989614331282), 11: (94.59277816681126, 94.84065169050234), 12: (73.2870583002953, 107.59321413777812), 3: (66.70976987760136, 89.17509632089488), 4: (41.02289604001129, 82.27258133434789), 18: (21.39363711261018, 92.2955778122035), 17: (7.989413874355574, 61.254238238423895), 7: (7.651749057072943, 36.797994736401016), 8: (7.416364062550138, 19.76138075735598), 14: (31.766416091354213, 28.3493189333292), 13: (43.67985220040553, 32.55085219649561)}
lowerBound: 422.7186120902292
upperBound: 422.7186681343439
solType: IP_Optimal
Path: 
50 50
55.0845 46.4845
37.4633 20.5954
41.4755 9.7857
65.2711 12.9888
83.9553 15.5042
92.8192 44.9785
96.4128 56.9458
117.7348 61.799
94.5928 94.8407
73.2871 107.5932
66.7098 89.1751
41.0229 82.2726
21.3936 92.2956
7.9894 61.2542
7.6517 36.798
7.4164 19.7614
31.7664 28.3493
43.6799 32.5509
50 50
