OFV: 156.53357763723668
Runtime: 10.266875982284546
Gap: 0
repPt: {0: (50, 50), 1: (19.841544093626958, 28.2286715120172), 2: (11.350256640528956, 40.43960687227749), 3: (34.56655196864014, 46.25028749747396), 4: (5.454747999593674, 48.92948925863419), 5: (20.298856960211612, 49.23626914911702), 6: (31.454464358176512, 46.25697099264724), 7: (64.8332500276, 51.54680749108676), 8: (59.0677169958242, 61.27746001576017), 9: (44.36519847716466, 66.11949864340136), 10: (54.201662043863536, 60.51802833121644)}
solType: IP_Optimal
lowerBound: 156.53354921344186
upperBound: 156.53357763723668
Path: 
50 50
19.8415 28.2287
11.3503 40.4396
5.4547 48.9295
20.2989 49.2363
31.4545 46.257
34.5666 46.2503
44.3652 66.1195
54.2017 60.518
59.0677 61.2775
64.8333 51.5468
50 50
