OFV: 269.5456048064304
Runtime: 1.5723134040017612
Gap: 4.2617079074189974e-08
repPt: {0: (50, 50), 7: (56.89540409836867, 22.643718861005205), 8: (32.665590380996136, 16.28943459874331), 12: (36.319521464248645, 25.15854518124601), 11: (29.73550350837549, 35.474073102307194), 1: (26.53487477008171, 51.242903159995976), 2: (24.184230156456167, 62.822138549412095), 10: (24.142844591078454, 63.025901212698685), 9: (19.917728923120546, 83.84861120281634), 3: (35.34489772618199, 81.48184266628787), 4: (43.792775235628945, 91.50647456011751), 6: (96.48458364785675, 93.4769879964719), 5: (73.42173043351484, 71.90710722883553)}
solType: IP_Optimal
lowerBound: 269.54559331918404
upperBound: 269.5456048064304
Path: 
50 50
56.8954 22.6437
32.6656 16.2894
36.3195 25.1585
29.7355 35.4741
26.5349 51.2429
24.1842 62.8221
24.1428 63.0259
19.9177 83.8486
35.3449 81.4818
43.7928 91.5065
96.4846 93.477
73.4217 71.9071
50 50
