OFV: 397.46390819804424
Runtime: 1.4625186350313015
Gap: -1.8012532953723568e-07
repPt: {0: (50, 50), 11: (26.919829896372917, 51.76950666356464), 12: (0.1123609568304178, 53.82500686050557), 10: (56.03632038532273, -24.622119353374973), 9: (68.30951409925201, 6.407156495196581), 6: (78.34653849820609, 7.424403061426627), 5: (96.74161004670755, 31.093104202992677), 8: (120.20318995815558, 20.885304608463986), 7: (95.63074781878515, 29.300783510072378), 1: (83.63806656350067, 33.40645852642221), 2: (103.40783492761915, 51.35694074833529), 3: (98.13687917935404, 43.94996159813476), 4: (98.55499041982408, 68.2026282491967), 14: (82.35621484040064, 68.29687091960011), 13: (67.51093463566707, 59.90150443719814)}
solType: IP_Optimal
lowerBound: 397.4639797913617
upperBound: 397.46390819804424
Path: 
50 50
26.9198 51.7695
0.1124 53.825
56.0363 -24.6221
68.3095 6.4072
78.3465 7.4244
96.7416 31.0931
120.2032 20.8853
95.6307 29.3008
83.6381 33.4065
103.4078 51.3569
98.1369 43.95
98.555 68.2026
82.3562 68.2969
67.5109 59.9015
50 50
