OFV: 398.3936446512074
Runtime: 6.867454550985713
Gap: -2.2261525198086823e-08
repPt: {0: (50, 50), 15: (34.17853625843726, 70.96874385133684), 16: (46.079105505502966, 72.77904620621861), 13: (54.40309575767244, 63.393532036652985), 14: (62.620625078198906, 75.55118108999054), 20: (57.35762652334278, 89.55792806720342), 19: (44.56983418836598, 100.13953544871963), 8: (39.25889215941314, 111.40028072175627), 5: (32.53333373592609, 98.07402709952476), 7: (27.1124202826768, 87.75324448793968), 6: (18.151583870714763, 70.68943272571771), 3: (16.088846147046684, 77.00001998287847), 4: (6.287980512788695, 47.731982884989314), 11: (5.620298061061048, 45.738102858665385), 12: (-22.563953784678542, 42.721815181860386), 1: (2.954064648153627, 17.933017040970114), 2: (-7.981699189711694, -6.580435601386162), 9: (5.621809744173519, 1.108210390683014), 10: (28.35274741068326, -7.615225906039829), 18: (17.28194413566486, 2.628654587894977), 17: (33.691247543486, 26.387055798610074)}
solType: IP_Optimal
lowerBound: 398.39365352005757
upperBound: 398.3936446512074
Path: 
50 50
34.1785 70.9687
46.0791 72.779
54.4031 63.3935
62.6206 75.5512
57.3576 89.5579
44.5698 100.1395
39.2589 111.4003
32.5333 98.074
27.1124 87.7532
18.1516 70.6894
16.0888 77.0
6.288 47.732
5.6203 45.7381
-22.564 42.7218
2.9541 17.933
-7.9817 -6.5804
5.6218 1.1082
28.3527 -7.6152
17.2819 2.6287
33.6912 26.3871
50 50
