OFV: 287.0302674906189
Runtime: 1220.3662588596344
Gap: 0
repPt: {0: (50, 50), 1: (65.26039850891226, 17.384300059072796), 2: (43.469225731274385, 9.830690641247271), 3: (80.00937104218701, 48.32173991799729), 4: (94.30246602001813, 36.92161430365747), 5: (44.722159783415435, 44.12993189299773), 6: (33.826522023190016, 25.540099156396266), 7: (66.17655821239515, 89.81829578772539), 8: (69.62284148651759, 54.32335172834038), 9: (20.939765961348538, 45.27763022081419), 10: (31.354374917580575, 71.39739263325622), 11: (50.33119087272384, 12.210070993659631), 12: (35.663780052400135, 4.320819728562328), 13: (56.83626590884576, 81.84939788893668), 14: (52.44818318564949, 70.9042965502969)}
solType: IP_Optimal
lowerBound: 287.03025953740126
upperBound: 287.0302674906189
Path: 
50 50
44.7222 44.1299
33.8265 25.5401
35.6638 4.3208
43.4692 9.8307
50.3312 12.2101
65.2604 17.3843
94.3025 36.9216
80.0094 48.3217
69.6228 54.3234
66.1766 89.8183
56.8363 81.8494
52.4482 70.9043
31.3544 71.3974
20.9398 45.2776
50 50
