OFV: 434.9267022808838
Runtime: 0.02111757395323366
Gap: None
repPt: {0: (50, 50), 17: (27.898408458122823, 29.841386824782525), 18: (4.798481305779472, 18.679164031570288), 11: (2.867028512028579, 17.74598338751013), 12: (-28.50850322574271, 22.67394886486135), 2: (-1.2743886194605394, -19.50055339729538), 1: (13.370028955985376, 4.733897778613995), 13: (12.165206677206195, 10.425347183541724), 14: (1.5314064443828217, 43.986624587110505), 5: (18.756684010132552, 51.08979074343461), 6: (42.75830841459138, 27.7826077162916), 3: (54.14689075137624, 29.840388413497095), 4: (55.918258484642635, 7.261146152959321), 15: (54.76560865367069, 5.810468394468147), 16: (68.40003480306417, 10.682554493060234), 10: (68.4000411265487, 10.682556505433471), 9: (88.92654074639194, 19.85184750700688), 7: (94.50110528622687, 22.342794895670906), 8: (112.65081948844869, 48.718598506261536)}
lowerBound: 434.9265262613572
upperBound: 434.9267022808838
solType: IP_Optimal
Path: 
50 50
27.8984 29.8414
4.7985 18.6792
2.867 17.746
-28.5085 22.6739
-1.2744 -19.5006
13.37 4.7339
12.1652 10.4253
1.5314 43.9866
18.7567 51.0898
42.7583 27.7826
54.1469 29.8404
55.9183 7.2611
54.7656 5.8105
68.4 10.6826
68.4 10.6826
88.9265 19.8518
94.5011 22.3428
112.6508 48.7186
50 50
