OFV: 429.68791100279384
Runtime: 3603.84200273201
Gap: 0.14082908572060437
repPt: {0: (50, 50), 1: (49.31484886831646, 41.3843423750498), 2: (39.241415691036124, 43.90787944008656), 3: (11.704865151559142, 50.790324383561824), 4: (-4.321382600400607, 29.946920923561812), 13: (16.367321468679542, 10.31036512962385), 14: (33.60768198764223, -6.052806447175893), 10: (34.06023409174485, -21.876080104007926), 9: (44.85209557040115, -1.0392873555095758), 8: (63.849096470869846, 32.362398647325506), 7: (71.09381286534229, 30.54270920607164), 11: (79.77472069160964, 30.459767872684843), 12: (97.76086855084357, 58.49038900852248), 16: (115.73944819925929, 86.5096624627074), 15: (95.13978130386418, 100.6282719784853), 20: (70.21920191115498, 126.86107276738323), 6: (68.35799437073808, 110.68380855303676), 19: (66.8244179896507, 97.35634899704533), 5: (66.09876624937496, 91.02668062733422), 18: (63.170769469882025, 65.66861076867741), 17: (54.92232478925898, 55.85309873119427)}
solType: IP_TimeLimit
lowerBound: 369.17535535107396
upperBound: 429.68791100279384
Path: 
50 50
49.3148 41.3843
39.2414 43.9079
11.7049 50.7903
-4.3214 29.9469
16.3673 10.3104
33.6077 -6.0528
34.0602 -21.8761
44.8521 -1.0393
63.8491 32.3624
71.0938 30.5427
79.7747 30.4598
97.7609 58.4904
115.7394 86.5097
95.1398 100.6283
70.2192 126.8611
68.358 110.6838
66.8244 97.3563
66.0988 91.0267
63.1708 65.6686
54.9223 55.8531
50 50
