OFV: 980.8079735817892
Runtime: 22.00334691198077
Gap: None
Path: 
50 50
40.0983 44.8229
30.6715 39.8962
23.7516 36.2797
4.4877 26.9528
8.3107 33.7074
25.7114 11.0617
16.9976 3.0795
30.7859 -11.7444
41.4259 13.0605
70.612 7.9042
77.1342 3.7515
61.3426 -0.5444
53.6206 -2.6447
46.865 5.6776
40.5167 28.3491
40.03 28.421
31.0824 16.6962
27.1136 48.3821
25.8455 51.169
26.5463 66.452
34.2922 77.8566
36.4787 95.6172
16.1527 126.496
13.7261 94.0067
17.4662 90.0641
45.7368 90.4297
55.0513 90.5526
42.7085 95.534
42.8374 90.3563
43.4746 64.4647
41.244 60.0722
60.6298 87.8194
67.8491 88.6167
60.8682 59.5357
63.061 55.7728
73.2047 38.347
65.9417 42.8167
64.3722 25.7041
63.9638 21.2669
87.3629 2.3641
91.9707 4.1476
79.9707 16.6287
81.0816 16.8721
99.4782 20.9164
103.2022 32.6149
100.0361 46.0789
98.9668 50.6161
121.7196 71.4387
117.9426 85.4441
96.4034 86.0613
88.9381 82.6023
80.2996 56.5474
84.2335 45.809
108.5016 67.3022
101.3631 72.8481
91.5854 94.9396
89.0369 100.7044
72.4177 71.9847
71.176 70.4134
52.3614 52.2781
50 50
