OFV: 422.4519876856551
Runtime: 0.04820979596115649
Gap: None
repPt: {0: (50, 50), 7: (6.543646410905501, 11.78227809366401), 8: (-14.090403543018958, -6.363097668789159), 6: (5.707376653296661, -4.886951280510975), 5: (9.373010243249238, 1.6989975703898788), 17: (43.8206893217744, -0.8420062829107611), 18: (58.399161734043616, -21.836231937513347), 10: (60.8788910821396, -15.374537840547038), 9: (64.53459636851562, 5.886999298919723), 2: (66.49293700891113, 35.924448055828535), 1: (58.999846385626206, 46.36080663142088), 13: (72.91444449612817, 65.18028037183554), 14: (92.83316066306345, 92.11200426316512), 4: (89.26093534841904, 90.15710645358237), 3: (60.261388749806976, 74.28692271561461), 16: (52.90415077485076, 79.8256770671227), 15: (73.51201523872467, 85.14055611685048), 11: (67.81598989187991, 91.46703329665101), 12: (56.40928509688818, 64.91766904098284)}
lowerBound: 422.45194292644766
upperBound: 422.4519876856551
solType: IP_Optimal
Path: 
50 50
6.5436 11.7823
-14.0904 -6.3631
5.7074 -4.887
9.373 1.699
43.8207 -0.842
58.3992 -21.8362
60.8789 -15.3745
64.5346 5.887
66.4929 35.9244
58.9998 46.3608
72.9144 65.1803
92.8332 92.112
89.2609 90.1571
60.2614 74.2869
52.9042 79.8257
73.512 85.1406
67.816 91.467
56.4093 64.9177
50 50
