OFV: 547.5965087875227
Runtime: 1.0528209699550644
Gap: None
repPt: {0: (50, 50), 20: (29.514607424377665, 40.13011034288546), 19: (22.589310247526917, 20.479792396542408), 35: (18.400120605945794, 8.594660551572666), 36: (48.22371922469272, 17.08177161151962), 27: (49.44678712019534, 17.86512772053267), 28: (56.79912936741231, 22.57469461042772), 37: (57.15267784159023, 15.67722579449701), 38: (64.20047679347411, 18.00688950382637), 7: (69.76162949951842, 19.850385988853606), 8: (83.92266347279998, 10.96453581825511), 10: (98.67768814809126, 1.7061438643436535), 9: (95.56579748520495, 11.077790503197729), 11: (89.91842110361307, 28.08402451174335), 12: (87.88551600865486, 42.90901734440464), 40: (80.81404867044063, 54.96010568517755), 39: (60.83865864533511, 80.4347063681535), 18: (60.83866267056726, 80.43469897634762), 17: (37.663643317017396, 76.81697649416996), 34: (34.29198659806746, 72.7349450523405), 33: (17.68725582334103, 78.39169175406956), 2: (17.687273519372265, 78.39165989288531), 1: (15.990956141531484, 68.72384000821461), 31: (17.135952112634016, 69.75559681196421), 32: (29.497705134683002, 80.89096389426176), 16: (32.43986765750612, 83.54226608889485), 15: (30.87061714897099, 96.06036572443605), 21: (32.40341216236276, 98.8040090510575), 22: (39.28064934595845, 111.0867435199291), 4: (47.05277974667295, 114.7705202969587), 3: (53.20959370107666, 102.78604054550922), 23: (72.4554883199889, 94.2266712939751), 24: (85.78473882111912, 90.99756535504478), 13: (85.78473635583414, 90.9975618953199), 14: (100.88748157571929, 113.67000143307266), 6: (117.93443383119437, 99.39346084820302), 5: (91.69475737654409, 85.11683593206992), 30: (89.67646071746893, 84.01842964879603), 29: (70.89177944795084, 60.860853790803745), 26: (73.92863129938218, 56.26859272663775), 25: (53.908437180437005, 52.127372644985215)}
lowerBound: 547.5963695658303
upperBound: 547.5965087875227
solType: IP_Optimal
Path: 
50 50
29.5146 40.1301
22.5893 20.4798
18.4001 8.5947
48.2237 17.0818
49.4468 17.8651
56.7991 22.5747
57.1527 15.6772
64.2005 18.0069
69.7616 19.8504
83.9227 10.9645
98.6777 1.7061
95.5658 11.0778
89.9184 28.084
87.8855 42.909
80.814 54.9601
60.8387 80.4347
60.8387 80.4347
37.6636 76.817
34.292 72.7349
17.6873 78.3917
17.6873 78.3917
15.991 68.7238
17.136 69.7556
29.4977 80.891
32.4399 83.5423
30.8706 96.0604
32.4034 98.804
39.2806 111.0867
47.0528 114.7705
53.2096 102.786
72.4555 94.2267
85.7847 90.9976
85.7847 90.9976
100.8875 113.67
117.9344 99.3935
91.6948 85.1168
89.6765 84.0184
70.8918 60.8609
73.9286 56.2686
53.9084 52.1274
50 50
