OFV: 182.39272306075048
Runtime: 0.5674071949906647
Gap: 2.9487554360436513e-08
repPt: {0: (50, 50), 7: (66.6997381577314, 50.79620779589361), 8: (60.412197275683, 62.905286412943795), 10: (53.531909448802196, 58.59102292834407), 9: (42.80767985800119, 67.9014208468506), 5: (23.7721295729184, 53.333471086868734), 6: (27.814239717726128, 41.591944907718556), 1: (18.915411743551893, 26.298807304090783), 2: (10.707457631081706, 38.73477626903613), 4: (3.537567167410762, 49.59976473495703), 3: (36.85998147857389, 44.98066887295924)}
solType: IP_Optimal
lowerBound: 182.39271768243515
upperBound: 182.39272306075048
Path: 
50 50
66.6997 50.7962
60.4122 62.9053
53.5319 58.591
42.8077 67.9014
23.7721 53.3335
27.8142 41.5919
18.9154 26.2988
10.7075 38.7348
3.5376 49.5998
36.86 44.9807
50 50
