OFV: 327.5500236097797
Runtime: 0.04138103104196489
Gap: None
repPt: {0: (50, 50), 12: (54.58580154016691, 34.53047718615191), 11: (60.13180960617456, 15.819710358825297), 5: (60.70069650990789, 13.898745397788304), 6: (54.95055831183028, -3.662564920455166), 13: (37.29058272019374, 4.800247023683715), 14: (18.727832246380288, 13.694539632589073), 10: (14.816645321628265, 33.27704108315228), 9: (11.021324160643708, 67.00237960209618), 3: (5.88711319890473, 86.21577450987019), 4: (-1.0823336021653063, 107.76729306159623), 8: (49.65532170901162, 101.96024070853817), 7: (44.5864661197475, 75.78293319377508), 15: (33.49752775449515, 66.67768198579348), 16: (25.768315468583147, 60.334733489265524), 2: (30.141850415250968, 55.070906766371046), 1: (38.7289143614126, 44.73098974347541)}
lowerBound: 327.5500185168281
upperBound: 327.5500236097797
solType: IP_Optimal
Path: 
50 50
54.5858 34.5305
60.1318 15.8197
60.7007 13.8987
54.9506 -3.6626
37.2906 4.8002
18.7278 13.6945
14.8166 33.277
11.0213 67.0024
5.8871 86.2158
-1.0823 107.7673
49.6553 101.9602
44.5865 75.7829
33.4975 66.6777
25.7683 60.3347
30.1419 55.0709
38.7289 44.731
50 50
