OFV: 545.4781056412919
Runtime: 40.82997991703451
Gap: None
Path: 
50 50
53.9104 52.1281
73.9289 56.2692
70.8918 60.8607
89.6748 84.017
92.5938 85.6035
117.9341 99.3903
100.8502 113.6648
87.2788 93.948
83.965 90.8064
72.6187 94.1688
53.2083 102.7873
47.0507 114.7712
39.2802 111.0863
30.8707 96.0609
31.3731 92.0872
31.8928 87.9768
32.4502 83.5699
15.7759 68.8381
16.0903 72.1743
16.5888 77.4476
25.7851 74.954
34.1391 72.6898
37.6942 76.8344
56.7576 80.3749
62.8255 74.7752
80.9559 54.7594
87.8847 42.9114
89.9181 28.0853
96.0482 9.6283
98.6785 1.7068
81.2063 12.6697
69.7594 19.8506
64.649 18.1575
57.1544 15.6761
56.7978 22.5754
49.8339 18.1151
48.2208 17.0805
18.3991 8.5958
22.6084 20.5427
29.5147 40.1302
50 50
