OFV: 316.5715934605484
Runtime: 48.08080871403217
Gap: 0.0
repPt: {0: (50, 50), 5: (24.516637921830064, 3.804251913874311), 6: (18.79821367139009, -6.5604801166441735), 2: (97.74526223802259, -25.171861233302234), 1: (94.07584355591312, 6.4923808702009325), 8: (90.18322657364544, 40.08412318218673), 7: (89.82197358165057, 55.7609809748702), 12: (93.89766736694541, 39.196889085157075), 11: (67.22482720360378, 38.03175502169079), 3: (67.22482721776154, 38.03174340439439), 4: (59.17328625843944, 53.28385587313827), 10: (53.003521258843065, 64.97230412498777), 9: (51.284989939106495, 56.40617657891644)}
solType: IP_Optimal
lowerBound: 316.57160236005456
upperBound: 316.5715934605484
Path: 
50 50
24.5166 3.8043
18.7982 -6.5605
97.7453 -25.1719
94.0758 6.4924
90.1832 40.0841
89.822 55.761
93.8977 39.1969
67.2248 38.0318
67.2248 38.0317
59.1733 53.2839
53.0035 64.9723
51.285 56.4062
50 50
