OFV: 363.92154965375494
Runtime: 8.525325710012112
Gap: -1.4646281413507186e-07
repPt: {0: (50, 50), 6: (56.643355465570004, 42.38361249345049), 5: (25.54966338531297, 41.08470383130066), 13: (29.116559590561746, 62.40004090958674), 14: (35.42458993820789, 27.253119949942214), 1: (49.80044871734061, 14.199422561985495), 2: (60.86778926355168, -8.543760645039587), 16: (45.202841259260474, -6.4426742160390305), 15: (60.305606134068945, 4.884304065593727), 7: (95.24179059373623, 31.09315190939868), 8: (114.64283089137847, 28.292652244840646), 10: (101.54872578791235, 42.382409015881464), 9: (95.91057171415707, 57.24904102494622), 12: (79.73724378844169, 64.62378008546655), 11: (77.77864149626308, 35.68274320596116), 4: (72.99918668784346, 52.20239065554316), 3: (57.919192497041344, 48.49891569632498)}
solType: IP_Optimal
lowerBound: 363.9216029547292
upperBound: 363.92154965375494
Path: 
50 50
56.6434 42.3836
25.5497 41.0847
29.1166 62.4
35.4246 27.2531
49.8004 14.1994
60.8678 -8.5438
45.2028 -6.4427
60.3056 4.8843
95.2418 31.0932
114.6428 28.2927
101.5487 42.3824
95.9106 57.249
79.7372 64.6238
77.7786 35.6827
72.9992 52.2024
57.9192 48.4989
50 50
