OFV: 259.853234492583
Runtime: 0.04000274802092463
Gap: None
repPt: {0: (50, 50), 1: (50.91483995231329, 50.108296221962945), 2: (67.89970283951342, 52.1007185740536), 8: (84.57563703550343, 49.64497884865284), 7: (58.712491413503145, 61.09578603405414), 3: (57.92017122968868, 61.37652619259164), 4: (26.091907450395947, 72.65229170402868), 9: (3.096540880880248, 80.79938653249421), 10: (-2.8031629654452592, 69.18959203464885), 5: (24.073067912742182, 7.365820637501334), 6: (20.717978086735915, 18.29143145768863), 12: (20.64227624242508, 18.537647545485108), 11: (37.06716149281957, 25.457542017759053)}
lowerBound: 259.85321036674367
upperBound: 259.853234492583
solType: IP_Optimal
Path: 
50 50
50.9148 50.1083
67.8997 52.1007
84.5756 49.645
58.7125 61.0958
57.9202 61.3765
26.0919 72.6523
3.0965 80.7994
-2.8032 69.1896
24.0731 7.3658
20.718 18.2914
20.6423 18.5376
37.0672 25.4575
50 50
