OFV: 366.33991123066085
Runtime: 11.304621663992293
Gap: 1.1193233749776981e-08
repPt: {0: (50, 50), 11: (26.89874546546905, 51.38395877059124), 12: (1.8773181904761531, 52.883573667836416), 10: (56.01065022099925, -22.615179569221485), 9: (70.06113044859882, 5.290246756226159), 6: (76.83993785532238, 8.829645872470048), 5: (97.09516143307536, 29.1214096190509), 7: (99.7415223000232, 28.172321818033087), 8: (118.3070136989944, 21.52508097711609), 1: (85.59295674153297, 33.82907052861922), 2: (102.02643853949697, 49.90959071336634), 3: (98.71955929548648, 45.86350443910858), 4: (97.32041908798622, 66.61510315764167), 14: (82.79215451590922, 66.34420227486271), 13: (67.98125437408028, 58.96227941649723)}
solType: IP_Optimal
lowerBound: 366.3399071301326
upperBound: 366.33991123066085
Path: 
50 50
26.8987 51.384
1.8773 52.8836
56.0107 -22.6152
70.0611 5.2902
76.8399 8.8296
97.0952 29.1214
99.7415 28.1723
118.307 21.5251
85.593 33.8291
102.0264 49.9096
98.7196 45.8635
97.3204 66.6151
82.7922 66.3442
67.9813 58.9623
50 50
