OFV: 238.25311637117304
Runtime: 4.432486069970764
Gap: 0.0
repPt: {0: (50, 50), 7: (12.929857220180907, 28.734726306888323), 8: (4.989496652504469, 24.609696078312847), 6: (9.463675597506885, 32.82913569369735), 5: (25.179616939985937, 61.73127507064276), 9: (37.25920431581128, 81.95769541923865), 10: (51.76354808209283, 106.23769229213801), 4: (44.63839491922719, 65.40884854616733), 3: (67.88472699847357, 61.223843744412804), 1: (64.42896910548785, 58.00079014776896), 2: (51.1493417947468, 45.62311307461008)}
solType: IP_Optimal
lowerBound: 238.25315224835146
upperBound: 238.25311637117304
Path: 
50 50
12.9299 28.7347
4.9895 24.6097
9.4637 32.8291
25.1796 61.7313
37.2592 81.9577
51.7635 106.2377
44.6384 65.4088
67.8847 61.2238
64.429 58.0008
51.1493 45.6231
50 50
