OFV: 1061.987882293172
Runtime: 412.8271910130279
Gap: None
Path: 
50 50
48.0239 52.8683
47.4732 50.8952
34.1766 43.482
29.5847 45.1007
29.0844 44.9049
51.6008 31.6917
49.4716 30.5453
22.0433 15.7704
22.3649 16.7885
25.8864 19.368
20.6104 39.3362
23.5696 42.148
25.7893 44.2572
40.5987 58.3284
50.6806 61.8192
59.1593 64.7546
64.7021 66.6732
68.8678 68.1153
72.9076 68.5081
83.2655 69.5169
89.2565 70.0996
91.6138 70.3284
81.4721 69.8072
69.7256 41.8981
63.8293 36.5946
36.5052 12.0134
35.6048 11.2036
21.8027 2.7015
22.035 2.0135
24.2148 -4.4458
7.7328 4.8821
12.9041 13.5656
22.3628 29.451
25.3088 32.4626
17.5113 35.5621
40.3396 35.5799
42.243 35.5811
46.7929 39.5486
50.2465 42.5604
60.5031 48.7533
64.0295 57.3567
72.7307 78.5822
74.1065 81.9394
85.6113 110.0012
90.141 100.221
90.5652 90.1481
83.4234 92.823
65.1935 97.3035
61.7 98.1618
63.1182 110.9115
57.8891 110.1684
49.5151 89.1947
48.9372 87.9683
46.3409 82.462
38.9766 68.9219
37.6945 66.5646
39.0689 63.3517
32.2324 71.4016
21.9097 81.621
21.9097 81.621
21.9097 81.621
36.6183 89.3556
33.1658 98.2839
36.7235 124.5006
38.4097 108.3822
26.5152 99.3151
17.0283 92.0837
13.0919 84.4861
10.0962 78.704
16.0487 64.5998
18.618 70.3677
11.2132 50.2355
9.5924 45.8323
8.0364 41.6053
8.4566 29.0354
8.4871 28.1171
14.8303 26.091
41.6852 18.6177
46.0892 17.3919
46.1574 26.9415
45.2564 23.4215
68.3621 8.4631
88.7513 10.6203
91.5124 28.3915
91.9472 31.1938
94.1369 45.2819
94.8152 49.6523
103.0536 58.7866
105.9671 61.7977
120.9629 77.2999
108.2481 79.2311
99.9472 80.4905
93.3124 76.5873
90.2359 74.7769
83.6019 59.7164
82.8636 58.0392
81.9324 55.9241
70.7239 54.6307
57.182 53.0671
52.6963 51.1518
50 50
