OFV: 300.6308919686409
Runtime: 11.556542581005488
Gap: 2.2578816457404403e-08
repPt: {0: (50, 50), 6: (57.59350434091548, 71.08618599079234), 5: (64.09483762808364, 89.14559148549013), 14: (33.58485363338811, 89.44555939436052), 13: (29.069499496965875, 64.61935941936765), 3: (28.67277398431379, 63.857647565244), 4: (13.409776355553985, 34.56852314698341), 7: (7.268276309839241, 36.861427199469915), 8: (8.096934531980827, 56.31198153973948), 10: (23.857345545234455, 47.11063717245257), 9: (53.41244580331647, 35.855651716876594), 12: (58.39976309017532, 3.4999317199511486), 11: (53.16671750342763, 15.386656936573212), 1: (38.71786101903705, 48.214919819356346), 2: (48.31679341725365, 48.431796323231275)}
solType: IP_Optimal
lowerBound: 300.6308851807512
upperBound: 300.6308919686409
Path: 
50 50
57.5935 71.0862
64.0948 89.1456
33.5849 89.4456
29.0695 64.6194
28.6728 63.8576
13.4098 34.5685
7.2683 36.8614
8.0969 56.312
23.8573 47.1106
53.4124 35.8557
58.3998 3.4999
53.1667 15.3867
38.7179 48.2149
48.3168 48.4318
50 50
