OFV: 245.73317973705645
Runtime: 9.501973867416382
Gap: 0
repPt: {0: (50, 50), 1: (92.21851521931238, 84.74750851255078), 2: (64.57528741948613, 76.29850036692768), 3: (87.99428812509414, 59.95778606356677), 4: (85.30789532875293, 44.193539325693216), 5: (73.34481790550004, 58.30401639670287), 6: (52.53985693862155, 38.37099736598449), 7: (29.887702837747792, 63.52864908603423), 8: (46.53947540444927, 70.78584203459866), 9: (51.94547962099317, 37.91020354035457), 10: (28.674559652493716, 19.867072190957742)}
solType: IP_Optimal
lowerBound: 245.7331556055558
upperBound: 245.73317973705645
Path: 
50 50
29.8877 63.5286
46.5395 70.7858
64.5753 76.2985
92.2185 84.7475
87.9943 59.9578
85.3079 44.1935
73.3448 58.304
52.5399 38.371
51.9455 37.9102
28.6746 19.8671
50 50
