OFV: 1146.061893684544
Runtime: 3600.223021728918
Gap: None
repPt: {0: (50, 50), 73: (54.501911737199066, 50.817897380863414), 74: (83.42755098881094, 56.12521950440612), 41: (79.32245189371687, 66.50605075934655), 42: (85.37927377116901, 48.63043668803593), 88: (85.43141338766515, 48.47676184925744), 87: (75.78161697653111, 71.52695971957661), 63: (75.66866189485698, 71.79671568472924), 64: (82.25494201119973, 75.9608102493929), 76: (81.06180670174659, 76.28724548703924), 75: (60.98755414307066, 81.77495339797333), 25: (58.893860893162575, 82.34769614397781), 26: (73.28917123076977, 87.86267189985055), 93: (75.92936739195059, 87.73237140690266), 94: (95.55379549946072, 86.77146279907055), 55: (97.82780129758396, 86.65946127788054), 56: (111.69838531270618, 85.97826743242693), 62: (113.21885254307543, 80.72497354140876), 61: (101.1660892229818, 80.84555237503578), 23: (100.71706040958712, 80.84983587256241), 24: (99.74778319639172, 63.57623140106775), 5: (99.29358548912595, 55.44820109565374), 6: (98.42486754459782, 36.13188891435451), 44: (98.39775695079875, 35.52562749826881), 43: (97.99121382218226, 26.496342389609268), 97: (97.99121021988549, 26.496345306881516), 98: (115.48412866605423, 19.37809161808952), 58: (114.60818422153656, 17.27889709399856), 57: (97.28973705567029, 16.279806128617732), 3: (97.28974770811287, 16.27980019392831), 4: (110.91632489621612, 18.64913761024338), 38: (110.72675149358676, 23.92197333218502), 37: (94.7710821444797, 2.236975151040548), 39: (95.22242130187233, 1.8399060880499096), 40: (117.0086630741422, -17.32581104324846), 19: (84.72080835772985, 0.46205512999032683), 20: (90.96056956268703, -14.925622625580164), 18: (91.5874313042599, -15.041649095759857), 17: (87.03980744339333, 11.473481767359354), 48: (86.57917105676134, 14.732338376340572), 47: (82.13538509584144, 46.14053573659588), 86: (82.55057352320317, 42.514462398203946), 85: (72.86360350916362, 63.492359835220334), 80: (73.49733609798452, 62.220902537825964), 79: (63.56517844962333, 70.4907371169488), 2: (68.08976153985714, 68.55818188127141), 1: (50.6777931077267, 77.82337697418401), 90: (48.84211529441671, 74.31151399871206), 89: (17.57561698705293, 59.66113123721342), 52: (15.692891999588293, 58.77909695304734), 51: (6.187854228823294, 70.25170387310568), 9: (7.70468123828388, 71.63472355154683), 10: (20.619969796530416, 93.99816549768352), 84: (29.670792663922295, 109.67287788860172), 83: (25.491654158633224, 80.03523890591799), 96: (30.600117743418952, 71.8343135589236), 95: (24.798923873347597, 62.800806868853556), 14: (26.911996201839987, 65.23316697698381), 13: (6.353391742880349, 41.77546960310983), 27: (5.180867873419522, 40.436984241749386), 28: (11.739175180972552, 35.17532639328902), 31: (10.476524645343643, 33.49406231502095), 32: (29.803580752867525, 47.312461632019016), 45: (28.665982691073985, 49.19991604386804), 46: (39.085368954368285, 43.947558887641506), 100: (39.08536703074436, 43.9475649649484), 99: (18.585033573863875, 37.28991542213565), 7: (19.34969013970685, 35.13969354574121), 8: (24.283753701233, 18.768617665293885), 30: (24.834453859878007, 16.93857510100001), 29: (8.643290208388525, 9.349079288040244), 81: (10.305527882168306, 7.831906147024455), 82: (19.42760767077324, -0.49546606107563296), 72: (26.605180509962132, 14.772451627257343), 71: (16.948363254779004, 31.24193350901175), 59: (16.871729019408257, 31.57895204763648), 60: (31.329587944198806, 23.260487541595857), 69: (31.06552083445304, 21.070333040791674), 70: (50.45928350613843, 27.48854586334396), 66: (50.57908452837631, 27.528091729198685), 65: (35.065657348342654, 5.671228983407609), 11: (35.31580371618022, 5.783217513542054), 12: (44.94225196829696, 10.087877777694489), 91: (45.115770371763574, 9.834270097885813), 92: (52.59755713925958, -1.0992881733533935), 15: (53.304344699938305, -0.7975305299481608), 16: (68.88848143916621, 5.868980806150226), 22: (71.80343574244908, 7.11467428628323), 21: (58.370385565224126, 11.714643264737777), 36: (62.2881153440231, 10.054738232630633), 35: (47.27112206065744, 18.081807015793977), 68: (46.82700467115197, 18.319219927205477), 67: (36.867817299170994, 31.18636176010653), 53: (36.91038735353913, 29.18664804231971), 54: (37.25296732504165, 13.317512560641365), 77: (37.27647073508255, 12.21056746840673), 78: (55.88718306099558, 34.070136670884445), 49: (55.714892021051924, 41.267968326358876), 50: (63.28812697354459, 30.964602745386244), 34: (62.95740039928407, 31.438696453594556), 33: (51.654903997673976, 47.628585821586476)}
lowerBound: 1140.6214752928645
upperBound: 1146.061893684544
solType: IP_TimeLimit
Path: 
50 50
54.5019 50.8179
83.4276 56.1252
79.3225 66.5061
85.3793 48.6304
85.4314 48.4768
75.7816 71.527
75.6687 71.7967
82.2549 75.9608
81.0618 76.2872
60.9876 81.775
58.8939 82.3477
73.2892 87.8627
75.9294 87.7324
95.5538 86.7715
97.8278 86.6595
111.6984 85.9783
113.2189 80.725
101.1661 80.8456
100.7171 80.8498
99.7478 63.5762
99.2936 55.4482
98.4249 36.1319
98.3978 35.5256
97.9912 26.4963
97.9912 26.4963
115.4841 19.3781
114.6082 17.2789
97.2897 16.2798
97.2897 16.2798
110.9163 18.6491
110.7268 23.922
94.7711 2.237
95.2224 1.8399
117.0087 -17.3258
84.7208 0.4621
90.9606 -14.9256
91.5874 -15.0416
87.0398 11.4735
86.5792 14.7323
82.1354 46.1405
82.5506 42.5145
72.8636 63.4924
73.4973 62.2209
63.5652 70.4907
68.0898 68.5582
50.6778 77.8234
48.8421 74.3115
17.5756 59.6611
15.6929 58.7791
6.1879 70.2517
7.7047 71.6347
20.62 93.9982
29.6708 109.6729
25.4917 80.0352
30.6001 71.8343
24.7989 62.8008
26.912 65.2332
6.3534 41.7755
5.1809 40.437
11.7392 35.1753
10.4765 33.4941
29.8036 47.3125
28.666 49.1999
39.0854 43.9476
39.0854 43.9476
18.585 37.2899
19.3497 35.1397
24.2838 18.7686
24.8345 16.9386
8.6433 9.3491
10.3055 7.8319
19.4276 -0.4955
26.6052 14.7725
16.9484 31.2419
16.8717 31.579
31.3296 23.2605
31.0655 21.0703
50.4593 27.4885
50.5791 27.5281
35.0657 5.6712
35.3158 5.7832
44.9423 10.0879
45.1158 9.8343
52.5976 -1.0993
53.3043 -0.7975
68.8885 5.869
71.8034 7.1147
58.3704 11.7146
62.2881 10.0547
47.2711 18.0818
46.827 18.3192
36.8678 31.1864
36.9104 29.1866
37.253 13.3175
37.2765 12.2106
55.8872 34.0701
55.7149 41.268
63.2881 30.9646
62.9574 31.4387
51.6549 47.6286
50 50
