OFV: 489.41568514163583
Runtime: 0.09601398708764464
Gap: None
repPt: {0: (50, 50), 6: (44.17685608581582, 53.81119403699622), 5: (33.000184636096954, 61.123654261726514), 20: (25.275646294593027, 66.1795051198413), 19: (11.449764931166879, 75.22089930549323), 1: (9.806050120696339, 67.68250348858194), 2: (4.276096161788502, 42.339881074906486), 13: (0.7891686178574862, 26.349942982483764), 14: (-12.518994896629282, 16.115332656360906), 9: (3.53550177051559, 7.180569354121389), 10: (19.366012160499054, -15.011981598661812), 18: (61.83455315190892, -3.654319679830687), 17: (61.7025946260003, 20.257244889435597), 12: (61.70259465103144, 20.25724261215391), 11: (66.27015884305803, 45.30009381969677), 8: (67.42303368753136, 51.596704270851234), 7: (86.30379235609217, 35.27203207585168), 3: (96.85528201502088, 26.142670672274505), 4: (121.93174567923107, 13.929920463418352), 16: (80.88135860357447, 105.71923993379562), 15: (64.31507619823611, 79.79326503969472)}
lowerBound: 489.41565685548187
upperBound: 489.41568514163583
solType: IP_Optimal
Path: 
50 50
44.1769 53.8112
33.0002 61.1237
25.2756 66.1795
11.4498 75.2209
9.8061 67.6825
4.2761 42.3399
0.7892 26.3499
-12.519 16.1153
3.5355 7.1806
19.366 -15.012
61.8346 -3.6543
61.7026 20.2572
61.7026 20.2572
66.2702 45.3001
67.423 51.5967
86.3038 35.272
96.8553 26.1427
121.9317 13.9299
80.8814 105.7192
64.3151 79.7933
50 50
