OFV: 291.50748443495985
Runtime: 2911.7230598926544
Gap: 0
repPt: {0: (50, 50), 1: (59.41321958810189, 34.26595904776852), 2: (72.11095999547283, 48.755708189664105), 3: (65.8168971866542, 38.524578503503946), 4: (73.80678974529616, 51.51207651784771), 5: (34.38535125013977, 33.166368735644895), 6: (66.79301306681747, 34.590667907688115), 7: (88.37483883205061, 89.86357096577292), 8: (99.31928238091542, 92.97441237011746), 9: (54.87533347466919, 66.90236776828337), 10: (66.83117100213056, 75.09587234165393), 11: (16.86226491598306, 60.94890253777531), 12: (37.81078639126156, 62.0575375011537), 13: (7.773356731794157, 39.67748241752075), 14: (-11.481248309579675, 59.449338073952006)}
solType: IP_Optimal
lowerBound: 291.5068018184801
upperBound: 291.50748443495985
Path: 
50 50
37.8108 62.0575
16.8623 60.9489
-11.4812 59.4493
7.7734 39.6775
34.3854 33.1664
59.4132 34.266
66.793 34.5907
65.8169 38.5246
72.111 48.7557
73.8068 51.5121
99.3193 92.9744
88.3748 89.8636
66.8312 75.0959
54.8753 66.9024
50 50
