OFV: 457.29765106128207
Runtime: 44.32468410697766
Gap: None
Path: 
50 50
47.9814 49.4107
54.6677 48.4844
63.1002 48.524
72.7342 48.5689
74.8558 48.5788
86.6984 50.3751
92.2669 53.7857
91.9748 57.6567
81.7095 60.0976
78.0298 64.2849
75.5034 67.1588
78.2833 73.9676
88.0541 70.9191
77.593 91.527
91.6384 89.5321
84.9126 89.9976
76.1436 90.6026
69.82 91.0399
66.9207 91.2409
54.331 82.7107
45.1353 76.4657
38.0479 77.9336
26.1593 80.3951
24.8108 74.7156
20.7726 57.6817
21.7772 39.8379
23.7594 4.6444
33.5554 -8.0655
48.8289 3.3066
57.8135 8.8339
75.4726 17.027
78.1971 14.1294
80.2431 11.9528
85.5521 6.3079
89.6858 1.9124
99.1331 4.23
112.4035 12.7784
87.6034 26.6222
84.6795 27.8843
68.2545 38.3583
50 50
