OFV: 338.9084946738642
Runtime: 2.9497385150025366
Gap: -6.711692502971132e-09
repPt: {0: (50, 50), 4: (66.52055024337899, 5.188884926663705), 3: (45.23104080168403, 4.736688324876391), 7: (21.78463770989843, 42.596783860324294), 8: (43.93887336269904, 66.07375469320623), 6: (43.9388738840204, 66.07375420430036), 5: (46.84546197549925, 93.20398212381679), 9: (46.86191240183564, 89.18465393149589), 10: (46.930578754472194, 72.79259650615079), 1: (12.511232878140934, 87.11392950521778), 2: (-13.005792383506636, 81.9103376916616), 12: (33.5735946002926, 39.88749879331805), 11: (49.78328218893729, 49.86652967208279)}
solType: IP_Optimal
lowerBound: 338.9084969485138
upperBound: 338.9084946738642
Path: 
50 50
66.5206 5.1889
45.231 4.7367
21.7846 42.5968
43.9389 66.0738
43.9389 66.0738
46.8455 93.204
46.8619 89.1847
46.9306 72.7926
12.5112 87.1139
-13.0058 81.9103
33.5736 39.8875
49.7833 49.8665
50 50
