OFV: 382.18901668310286
Runtime: 0.7109062990057282
Gap: 3.7368910771205876e-08
repPt: {0: (50, 50), 11: (51.00676798086444, 53.362002018705205), 12: (69.48707048454803, 31.341287876451236), 2: (76.27921660063325, 23.42997766279787), 1: (87.91793941493665, 9.876328589864858), 3: (92.86200742133983, 2.6067943404930536), 4: (79.73631191468709, -5.736051148253365), 14: (28.834294837234758, 7.577971754783692), 13: (17.954802642868813, 19.18788115586962), 7: (13.97157195235917, 84.10000302907189), 8: (-4.45061836326185, 109.99259920939664), 10: (53.05337770331463, 108.60652401788016), 9: (55.85417721318081, 78.68706836557672), 6: (49.75288103395144, 76.3727553458697), 5: (49.14962695087212, 44.28959630723636)}
solType: IP_Optimal
lowerBound: 382.1890024011156
upperBound: 382.18901668310286
Path: 
50 50
51.0068 53.362
69.4871 31.3413
76.2792 23.43
87.9179 9.8763
92.862 2.6068
79.7363 -5.7361
28.8343 7.578
17.9548 19.1879
13.9716 84.1
-4.4506 109.9926
53.0534 108.6065
55.8542 78.6871
49.7529 76.3728
49.1496 44.2896
50 50
