OFV: 372.12148865962865
Runtime: 54.78256333299214
Gap: 0.0
repPt: {0: (50, 50), 7: (44.19922888285271, 96.52932464235208), 8: (60.24605117212293, 95.1228733129903), 1: (85.95542906360687, 92.87025534493783), 2: (103.35496090944577, 98.36864707972059), 10: (103.59545105513553, 98.44470341840517), 9: (91.02855289316845, 82.27494291677283), 14: (90.99447573926535, 36.83401559558949), 13: (92.8332757574726, 17.469932656976994), 6: (85.47062057474467, 16.712647158725584), 5: (73.83046167531504, 28.300479230541846), 12: (46.17884937856065, 2.1946169602673673), 11: (33.07678469703655, 6.901716951995349), 15: (32.05532209336505, 7.269388718967019), 16: (40.440889203669926, 36.08965887541415), 4: (19.656318014244647, 29.07913664043028), 3: (11.793878160561665, 33.45258330940245)}
solType: IP_Optimal
lowerBound: 372.12152181931236
upperBound: 372.12148865962865
Path: 
50 50
44.1992 96.5293
60.2461 95.1229
85.9554 92.8703
103.355 98.3686
103.5955 98.4447
91.0286 82.2749
90.9945 36.834
92.8333 17.4699
85.4706 16.7126
73.8305 28.3005
46.1788 2.1946
33.0768 6.9017
32.0553 7.2694
40.4409 36.0897
19.6563 29.0791
11.7939 33.4526
50 50
