OFV: 276.06383229009606
Runtime: 0.017007699003443122
Gap: None
repPt: {0: (50, 50), 8: (32.03950866659817, 57.897025562839296), 7: (46.624949713971795, 26.166235296115907), 3: (69.96402710752824, 4.721604530188527), 4: (67.60070753645829, -9.704572529725706), 12: (78.47986928052451, -13.84212836710266), 11: (78.22782452047794, 5.984426022440013), 9: (85.00392769255092, 9.017185543028939), 10: (97.24587285003268, 14.49842650788483), 1: (88.46363056219167, 62.48541821717424), 2: (85.65647813437867, 74.4005377609464), 6: (82.9459094809239, 60.66912861137558), 5: (65.6517541259307, 72.15117525367843)}
lowerBound: 276.0493343277141
upperBound: 276.06383229009606
solType: IP_Optimal
Path: 
50 50
32.0395 57.897
46.6249 26.1662
69.964 4.7216
67.6007 -9.7046
78.4799 -13.8421
78.2278 5.9844
85.0039 9.0172
97.2459 14.4984
88.4636 62.4854
85.6565 74.4005
82.9459 60.6691
65.6518 72.1512
50 50
