OFV: 385.0956506359144
Runtime: 1.4053307350000068
Gap: 3.694981068815366e-08
repPt: {0: (50, 50), 1: (57.06039881515901, 98.20746032319022), 2: (34.98054524411747, 119.92314582353501), 6: (-0.8001508719098815, 67.76114928949947), 5: (6.677856840256405, 56.48622367714741), 10: (16.470631193274873, 37.095808325061164), 9: (24.202613357535675, 21.786945122729097), 11: (24.749578426791754, 19.46854122683532), 12: (30.212279818171574, -3.680131154040324), 3: (80.59464452404441, 27.50379010635247), 4: (107.41297173725101, 13.667684619065419), 8: (100.312830348503, 33.71675408201229), 7: (87.47502924243878, 37.87154948901511)}
solType: IP_Optimal
lowerBound: 385.095636406703
upperBound: 385.0956506359144
Path: 
50 50
57.0604 98.2075
34.9805 119.9231
-0.8002 67.7611
6.6779 56.4862
16.4706 37.0958
24.2026 21.7869
24.7496 19.4685
30.2123 -3.6801
80.5946 27.5038
107.413 13.6677
100.3128 33.7168
87.475 37.8715
50 50
