OFV: 1275.9694933290723
Runtime: 180.64924574794713
Gap: None
Path: 
50 50
47.2426 49.3927
56.3835 75.6668
56.3835 75.6669
39.9325 83.6095
35.481 85.7606
24.0055 91.3015
18.7978 89.1844
33.1795 81.9986
37.493 66.1309
58.1137 81.1881
53.9816 80.655
61.1862 67.8378
62.6542 65.2294
64.5004 61.9483
55.7189 47.4485
45.81 39.095
43.7272 39.005
22.8209 38.1172
22.5094 44.4683
21.2618 69.7718
21.2618 69.7718
12.3915 49.9431
22.3266 61.7793
29.2204 63.7128
39.2181 66.5169
66.9396 64.8465
68.6676 59.1352
61.3481 70.9813
60.2354 72.7806
88.0555 91.8609
78.4259 84.7493
77.1886 68.2362
76.6948 61.6244
76.4681 56.3075
75.5189 34.229
74.8359 33.8165
71.5591 31.8367
50.5143 19.1121
52.2421 18.9997
77.6616 19.9524
76.3556 16.5246
91.7045 44.6829
92.0612 45.3379
99.9287 56.9218
114.6756 62.0815
117.3163 65.9382
111.3067 49.9089
93.5884 36.8582
86.9517 36.9711
91.3183 25.3657
91.5183 24.3995
95.609 4.5681
95.4633 1.572
75.44 1.2546
76.5336 -2.1248
59.8124 2.5075
52.9097 -0.506
30.4106 6.093
26.4311 7.2578
27.0768 26.2255
25.6394 28.9336
13.0795 25.2135
8.9038 35.0328
20.5732 40.5532
21.2823 41.2619
44.2631 64.2054
47.6834 67.7297
67.0244 87.6551
65.6938 94.4926
97.203 105.1264
106.028 99.1907
97.7024 89.4032
87.6528 74.0353
85.4478 71.1574
91.8954 67.268
109.6303 43.9086
117.958 38.6173
98.9602 43.8794
98.533 42.4134
97.965 40.4651
95.2361 31.1261
92.284 21.0346
92.284 21.0345
85.3597 12.0839
79.238 12.0004
92.6317 -17.0
92.4663 -15.0642
90.9788 2.4137
104.2566 -4.2861
79.636 5.134
75.0655 8.4891
62.2834 17.8807
64.2382 17.6218
70.1983 26.8937
77.8152 41.8649
78.9642 44.1211
73.2015 46.8
42.5295 32.4927
40.043 25.2728
58.2251 44.8126
50 50
