OFV: 1014.3125118873597
Runtime: 3601.582498956006
Gap: None
repPt: {0: (50, 50), 43: (51.188174414907245, 58.12447361778412), 44: (59.70397678837458, 67.00202490187331), 74: (59.64056573954561, 67.14411488106404), 73: (49.066685205869966, 90.85063991490819), 95: (53.987560729445384, 86.87586381199527), 96: (64.27787042171387, 105.09296031970028), 8: (56.23156110612182, 105.93833221505007), 7: (41.173424654220916, 101.04536975283274), 56: (39.16455707953716, 100.39245303130059), 55: (27.892320067224475, 96.72955589903042), 60: (28.31789149195545, 103.4413257082215), 59: (7.703312130270788, 97.48247187658151), 65: (7.835833951596486, 97.80793209728745), 66: (11.901588988733225, 107.79449665484015), 64: (13.869633823911686, 112.62844074226979), 63: (19.495413117211253, 85.7458199275784), 50: (26.40599379062424, 76.28961550927625), 49: (11.79605024281724, 59.43511911869695), 79: (11.8507366560354, 59.38001711795856), 80: (28.889432958020855, 42.193107185824935), 48: (32.81648185564161, 46.92831688055206), 47: (22.789326341080272, 52.57974622285414), 78: (21.097494860814436, 45.59665773746196), 77: (15.990849659518133, 42.65210473858848), 4: (15.406022052649169, 42.31534000975312), 3: (10.070784957694796, 39.238939742656164), 33: (9.840868800149995, 39.10660164850773), 34: (15.482133654747015, 21.99997719951339), 87: (17.84704983412604, 29.300200268583826), 88: (20.311715801606613, 21.211685775304083), 81: (20.311685348452574, 21.211714360720006), 82: (30.154464356114087, 10.035121984233257), 99: (30.154424406295348, 10.035125219117893), 100: (56.14751705789344, 8.178180595125484), 29: (56.14750024200215, 8.178161936886555), 30: (65.38876696001172, 17.7861830429919), 89: (65.5279123725831, 17.93096313583117), 90: (81.7011883804513, 34.746318257997686), 5: (80.76772826204102, 34.65436646398348), 6: (93.68372380989834, 38.53185316565261), 27: (94.47807619420105, 38.77007654579745), 28: (100.65677118829483, 28.525323648802196), 19: (100.31515525829846, 28.813433042271516), 20: (122.74339217539116, 38.00630143391889), 42: (125.35385589368245, 49.84856416529327), 41: (103.0292281572374, 45.83936736405648), 52: (102.85175414202953, 45.80747327375468), 51: (89.56764598796988, 43.421988062873766), 18: (89.56768165061149, 43.42197599951383), 17: (79.51116164296555, 71.23477819028855), 61: (78.39759969995198, 74.31670122959514), 62: (85.3591762499581, 90.8273690054764), 9: (85.36180393617748, 90.83040827952553), 10: (95.33235759232805, 102.5143420838788), 2: (95.31500121233688, 102.38907239663503), 1: (93.4377162360904, 88.83171531461477), 67: (98.16744402225751, 77.78740695473881), 68: (102.8842482585544, 66.77316977423443), 86: (100.00841543160696, 68.333152526154), 85: (89.66719906564406, 68.54621078841726), 21: (88.1430662601475, 68.57765072781045), 22: (92.4131872980723, 45.98072334012668), 72: (92.41322157397487, 45.98071226562456), 71: (94.90642027332441, 49.43201254908926), 53: (95.24345887831197, 49.89883307717297), 54: (97.92611671017835, 31.863095429785062), 84: (97.92609871371685, 31.863130809347304), 83: (70.53833034012787, 20.5014618359634), 91: (70.36209505174685, 20.42828476371438), 92: (77.78621298340074, 24.80476071605173), 57: (77.78617999639542, 24.804742348951585), 58: (78.36853497806901, 30.814610464936887), 26: (70.7644501338383, 35.93875252599152), 25: (55.07467819138684, 29.626023822973774), 39: (52.38647638068592, 28.54443516365941), 40: (70.4000169048701, 11.994806818776873), 23: (70.39998387741971, 11.994805986696335), 24: (92.72273483487498, 25.968598854712482), 35: (92.72657224811441, 25.111235329510986), 36: (96.66964959823324, 11.66823194018006), 13: (96.79762462096146, 10.852153522398106), 14: (99.04828180532031, -3.449666215206986), 32: (96.54107101756306, -0.9051339955664381), 31: (79.00888487111021, 16.883998268399143), 98: (78.52782685683175, 17.372359432238923), 97: (77.90923282114832, 1.8236110640105434), 45: (77.9092548913236, 1.8235668287253137), 46: (78.1693843321723, -3.0486272283013953), 94: (70.51741953687839, -0.15163655323932002), 93: (45.76098280210224, 9.220768693578343), 12: (45.76099814756142, 9.220782493497726), 11: (36.484899125103695, 4.178040690908431), 38: (49.158050157686404, -15.348553904448357), 37: (34.67575663467463, 6.451505883923786), 15: (34.30568007815163, 7.008445839319627), 16: (34.431353218577435, 35.55579978146335), 76: (34.413875616609175, 35.51646743734694), 75: (33.042852859484704, 32.4362113927822), 69: (32.665167494966695, 34.971301631936825), 70: (47.70827886692983, 48.01317247989947)}
lowerBound: 979.8847937262912
upperBound: 1014.3125118873597
solType: IP_TimeLimit
Path: 
50 50
51.1882 58.1245
59.704 67.002
59.6406 67.1441
49.0667 90.8506
53.9876 86.8759
64.2779 105.093
56.2316 105.9383
41.1734 101.0454
39.1646 100.3925
27.8923 96.7296
28.3179 103.4413
7.7033 97.4825
7.8358 97.8079
11.9016 107.7945
13.8696 112.6284
19.4954 85.7458
26.406 76.2896
11.7961 59.4351
11.8507 59.38
28.8894 42.1931
32.8165 46.9283
22.7893 52.5797
21.0975 45.5967
15.9908 42.6521
15.406 42.3153
10.0708 39.2389
9.8409 39.1066
15.4821 22.0
17.847 29.3002
20.3117 21.2117
20.3117 21.2117
30.1545 10.0351
30.1544 10.0351
56.1475 8.1782
56.1475 8.1782
65.3888 17.7862
65.5279 17.931
81.7012 34.7463
80.7677 34.6544
93.6837 38.5319
94.4781 38.7701
100.6568 28.5253
100.3152 28.8134
122.7434 38.0063
125.3539 49.8486
103.0292 45.8394
102.8518 45.8075
89.5676 43.422
89.5677 43.422
79.5112 71.2348
78.3976 74.3167
85.3592 90.8274
85.3618 90.8304
95.3324 102.5143
95.315 102.3891
93.4377 88.8317
98.1674 77.7874
102.8842 66.7732
100.0084 68.3332
89.6672 68.5462
88.1431 68.5777
92.4132 45.9807
92.4132 45.9807
94.9064 49.432
95.2435 49.8988
97.9261 31.8631
97.9261 31.8631
70.5383 20.5015
70.3621 20.4283
77.7862 24.8048
77.7862 24.8047
78.3685 30.8146
70.7645 35.9388
55.0747 29.626
52.3865 28.5444
70.4 11.9948
70.4 11.9948
92.7227 25.9686
92.7266 25.1112
96.6696 11.6682
96.7976 10.8522
99.0483 -3.4497
96.5411 -0.9051
79.0089 16.884
78.5278 17.3724
77.9092 1.8236
77.9093 1.8236
78.1694 -3.0486
70.5174 -0.1516
45.761 9.2208
45.761 9.2208
36.4849 4.178
49.1581 -15.3486
34.6758 6.4515
34.3057 7.0084
34.4314 35.5558
34.4139 35.5165
33.0429 32.4362
32.6652 34.9713
47.7083 48.0132
50 50
