OFV: 306.93444585705396
Runtime: 0.016163713997229934
Gap: None
repPt: {0: (50, 50), 1: (51.85875399480617, 46.074463003874634), 2: (68.3133193256418, 56.11640850681269), 8: (88.5846458229889, 48.975474650280454), 7: (62.24265530257552, 64.75194890073291), 3: (60.039550510900945, 59.422364240200295), 4: (25.512651763744454, 70.54398126128483), 9: (1.3219003313716857, 84.41478321523046), 10: (-6.8000851037871115, 69.37749944918058), 6: (17.077946391791567, 23.538901073894255), 5: (25.25631590657779, 3.530063007194804), 12: (16.93781919855121, 20.07104983853452), 11: (39.94823867204328, 22.66029130758499)}
lowerBound: 306.93442146217984
upperBound: 306.93444585705396
solType: IP_Optimal
Path: 
50 50
51.8588 46.0745
68.3133 56.1164
88.5846 48.9755
62.2427 64.7519
60.0396 59.4224
25.5127 70.544
1.3219 84.4148
-6.8001 69.3775
17.0779 23.5389
25.2563 3.5301
16.9378 20.071
39.9482 22.6603
50 50
