OFV: 973.1943876465178
Runtime: 3602.915650435025
Gap: None
repPt: {0: (50, 50), 50: (55.374853226592016, 50.65224263302472), 49: (58.19586567440051, 46.94479410213576), 74: (63.03567327817436, 46.00579976740242), 73: (46.8876884796444, 46.185018420354766), 37: (46.887691535220114, 46.18502153841312), 38: (45.64553047725851, 28.43734108560746), 26: (44.904549110156935, 28.0515825576053), 25: (40.504683248347, 25.757968722572198), 2: (40.67684012179184, 26.30035077904263), 1: (43.24444655373583, 34.36946663249997), 45: (43.79686398038018, 34.962444590636665), 46: (59.7750559550129, 52.131882076148784), 39: (59.775054445829795, 52.13187683267318), 40: (60.05028900192572, 74.23135528494322), 86: (57.32753995154951, 67.3382756963297), 85: (54.23965586143853, 95.25666263457505), 8: (53.785911051183476, 99.34425821212233), 7: (56.469373924996844, 76.01450517479884), 81: (56.72021889135948, 75.86674363260006), 82: (59.98551130717137, 88.51685752897674), 78: (62.59425086875746, 82.19178472547388), 77: (65.10410529229199, 69.20087153130206), 57: (65.10410240821933, 69.20087042278598), 58: (77.8712143226734, 81.16898145568312), 75: (77.87121074795941, 81.16897573152974), 76: (95.51250490833291, 70.18647613825783), 17: (94.73763878157484, 70.70110177373384), 18: (119.53579747040507, 74.56616113179193), 32: (117.27476986898415, 55.867810409834604), 31: (86.97312991231773, 49.956765360258274), 36: (86.18106733809181, 49.77026660757703), 35: (75.56769441636821, 47.27021439115744), 60: (75.5755401818553, 48.24506218967674), 59: (69.94653175048153, 47.481426047476624), 97: (69.13306644931137, 50.84273087564149), 98: (80.19622335095869, 42.44654820133758), 48: (81.97676843460822, 42.466140874217956), 47: (60.43540304461007, 36.151219409550684), 65: (61.757246706324885, 35.327957128713486), 66: (84.40550358072834, 21.221878311396914), 52: (84.40767047798951, 23.01837930089622), 51: (72.01054322648571, 24.796464754464093), 42: (72.96264256973663, 23.176155054207292), 41: (73.6147332863028, 17.543794975877553), 5: (73.61473052357692, 17.543789902420748), 6: (91.3323294089684, 8.872473936687731), 53: (94.16028483649163, 7.490072495096519), 54: (117.37953511852601, 1.9788578359078626), 84: (115.3517083427878, 10.983831673930391), 83: (98.89552760302041, 17.74767424037776), 63: (96.69204162438527, 20.133697352197913), 64: (99.36410972534105, 23.654787802717568), 43: (97.84326661569712, 24.810590812198324), 44: (104.35161235775153, 27.526415700476843), 95: (103.47427879784357, 27.230091233984226), 96: (102.0154176472036, 47.75846090602981), 87: (102.01541325052186, 47.75845928193725), 88: (110.22443750008364, 32.55779423419986), 94: (110.36289544640213, 32.301333181932414), 93: (93.41142321599973, 19.586149395842423), 56: (93.41142544553485, 19.586144990166243), 55: (64.79147892049316, 15.085687915063616), 70: (58.52866130060217, 11.574410484488736), 69: (50.682098329764, 7.179344589803513), 11: (57.62483905402993, 6.17579716485052), 12: (59.640518913446456, -8.797315254381141), 92: (58.8639187807066, -8.40594843554279), 91: (37.5313099656302, 2.3488285299832157), 13: (38.34608544666203, 1.1164641121412582), 14: (47.66582100441396, -12.985405184120015), 22: (34.051330524463445, -21.343249382519282), 21: (26.578512621810187, 2.4192347570154693), 80: (26.803200738271457, 2.0468482861250448), 79: (18.381521945723243, 9.976834659178838), 62: (18.29413187324826, 12.720037382177464), 61: (17.303562084291304, 44.00219541127615), 19: (20.448059015756108, 40.49305495249614), 20: (21.543803083578222, 64.57697134166376), 23: (8.896208317355178, 65.62478905698417), 24: (13.127458526938817, 79.42886899285458), 3: (13.697418340597075, 81.28655852807583), 4: (24.49016683673278, 65.93997546948916), 9: (24.490167305363606, 65.93997989684058), 10: (47.99621354143568, 64.35660387970299), 90: (47.99621109623355, 64.35660625998689), 89: (36.75640550466339, 65.63964809512429), 67: (36.88392933213859, 65.85875684225104), 68: (38.32912690088834, 68.3452361812843), 28: (38.6388760210869, 68.87755581617176), 27: (35.03979150375633, 66.20552702813869), 99: (35.03979276533155, 66.20552614329986), 100: (39.52758971467388, 75.3159590119818), 34: (39.79336856863087, 74.52147285593706), 33: (43.83077081497159, 62.44430785550709), 30: (43.83077684856923, 62.44431054182528), 29: (29.249969115566095, 55.48009220592986), 71: (32.523041150754715, 45.83230163657225), 72: (42.86552361234865, 56.587589731130365), 15: (42.86551794321909, 56.58759056569803), 16: (48.92043682535524, 50.997480290169335)}
lowerBound: 940.3294318609247
upperBound: 973.1943876465178
solType: IP_TimeLimit
Path: 
50 50
55.3749 50.6522
58.1959 46.9448
63.0357 46.0058
46.8877 46.185
46.8877 46.185
45.6455 28.4373
44.9045 28.0516
40.5047 25.758
40.6768 26.3004
43.2444 34.3695
43.7969 34.9624
59.7751 52.1319
59.7751 52.1319
60.0503 74.2314
57.3275 67.3383
54.2397 95.2567
53.7859 99.3443
56.4694 76.0145
56.7202 75.8667
59.9855 88.5169
62.5943 82.1918
65.1041 69.2009
65.1041 69.2009
77.8712 81.169
77.8712 81.169
95.5125 70.1865
94.7376 70.7011
119.5358 74.5662
117.2748 55.8678
86.9731 49.9568
86.1811 49.7703
75.5677 47.2702
75.5755 48.2451
69.9465 47.4814
69.1331 50.8427
80.1962 42.4465
81.9768 42.4661
60.4354 36.1512
61.7572 35.328
84.4055 21.2219
84.4077 23.0184
72.0105 24.7965
72.9626 23.1762
73.6147 17.5438
73.6147 17.5438
91.3323 8.8725
94.1603 7.4901
117.3795 1.9789
115.3517 10.9838
98.8955 17.7477
96.692 20.1337
99.3641 23.6548
97.8433 24.8106
104.3516 27.5264
103.4743 27.2301
102.0154 47.7585
102.0154 47.7585
110.2244 32.5578
110.3629 32.3013
93.4114 19.5861
93.4114 19.5861
64.7915 15.0857
58.5287 11.5744
50.6821 7.1793
57.6248 6.1758
59.6405 -8.7973
58.8639 -8.4059
37.5313 2.3488
38.3461 1.1165
47.6658 -12.9854
34.0513 -21.3432
26.5785 2.4192
26.8032 2.0468
18.3815 9.9768
18.2941 12.72
17.3036 44.0022
20.4481 40.4931
21.5438 64.577
8.8962 65.6248
13.1275 79.4289
13.6974 81.2866
24.4902 65.94
24.4902 65.94
47.9962 64.3566
47.9962 64.3566
36.7564 65.6396
36.8839 65.8588
38.3291 68.3452
38.6389 68.8776
35.0398 66.2055
35.0398 66.2055
39.5276 75.316
39.7934 74.5215
43.8308 62.4443
43.8308 62.4443
29.25 55.4801
32.523 45.8323
42.8655 56.5876
42.8655 56.5876
48.9204 50.9975
50 50
