OFV: 314.27681405520696
Runtime: 17.73378379701171
Gap: 2.2420466138251832e-08
repPt: {0: (50, 50), 9: (52.32006519788852, 56.823495416751825), 10: (55.36339672054308, 65.76098059606605), 7: (82.96501630199081, 58.98840021889941), 8: (80.13419802124217, 45.89292173702947), 4: (66.67870774274176, 52.42029832515402), 11: (68.67224315770885, 45.20945213858417), 3: (72.7265933644735, 36.439472056464695), 12: (94.08028692222324, 30.56979467814829), 1: (95.68929113324204, 6.929563729365064), 2: (97.86723159667552, -25.065768931512697), 6: (18.796019392870768, -6.555541746553963), 5: (24.507639275634844, 3.8012284400655867)}
solType: IP_Optimal
lowerBound: 314.2768070089743
upperBound: 314.27681405520696
Path: 
50 50
52.3201 56.8235
55.3634 65.761
82.965 58.9884
80.1342 45.8929
66.6787 52.4203
68.6722 45.2095
72.7266 36.4395
94.0803 30.5698
95.6893 6.9296
97.8672 -25.0658
18.796 -6.5555
24.5076 3.8012
50 50
