OFV: 681.6776162219077
Runtime: 16.652592963073403
Gap: None
Path: 
50 50
71.0266 26.7534
91.205 37.3261
96.4825 32.4341
99.2377 18.6514
108.8929 34.1417
77.82 43.4794
76.2666 43.9462
89.985 53.144
91.0661 53.3876
115.9521 59.0053
123.9135 61.316
92.3265 64.2503
97.6742 57.2823
103.3008 69.3308
75.0533 123.3209
67.7219 94.1323
58.6608 78.6034
77.5621 69.9165
77.8261 69.7951
56.7109 66.2484
60.5044 68.5632
35.8811 87.5366
44.5293 98.0287
40.9601 99.1003
27.8842 95.5471
26.4692 95.1626
9.1677 90.4611
15.964 86.2083
21.6544 79.8113
38.2019 61.0922
30.228 50.6519
25.4911 27.9399
23.495 18.374
32.198 -7.7092
26.406 18.2323
46.8029 4.8549
46.8933 9.1287
47.1123 19.5618
47.194 23.4105
49.5882 46.0917
50 50
