OFV: 392.3998216202088
Runtime: 777.003527879715
Gap: 0
repPt: {0: (50, 50), 1: (30.782526738061694, 58.29615981907138), 2: (51.45714061741283, 65.63273171306098), 3: (58.54520834200641, 68.94014609971288), 4: (41.8670407588232, 93.10571801293442), 5: (35.97779453742016, 10.152535446692184), 6: (51.572315639040134, -5.2027145486057265), 7: (7.746794620943282, 85.56257649871067), 8: (11.630062884067968, 97.14780812185178), 9: (89.91994234475264, 60.132112912075), 10: (103.60991186864041, 55.59534348847988), 11: (7.918814558196528, 98.98576692582654), 12: (-7.0871053960783374, 115.71729205868374), 13: (48.186608793457474, 25.93797167918271), 14: (34.7749279110434, 18.741761808006014)}
solType: IP_Optimal
lowerBound: 392.3999561919501
upperBound: 392.3998216202088
Path: 
50 50
48.1866 25.938
34.7749 18.7418
35.9778 10.1525
51.5723 -5.2027
103.6099 55.5953
89.9199 60.1321
58.5452 68.9401
41.867 93.1057
-7.0871 115.7173
7.9188 98.9858
11.6301 97.1478
7.7468 85.5626
30.7825 58.2962
51.4571 65.6327
50 50
