OFV: 454.24430083419696
Runtime: 3610.5258084030356
Gap: 0.054244352387244135
repPt: {0: (50, 50), 13: (59.632282587964596, 38.34536229291404), 14: (69.82162242059212, 26.01625716135655), 16: (90.2515767299288, 1.2911794601280597), 9: (67.69350502982473, 8.342758200755032), 15: (58.53025187376155, 11.212395349672967), 10: (46.12676393125056, 17.80654947613074), 19: (32.272920643379, 0.23386732553809408), 20: (13.219985415153651, -23.93662406859307), 2: (9.418448422147902, 51.379861016567496), 18: (19.32586135156625, 56.34494027594517), 1: (29.55454802401881, 62.922103053225754), 17: (31.25474500851373, 65.97218874636846), 11: (32.27289542383674, 67.79892237164518), 12: (62.074221961150954, 65.62615596672927), 7: (69.61938759668976, 78.47318006327477), 8: (79.77510119952343, 87.00005058576939), 3: (85.72066072953253, 81.8975966264058), 4: (83.89206652198756, 95.95911596528347), 6: (65.11780227677924, 119.80137921385361), 5: (46.32164101111472, 93.4764181252391)}
solType: IP_TimeLimit
lowerBound: 429.60411290984945
upperBound: 454.24430083419696
Path: 
50 50
59.6323 38.3454
69.8216 26.0163
90.2516 1.2912
67.6935 8.3428
58.5303 11.2124
46.1268 17.8065
32.2729 0.2339
13.22 -23.9366
9.4184 51.3799
19.3259 56.3449
29.5545 62.9221
31.2547 65.9722
32.2729 67.7989
62.0742 65.6262
69.6194 78.4732
79.7751 87.0001
85.7207 81.8976
83.8921 95.9591
65.1178 119.8014
46.3216 93.4764
50 50
