OFV: 1293.4757567859858
Runtime: 127.28558682999574
Gap: None
Path: 
50 50
38.3701 47.4286
34.7411 26.3231
33.9883 26.7687
33.2128 27.2277
14.3274 38.3684
14.1443 38.4769
12.1744 39.499
6.3547 24.0194
11.2266 18.3235
14.8949 32.344
23.2671 29.3128
10.8127 9.0805
8.1874 8.6202
7.6598 9.0102
22.1234 13.6092
29.9821 16.1105
33.9227 17.3653
49.6233 19.0827
51.0051 12.0164
57.3357 -20.2964
71.9177 -21.9766
64.7252 -3.8909
61.3424 6.7892
54.3062 29.0367
53.8895 30.3491
61.6462 28.4307
66.497 25.4808
77.273 13.7803
77.1682 18.1584
85.2737 19.9909
87.0246 25.3555
91.5984 42.2783
93.4222 49.0328
99.2028 70.4081
101.6954 72.9412
117.779 64.9208
100.7101 68.9437
78.9441 54.8794
77.966 54.2457
77.3992 48.1676
80.5064 25.6142
80.7214 24.0626
82.5902 21.984
95.0582 43.4928
97.7643 42.5845
113.8833 36.1556
129.1851 25.6097
106.389 22.7067
92.9548 20.9995
90.0082 21.4824
94.3467 32.5127
71.598 21.8763
59.81 16.3613
53.5703 13.4407
41.4837 7.7868
27.1779 6.1527
45.1804 -8.5748
44.6152 -6.4117
38.1973 18.2378
37.3173 21.614
36.4593 24.9075
46.8537 40.5962
57.1256 35.2915
77.5935 42.2326
78.1395 26.2421
63.8765 46.3368
57.4813 59.3346
62.1109 78.8016
69.2704 75.5072
66.2121 80.6803
60.0047 91.1959
58.372 93.9558
59.3894 93.9116
83.0457 80.8664
85.9818 78.1518
94.1387 70.6017
94.1385 70.6017
86.1201 69.8795
78.438 69.188
52.4274 66.9495
54.8959 69.3614
60.1564 56.5963
60.1101 56.6192
36.9645 68.1913
38.8706 71.6518
49.5114 91.0004
50.1369 92.1346
41.8858 64.8248
41.8823 64.8132
57.3711 75.2474
69.2128 83.2243
79.926 90.441
80.4825 95.9688
86.7255 108.5409
50.8365 114.6683
32.8376 102.4679
22.5153 115.1446
12.7438 87.3131
28.1003 80.7998
51.6 51.9901
50 50
