OFV: 891.6070401915404
Runtime: 224.4361610560445
Gap: None
Path: 
50 50
50.5402 56.1872
54.6 79.2
57.5768 80.6694
60.9366 82.3272
66.8832 88.6434
70.0616 92.019
75.0133 97.2785
75.7179 101.7769
77.3878 112.418
77.7929 115.0053
71.2355 111.9459
62.582 107.908
59.672 103.4682
55.3665 96.8975
51.5044 91.0033
34.3543 85.7983
29.5031 87.5082
23.7434 89.5382
13.3543 93.1983
13.3543 93.1983
12.1536 82.7459
11.2056 74.4962
10.5549 68.8353
15.4947 65.5179
19.8072 62.6217
20.5122 58.2749
22.0578 48.7543
29.3242 54.7822
26.1615 38.667
26.0686 32.8742
26.0076 29.0943
48.1845 35.8796
46.8435 42.4862
45.2578 50.2991
42.898 61.9344
44.5381 68.4219
35.0494 68.1556
35.0494 68.1556
26.6152 64.0214
21.4679 51.4179
15.5166 46.0271
8.9252 40.0577
16.1897 14.0778
16.5384 12.8311
9.4111 15.4129
17.2744 8.3913
24.8383 1.6371
31.5467 -4.3535
31.2886 4.4641
43.9778 9.0566
46.0085 9.4592
68.1981 10.8852
80.1706 -3.83
77.4271 -1.5608
73.9667 1.3018
70.5063 4.1646
68.0386 6.2057
64.0885 22.6018
64.7198 27.7735
65.7286 36.032
66.9395 45.9426
68.7774 65.9658
68.8773 67.0569
80.2651 74.3155
90.8024 69.4254
92.5504 68.3614
88.5598 64.3569
89.6728 48.6458
89.6728 48.6458
87.2814 40.4066
96.9211 59.2429
94.0675 67.9245
90.1058 79.9799
90.0518 80.1441
87.0072 84.4316
93.4614 75.6951
114.9869 76.3265
115.0326 76.2925
115.1224 76.2254
104.4856 87.7061
99.3858 85.0846
94.0261 82.3297
90.074 75.4892
85.2062 67.0653
85.0147 66.7335
84.5857 65.9904
81.0733 59.911
94.1909 44.2916
99.7176 37.7121
111.0014 19.2459
115.6632 6.645
106.8284 8.7599
97.218 11.0606
92.8388 18.2382
89.6709 23.4314
84.0223 32.6893
79.7041 35.9204
68.0318 45.392
62.6893 49.7282
55.5464 49.8818
50 50
