OFV: 392.8864699947865
Runtime: 127.00536273000762
Gap: 7.661515226813905e-09
repPt: {0: (50, 50), 3: (58.325050373792116, 47.3868779447894), 4: (34.8076345322668, 46.31667874181896), 13: (49.16946519322911, 19.452034995834147), 14: (47.35760758276491, 32.331298441966055), 2: (47.32263652096305, 32.57967835016347), 1: (57.73000321631828, 15.832115281198963), 6: (70.3937688688502, -14.927631462020317), 5: (73.20251945641957, 8.583550554203507), 7: (74.78109712565653, 21.785939213840862), 8: (90.0445434558406, 18.999668491956093), 18: (107.40927941392795, 21.635777237008696), 17: (87.10106278338617, 28.099202195492577), 16: (77.61157450912272, 42.248577776762794), 15: (69.399990466967, 54.492428592376164), 10: (83.35829571261363, 75.08853714837393), 9: (78.86991756421185, 97.15685575101043), 12: (59.663440882408516, 115.69876603913238), 11: (54.246675638406906, 97.4368859079682)}
solType: IP_Optimal
lowerBound: 392.88646698468085
upperBound: 392.8864699947865
Path: 
50 50
58.3251 47.3869
34.8076 46.3167
49.1695 19.452
47.3576 32.3313
47.3226 32.5797
57.73 15.8321
70.3938 -14.9276
73.2025 8.5836
74.7811 21.7859
90.0445 18.9997
107.4093 21.6358
87.1011 28.0992
77.6116 42.2486
69.4 54.4924
83.3583 75.0885
78.8699 97.1569
59.6634 115.6988
54.2467 97.4369
50 50
