OFV: 389.2932775302166
Runtime: 10.695109975000378
Gap: 1.3408347228646676e-08
repPt: {0: (50, 50), 10: (51.942646916027364, 41.39229203266317), 9: (37.591003346031265, 35.59868717342386), 1: (47.62753507758427, 22.29447011330551), 2: (38.63222548935779, -0.5486992617346758), 8: (26.512897274776126, -14.602537957646057), 7: (30.670791647632246, 6.552126588134865), 16: (15.95106645313698, 26.760363210435457), 15: (36.30103600390293, 40.07883843288982), 17: (33.14883886996284, 42.38562848081041), 18: (24.148249928986694, 58.55653277384424), 14: (18.299296567885833, 69.06497572514769), 13: (30.74761974277492, 93.91971616260336), 4: (83.24923650130253, 84.66384996174973), 3: (92.75564395750267, 67.22550172851531), 5: (95.50755952678597, 62.17685827202366), 6: (105.07696490318331, 40.42017759085752), 12: (99.89713453200828, 58.33013130071932), 11: (74.49501785296275, 56.24112284004616)}
solType: IP_Optimal
lowerBound: 389.29327231043715
upperBound: 389.2932775302166
Path: 
50 50
51.9426 41.3923
37.591 35.5987
47.6275 22.2945
38.6322 -0.5487
26.5129 -14.6025
30.6708 6.5521
15.9511 26.7604
36.301 40.0788
33.1488 42.3856
24.1482 58.5565
18.2993 69.065
30.7476 93.9197
83.2492 84.6638
92.7556 67.2255
95.5076 62.1769
105.077 40.4202
99.8971 58.3301
74.495 56.2411
50 50
