OFV: 454.41802350768586
Runtime: 2.5463202630053274
Gap: 6.274665266079186e-08
repPt: {0: (50, 50), 10: (57.07410872724594, 46.73730321427331), 9: (35.46127611445887, 20.71953707543447), 6: (40.37061899952872, 8.114818806341336), 5: (64.77302069744756, 12.423283903754031), 15: (85.21415500989413, 13.94864961090658), 16: (91.42221208369827, 44.82144984590422), 1: (94.96785340650615, 58.33558885002277), 2: (119.67240119103491, 61.24908415337091), 11: (95.95927219338833, 96.30103912905099), 12: (72.81263070667617, 109.55600047009496), 3: (67.92993643680495, 87.57143176533275), 4: (40.9929091232748, 80.25923005337982), 18: (20.522648978886522, 94.1149949394569), 17: (6.035581017259194, 61.68164484825174), 7: (6.161350345241793, 35.540356611471346), 8: (6.248307725797344, 18.13791412358921), 14: (30.950755601642335, 26.367093517162424), 13: (45.01183036321034, 31.052295861421857)}
solType: IP_Optimal
lowerBound: 454.417994994476
upperBound: 454.41802350768586
Path: 
50 50
57.0741 46.7373
35.4613 20.7195
40.3706 8.1148
64.773 12.4233
85.2142 13.9486
91.4222 44.8214
94.9679 58.3356
119.6724 61.2491
95.9593 96.301
72.8126 109.556
67.9299 87.5714
40.9929 80.2592
20.5226 94.115
6.0356 61.6816
6.1614 35.5404
6.2483 18.1379
30.9508 26.3671
45.0118 31.0523
50 50
