OFV: 298.4931681014159
Runtime: 93.01538744702702
Gap: 2.552205968782963e-08
repPt: {0: (50, 50), 3: (59.40969859734428, 46.58141876815109), 4: (65.5806269382689, 47.84980533821974), 2: (65.58062712260104, 47.849805202686376), 1: (66.56356523284143, 39.22908420896227), 6: (67.05477829065812, 34.91980154888633), 5: (34.35145970594082, 33.16961959984253), 13: (7.7964493015743095, 39.664226465381184), 14: (-11.398116410900037, 59.672955907712506), 11: (12.86175346477541, 62.805596735342924), 12: (37.286510819022496, 71.55667401164428), 9: (48.6545787875669, 75.62965507526397), 10: (65.62813001689923, 81.7110849845859), 7: (87.82674443352948, 89.66447298313675), 8: (98.88277779317806, 93.6232648905435)}
solType: IP_Optimal
lowerBound: 298.49316048325545
upperBound: 298.4931681014159
Path: 
50 50
59.4097 46.5814
65.5806 47.8498
65.5806 47.8498
66.5636 39.2291
67.0548 34.9198
34.3515 33.1696
7.7964 39.6642
-11.3981 59.673
12.8618 62.8056
37.2865 71.5567
48.6546 75.6297
65.6281 81.7111
87.8267 89.6645
98.8828 93.6233
50 50
