OFV: 440.25489829025526
Runtime: 0.07718700100667775
Gap: None
repPt: {0: (50, 50), 18: (49.973616852468226, 51.3845922289009), 17: (49.33546634500638, 85.89520828980241), 12: (67.40044049306405, 108.6224013192241), 11: (74.86509322186654, 76.5145542368975), 9: (77.8319898768328, 69.24777104395471), 10: (71.14837044987469, 95.30220186386005), 1: (70.37023790574834, 91.29549020249037), 2: (83.40865346109676, 92.79475325988741), 13: (89.33957706435237, 86.63539880237231), 14: (109.3815237363118, 65.80078298307035), 16: (106.94168231311068, 60.108329752502364), 15: (98.56460086830265, 55.78979322005472), 4: (98.39398647977471, 6.363620431275975), 3: (68.95848031816129, 5.07981959021275), 19: (69.30587244369897, 4.303818963490999), 20: (82.59431712176014, -10.833420723300815), 6: (55.8387752672447, -24.129218714500407), 5: (51.69203864407104, -1.5893554103485368), 8: (35.705068164641, 6.540423071703168), 7: (18.12167271484891, 15.481554132150574)}
lowerBound: 440.25488161563
upperBound: 440.25489829025526
solType: IP_Optimal
Path: 
50 50
49.9736 51.3846
49.3355 85.8952
67.4004 108.6224
74.8651 76.5146
77.832 69.2478
71.1484 95.3022
70.3702 91.2955
83.4087 92.7948
89.3396 86.6354
109.3815 65.8008
106.9417 60.1083
98.5646 55.7898
98.394 6.3636
68.9585 5.0798
69.3059 4.3038
82.5943 -10.8334
55.8388 -24.1292
51.692 -1.5894
35.7051 6.5404
18.1217 15.4816
50 50
