OFV: 300.29685072489656
Runtime: 0.30993962999491487
Gap: 5.494904356027829e-08
repPt: {0: (50, 50), 10: (39.882014114330445, 43.73565853576258), 9: (24.19238821039005, 45.94285273397377), 1: (18.87297486844825, 66.10165389210475), 2: (52.36823657232242, 69.8169907091225), 5: (68.39152704421085, 80.61448129302745), 6: (82.3528170045797, 90.01949648271598), 8: (84.43083956112478, 45.8290432312704), 7: (77.18806573329819, 24.932675563394252), 3: (79.61553939534252, 9.50494295665603), 4: (69.32294730034268, -17.902520430292704)}
solType: IP_Optimal
lowerBound: 300.2968342238718
upperBound: 300.29685072489656
Path: 
50 50
39.882 43.7357
24.1924 45.9429
18.873 66.1017
52.3682 69.817
68.3915 80.6145
82.3528 90.0195
84.4308 45.829
77.1881 24.9327
79.6155 9.5049
69.3229 -17.9025
50 50
