OFV: 370.40379622295364
Runtime: 0.011123095988295972
Gap: None
repPt: {0: (50, 50), 12: (57.833869724278415, 35.43874635397521), 11: (64.76558527144172, 13.176107995239029), 5: (64.76559295704043, 13.176096717247573), 6: (56.6126270739125, -7.304000630208087), 13: (36.95982233842138, 2.1683433410790585), 14: (15.509334764786379, 11.314933343564482), 10: (10.895942558975092, 32.35594018816641), 9: (14.90839745996222, 68.07570348632268), 3: (9.832415098432147, 87.0422164878247), 4: (-3.98243390549906, 110.56847914433511), 8: (52.913157931710046, 104.28259149261902), 7: (47.992738925301694, 73.68397306061442), 15: (36.22769421162019, 63.867728338789775), 16: (21.652762393895227, 60.07169995489363), 2: (27.1122283224637, 53.41140520107157), 1: (37.56340403250506, 40.877908243912)}
lowerBound: 370.40375403894046
upperBound: 370.40379622295364
solType: IP_Optimal
Path: 
50 50
57.8339 35.4387
64.7656 13.1761
64.7656 13.1761
56.6126 -7.304
36.9598 2.1683
15.5093 11.3149
10.8959 32.3559
14.9084 68.0757
9.8324 87.0422
-3.9824 110.5685
52.9132 104.2826
47.9927 73.684
36.2277 63.8677
21.6528 60.0717
27.1122 53.4114
37.5634 40.8779
50 50
