OFV: 868.7556629549536
Runtime: 108.00254102190956
Gap: None
repPt: {0: (50, 50), 3: (60.83759158054629, 55.303933690469684), 4: (64.17196976419783, 63.60636484590959), 5: (64.17195541061697, 63.606367217502644), 6: (68.88628507546773, 58.84206782460947), 26: (66.17128261435595, 60.04919915493252), 25: (58.95098627805252, 36.566624329990184), 57: (57.847997453770894, 32.97714136630169), 58: (80.72460823829356, 52.44582539990574), 22: (83.07103562265225, 48.97614781529352), 21: (85.22091620616024, 16.91588615389127), 13: (94.57188391505646, 10.746236960297072), 14: (107.90069107233943, 4.291033376548655), 20: (123.243624582293, 14.140953174084054), 19: (98.81504147848523, 21.868914962240986), 29: (91.69461170881588, 24.12125570504953), 30: (93.15493532230951, 36.932373718294414), 46: (90.16031361358026, 34.12659223397301), 45: (80.76345863889257, 9.00462353652445), 8: (79.62004205279078, 5.946842304043676), 7: (50.691437254878856, 16.665810473116974), 50: (43.396792653426296, 16.446547185640945), 49: (14.69972913787181, 15.582693899350737), 48: (7.628866566502659, 23.679822238917797), 47: (5.748058444249463, 13.334829267937167), 17: (6.073043448340724, 13.290108347731888), 18: (22.12011489652922, 11.085547844335764), 15: (22.74113668461478, 11.270047333597152), 16: (31.58097386768089, 13.894966316736658), 23: (25.350719230203424, 3.0002707359971725), 24: (34.29042097446997, -5.6745463657919375), 39: (37.56862375798127, 6.14798992225243), 40: (56.915008850519925, -3.1294746980368693), 42: (64.91416624808662, 16.13763069101936), 41: (57.63525923117049, 22.905112382447957), 35: (57.6352540823255, 22.905105795144237), 36: (67.82203424131457, 32.4752060585863), 27: (68.28289436376068, 33.13076228608548), 28: (73.82182172751511, 41.02724326640365), 55: (63.19739686425544, 45.03867864019322), 56: (92.24379579465833, 53.91168997854712), 54: (96.341601790985, 55.1633350193579), 53: (86.02954860378554, 84.80561390628782), 33: (82.39985593684446, 95.23795537908242), 34: (91.89046669385912, 123.91679997680595), 11: (95.66815482265751, 99.83788718691837), 12: (106.3089169602939, 107.91439124950405), 52: (108.28482870056135, 108.45215732961523), 51: (86.73929999488347, 93.00656485588603), 59: (89.6211612413154, 83.69409833783781), 60: (91.94417992986413, 76.18732313748453), 44: (91.95782106111115, 76.27351352509486), 43: (75.92578914226831, 72.86068422190117), 2: (69.7127588478505, 75.94506777528005), 1: (40.93670004990183, 90.23258821716078), 32: (57.008979816561954, 89.39952884421047), 31: (32.10887550125554, 91.09963459068973), 37: (7.6006334491031255, 92.77189215407496), 38: (10.88582827582595, 81.64767790332806), 9: (14.369839919910984, 70.40089173585959), 10: (44.11406261664643, 60.54645578858239)}
lowerBound: 868.755539115858
upperBound: 868.7556629549536
solType: IP_Optimal
Path: 
50 50
60.8376 55.3039
64.172 63.6064
64.172 63.6064
68.8863 58.8421
66.1713 60.0492
58.951 36.5666
57.848 32.9771
80.7246 52.4458
83.071 48.9761
85.2209 16.9159
94.5719 10.7462
107.9007 4.291
123.2436 14.141
98.815 21.8689
91.6946 24.1213
93.1549 36.9324
90.1603 34.1266
80.7635 9.0046
79.62 5.9468
50.6914 16.6658
43.3968 16.4465
14.6997 15.5827
7.6289 23.6798
5.7481 13.3348
6.073 13.2901
22.1201 11.0855
22.7411 11.27
31.581 13.895
25.3507 3.0003
34.2904 -5.6745
37.5686 6.148
56.915 -3.1295
64.9142 16.1376
57.6353 22.9051
57.6353 22.9051
67.822 32.4752
68.2829 33.1308
73.8218 41.0272
63.1974 45.0387
92.2438 53.9117
96.3416 55.1633
86.0295 84.8056
82.3999 95.238
91.8905 123.9168
95.6682 99.8379
106.3089 107.9144
108.2848 108.4522
86.7393 93.0066
89.6212 83.6941
91.9442 76.1873
91.9578 76.2735
75.9258 72.8607
69.7128 75.9451
40.9367 90.2326
57.009 89.3995
32.1089 91.0996
7.6006 92.7719
10.8858 81.6477
14.3698 70.4009
44.1141 60.5465
50 50
