OFV: 440.66424901521515
Runtime: 0.030944074969738722
Gap: None
repPt: {0: (50, 50), 11: (50.93416558226624, 33.73792935840225), 12: (42.58365451117062, 27.068759031250806), 17: (37.69825740813903, 23.16800423497962), 18: (63.21420862887058, 0.4829989431265913), 16: (89.95103687563967, -4.681657109496095), 15: (85.99919075733888, 10.410047090197562), 9: (97.71521853688742, 49.36786443015647), 10: (124.0273650945848, 47.19289741246708), 14: (118.25528863576348, 82.58342820734657), 13: (99.39426205072424, 83.64843457026727), 1: (62.341285585091796, 70.7486199451163), 2: (53.09986931591222, 88.43615001797332), 5: (54.99731447696854, 92.1984537948065), 6: (57.98225447662407, 105.19107911152221), 4: (50.706723787376944, 101.67410573799893), 3: (22.628291215552675, 88.09951361101004), 8: (-1.7810453259050618, 57.233295082190175), 7: (19.62906432473275, 49.130786179247224)}
lowerBound: 440.664243290998
upperBound: 440.66424901521515
solType: IP_Optimal
Path: 
50 50
50.9342 33.7379
42.5837 27.0688
37.6983 23.168
63.2142 0.483
89.951 -4.6817
85.9992 10.41
97.7152 49.3679
124.0274 47.1929
118.2553 82.5834
99.3943 83.6484
62.3413 70.7486
53.0999 88.4362
54.9973 92.1985
57.9823 105.1911
50.7067 101.6741
22.6283 88.0995
-1.781 57.2333
19.6291 49.1308
50 50
