OFV: 337.0625009579787
Runtime: 0.012598390923812985
Gap: None
repPt: {0: (50, 50), 8: (102.18664945765813, 95.92026220092822), 7: (86.40824778030708, 93.37450542549217), 10: (65.8471573391318, 81.47764382027819), 9: (48.01921837192262, 73.7362624678293), 12: (38.694853939721, 69.68273172697795), 11: (13.974586467884185, 58.953628123735044), 14: (-15.31018877999899, 60.67150049838371), 13: (5.870316260265577, 36.15618699124792), 5: (33.95484876604316, 29.18915088587473), 6: (69.7472894380532, 31.801116224492414), 1: (66.53536328489217, 37.31937977531426), 2: (68.1065283538204, 51.30615258355889), 4: (68.10643428676754, 51.30625132922519), 3: (58.81830441860558, 42.598885927596854)}
lowerBound: 337.06246851448503
upperBound: 337.0625009579787
solType: IP_Optimal
Path: 
50 50
102.1866 95.9203
86.4082 93.3745
65.8472 81.4776
48.0192 73.7363
38.6949 69.6827
13.9746 58.9536
-15.3102 60.6715
5.8703 36.1562
33.9548 29.1892
69.7473 31.8011
66.5354 37.3194
68.1065 51.3062
68.1064 51.3063
58.8183 42.5989
50 50
