OFV: 285.23363035265174
Runtime: 0.33412927004974335
Gap: 3.615117823588754e-08
repPt: {0: (50, 50), 4: (44.85642923853091, 50.325712375408735), 3: (43.130357607734965, 30.643039098932796), 1: (70.35278537609975, 10.8602905638731), 2: (43.28361973648023, 3.870962860228118), 5: (16.005728044199046, 3.2018704122530823), 6: (-10.135274093375964, 1.8674897674934754), 7: (3.194748431006767, 70.77407496028957), 8: (18.19951650696419, 70.57875858115244), 10: (24.737396548088498, 40.113748578203854), 9: (47.28974466186535, 44.79227394290466)}
solType: IP_Optimal
lowerBound: 285.23362004111993
upperBound: 285.23363035265174
Path: 
50 50
44.8564 50.3257
43.1304 30.643
70.3528 10.8603
43.2836 3.871
16.0057 3.2019
-10.1353 1.8675
3.1947 70.7741
18.1995 70.5788
24.7374 40.1137
47.2897 44.7923
50 50
