OFV: 326.4932658986694
Runtime: 0.7187145110219717
Gap: 3.612969099007645e-09
repPt: {0: (50, 50), 8: (46.67252021627705, 49.745165104171875), 7: (31.88192995207335, 25.283867396194452), 6: (4.653876129052494, 32.62583065542641), 5: (7.343008510123365, 65.48031003043847), 10: (9.659186415305786, 93.77705130344349), 9: (34.875977359985455, 75.66926184743856), 4: (66.92133709471166, 76.6368630853571), 3: (67.15140129942004, 52.83247520721077), 12: (75.18187630000423, 41.64302930697302), 11: (87.85565646614137, 49.552507037001), 2: (99.24703892745065, 20.38920059550909), 1: (80.026401917068, 27.239199605241673)}
solType: IP_Optimal
lowerBound: 326.4932647190593
upperBound: 326.4932658986694
Path: 
50 50
46.6725 49.7452
31.8819 25.2839
4.6539 32.6258
7.343 65.4803
9.6592 93.7771
34.876 75.6693
66.9213 76.6369
67.1514 52.8325
75.1819 41.643
87.8557 49.5525
99.247 20.3892
80.0264 27.2392
50 50
