OFV: 311.513041606486
Runtime: 6.1471829620059
Gap: 0.0
repPt: {0: (50, 50), 9: (90.34301273988724, 19.76960238974357), 10: (91.8520169719907, -3.5658494774629443), 6: (16.179395971060806, 10.42401537098122), 5: (9.730041693733309, 8.08349734316649), 7: (5.58858134948104, 6.579424973985754), 8: (1.2764812564988648, 23.87741750080164), 2: (-10.439613940975244, 70.88935724140755), 1: (7.180539023750912, 63.538143881311136), 4: (6.96352822399742, 63.225428405627966), 3: (36.76548950808249, 62.09952614218509), 12: (41.49803171144865, 70.60906685387639), 11: (47.78891495092015, 66.55044790301697)}
solType: IP_Optimal
lowerBound: 311.5130863021154
upperBound: 311.513041606486
Path: 
50 50
90.343 19.7696
91.852 -3.5658
16.1794 10.424
9.73 8.0835
5.5886 6.5794
1.2765 23.8774
-10.4396 70.8894
7.1805 63.5381
6.9635 63.2254
36.7655 62.0995
41.498 70.6091
47.7889 66.5504
50 50
