OFV: 363.30928905628343
Runtime: 3601.925328943995
Gap: 0.12656219553953477
repPt: {0: (50, 50), 6: (58.20097006972622, 38.748536352685704), 5: (62.96073819914102, 25.129116720626655), 7: (63.73298634603493, 22.920519725556243), 8: (69.87583532309313, 5.344590450095693), 15: (41.03735262443819, 10.546104865965667), 16: (26.0856101996292, -15.189192996162369), 2: (1.047675756867855, -14.550157992622593), 1: (1.308171406920055, 3.2808821326703295), 20: (-10.10120212645712, 9.070226724465138), 19: (4.602225976749911, 15.85388680920658), 11: (4.19644889935964, 10.60065227909212), 12: (12.51003804220184, 20.82062993868753), 17: (12.465697982608818, 17.69495682373066), 18: (13.870278132393347, 40.26424392608264), 14: (15.143852480757445, 60.74420793290484), 13: (15.806539223695465, 71.3982035955292), 3: (16.47094711196814, 82.09554558417773), 4: (38.09375498401062, 98.518176838605), 9: (20.127342539663623, 69.44512404636637), 10: (37.37591525654233, 58.33698560663367)}
solType: IP_TimeLimit
lowerBound: 317.3280677734127
upperBound: 363.30928905628343
Path: 
50 50
58.201 38.7485
62.9607 25.1291
63.733 22.9205
69.8758 5.3446
41.0374 10.5461
26.0856 -15.1892
1.0477 -14.5502
1.3082 3.2809
-10.1012 9.0702
4.6022 15.8539
4.1964 10.6007
12.51 20.8206
12.4657 17.695
13.8703 40.2642
15.1439 60.7442
15.8065 71.3982
16.4709 82.0955
38.0938 98.5182
20.1273 69.4451
37.3759 58.337
50 50
