OFV: 336.39496864581616
Runtime: 21.149353844026336
Gap: 0.0
repPt: {0: (50, 50), 11: (50.29649570261714, 49.64465533236937), 12: (66.83962228752335, 29.816996675194282), 2: (73.87202483104274, 21.388362386796558), 1: (85.1874163108732, 7.826343202916995), 3: (88.92961617641258, 3.340847811331919), 4: (79.38755421241079, -1.7473043187789337), 14: (30.89234812427916, 11.007916805222424), 13: (21.455010586849664, 21.14242989705292), 7: (10.128957101453816, 82.9793392741279), 8: (-1.2632993197313234, 107.53568155538645), 10: (50.17395780904418, 105.8266581458068), 9: (51.40026327997354, 77.15580147779052), 6: (51.26334656546742, 74.82634116929324), 5: (49.69979953762164, 48.254162198794894)}
solType: IP_Optimal
lowerBound: 336.3949846721266
upperBound: 336.39496864581616
Path: 
50 50
50.2965 49.6447
66.8396 29.817
73.872 21.3884
85.1874 7.8263
88.9296 3.3408
79.3876 -1.7473
30.8923 11.0079
21.455 21.1424
10.129 82.9793
-1.2633 107.5357
50.174 105.8267
51.4003 77.1558
51.2633 74.8263
49.6998 48.2542
50 50
