OFV: 343.6164393967614
Runtime: 1.1515798880136572
Gap: 0.0
repPt: {0: (50, 50), 7: (3.929269084318851, 85.76643944999421), 8: (-16.811800630100723, 101.86875342552908), 2: (13.241648811075429, 39.801839416978574), 1: (9.382046500787375, 7.048947631999296), 10: (19.40928899553939, 13.57810839319682), 9: (39.56504469559459, 27.978676044834746), 3: (21.457189847137247, 31.70739522129397), 4: (41.91259061674228, 12.171493510317223), 12: (46.63807081388474, 14.670704847274544), 11: (58.7916001172587, 48.06861574847815), 5: (67.89013033823768, 42.51429049506336), 6: (59.705723306053876, 51.56955469751152)}
solType: IP_Optimal
lowerBound: 343.61644925369177
upperBound: 343.6164393967614
Path: 
50 50
3.9293 85.7664
-16.8118 101.8688
13.2416 39.8018
9.382 7.0489
19.4093 13.5781
39.565 27.9787
21.4572 31.7074
41.9126 12.1715
46.6381 14.6707
58.7916 48.0686
67.8901 42.5143
59.7057 51.5696
50 50
