OFV: 726.2033636965405
Runtime: 58.68811031803489
Gap: None
Path: 
50 50
59.1076 50.0005
75.6715 57.0088
62.7064 51.8629
74.2163 52.0007
82.0889 51.6481
89.6385 51.3098
94.7881 51.0774
100.2066 57.5574
94.3167 66.2824
77.7285 90.8803
84.0016 91.5222
70.6346 75.0257
70.6346 75.0257
69.0171 83.0562
70.0661 83.6096
74.3286 96.9158
75.2455 99.7733
74.6253 115.3331
67.8833 91.0098
32.4557 89.3976
16.4895 91.1194
13.6102 78.877
6.1431 80.782
9.504 57.6996
8.349 39.7806
8.2723 38.6051
6.9899 18.7179
8.7925 9.4005
15.1518 18.8965
22.2303 29.4622
28.3155 33.0393
46.2528 43.5783
45.7253 42.5691
38.5301 28.7706
33.4995 19.1312
46.1972 -6.8899
63.4094 -7.2855
63.6385 -7.2906
63.2691 2.5176
63.1063 6.8009
62.8029 14.8337
46.3729 31.7623
43.7819 35.5593
70.1426 30.5278
75.7111 29.4625
75.7111 29.4625
77.1001 34.1685
74.7565 41.7634
74.5024 42.588
70.1075 56.8287
63.3141 59.6297
58.2882 61.7007
49.5523 65.309
39.8932 69.2954
35.9332 70.9265
33.402 71.9688
25.2467 90.754
31.1986 93.3088
43.1485 98.4422
46.1012 77.5533
50 50
