OFV: 425.1063417122071
Runtime: 10.149249371956103
Gap: 1.3968575334320142e-08
repPt: {0: (50, 50), 14: (41.7503968458325, 62.55670489689589), 13: (61.83704100953287, 77.05454330348299), 5: (79.41599744368361, 89.7426157228851), 6: (91.56407670017806, 98.51164402922163), 11: (97.27820774735186, 95.75898610705235), 12: (115.96931668312378, 86.75882426384273), 4: (67.7000018364852, 28.398725375847825), 3: (87.07026957583659, 4.943790361821248), 8: (70.05259781377202, 7.059639070047515), 7: (61.27456333041678, 30.14623212560672), 9: (57.84820020395295, 36.43252480481022), 10: (40.659065043957966, 36.69914712907699), 18: (20.615827312121816, 37.17818955508302), 17: (18.503208272245114, 8.291081156888815), 16: (29.462785637952425, 2.8987203911632387), 15: (10.667108352091846, 32.343032037558515), 1: (15.701322893667172, 50.40099084532959), 2: (33.869765955218625, 50.188668789367384)}
solType: IP_Optimal
lowerBound: 425.10633577407714
upperBound: 425.1063417122071
Path: 
50 50
41.7504 62.5567
61.837 77.0545
79.416 89.7426
91.5641 98.5116
97.2782 95.759
115.9693 86.7588
67.7 28.3987
87.0703 4.9438
70.0526 7.0596
61.2746 30.1462
57.8482 36.4325
40.6591 36.6991
20.6158 37.1782
18.5032 8.2911
29.4628 2.8987
10.6671 32.343
15.7013 50.401
33.8698 50.1887
50 50
