OFV: 189.70043830357167
Runtime: 11.737628936767578
Gap: 0
repPt: {0: (50, 50), 1: (100.8048620422499, 53.075765435349034), 2: (108.16419216734099, 58.08487334567851), 3: (73.8868107605074, 29.92613074431797), 4: (93.58568402521921, 23.564492312756574), 5: (79.71517000987595, 39.25381347463059), 6: (57.601579328665345, 21.699998961402926), 7: (77.36177519916245, 37.79895638159259), 8: (88.81557420007918, 44.88868140764687), 9: (48.90683123144676, 28.781270458767818), 10: (41.45549733263472, 36.28806314194043)}
solType: IP_Optimal
lowerBound: 189.70040790407867
upperBound: 189.70043830357167
Path: 
50 50
73.8868 29.9261
93.5857 23.5645
108.1642 58.0849
100.8049 53.0758
88.8156 44.8887
79.7152 39.2538
77.3618 37.799
57.6016 21.7
48.9068 28.7813
41.4555 36.2881
50 50
