OFV: 360.90046657549914
Runtime: 382.94335642800434
Gap: -5.878917845262168e-08
repPt: {0: (50, 50), 3: (31.010911803886103, 55.1983255734147), 4: (3.4373250492039773, 62.745218740401945), 7: (14.834005328206839, 31.01082215587469), 8: (12.272526715011757, 13.706709294626517), 1: (11.943147783332858, 11.49036313381935), 2: (20.10447066004761, -7.710682390893628), 11: (47.31169924139813, 14.128564578350577), 12: (61.48834714054696, 14.512336168887781), 5: (88.17828960276861, 55.269807418207044), 6: (85.79507176622872, 73.86258667739719), 14: (87.66488464027344, 109.37695234418698), 13: (84.34399167262141, 96.07214534866452), 10: (80.2540086692325, 79.69887843612256), 9: (80.58554214127031, 57.41170526963268), 15: (69.12974378827076, 54.74055125068511), 16: (65.49058816002567, 49.871492845077825)}
solType: IP_Optimal
lowerBound: 360.90048779254107
upperBound: 360.90046657549914
Path: 
50 50
31.0109 55.1983
3.4373 62.7452
14.834 31.0108
12.2725 13.7067
11.9431 11.4904
20.1045 -7.7107
47.3117 14.1286
61.4883 14.5123
88.1783 55.2698
85.7951 73.8626
87.6649 109.377
84.344 96.0721
80.254 79.6989
80.5855 57.4117
69.1297 54.7406
65.4906 49.8715
50 50
