OFV: 329.99748897503866
Runtime: 198.2481079059944
Gap: 1.6941966209725628e-07
repPt: {0: (50, 50), 14: (40.739138903691206, 48.03235574531226), 13: (11.873974297422016, 41.903114993702275), 7: (19.14167138335642, 41.64115564815572), 8: (18.696478071701776, 52.636087223846665), 9: (18.145138571809735, 66.01781781410517), 10: (30.034730742791695, 78.37411440769353), 2: (28.660037925226028, 75.90371199163484), 1: (48.69141687752476, 75.61857732566156), 6: (80.23678402086476, 71.44797037640794), 5: (87.59723829395938, 53.6819592635101), 3: (95.57292457670107, 12.75754111609523), 4: (98.45979078724605, -2.0409819966174805), 16: (63.07629554562558, -9.599539082824606), 15: (49.26931389691642, -1.162129157451158), 12: (46.82461647336496, 0.33179024822280273), 11: (37.906688673587446, 5.781287226050561)}
solType: IP_Optimal
lowerBound: 329.9974330669756
upperBound: 329.99748897503866
Path: 
50 50
40.7391 48.0324
11.874 41.9031
19.1417 41.6412
18.6965 52.6361
18.1451 66.0178
30.0347 78.3741
28.66 75.9037
48.6914 75.6186
80.2368 71.448
87.5972 53.682
95.5729 12.7575
98.4598 -2.041
63.0763 -9.5995
49.2693 -1.1621
46.8246 0.3318
37.9067 5.7813
50 50
