OFV: 399.3455992776421
Runtime: 6.356791233003605
Gap: 6.650876706115996e-09
repPt: {0: (50, 50), 1: (25.59940328265962, 27.15878704029859), 2: (6.659574161104821, 9.421370576326481), 7: (3.1035104999484395, 3.749580816692243), 8: (-13.776036624947372, -23.173546720174176), 14: (2.564860768513401, 26.5626322377933), 13: (25.50171455019453, 5.553440167787302), 9: (51.57507426376551, 12.393040401765116), 10: (82.65551971601518, 27.326564710819984), 6: (88.57312412772804, 39.80377053918923), 5: (95.58213418062824, 49.041465316153904), 12: (101.3886265378817, 66.23960119734656), 11: (85.65488501616251, 79.33213352612874), 4: (56.7104118843001, 103.41937056826865), 3: (59.41443958173445, 82.57971816756452)}
solType: IP_Optimal
lowerBound: 399.3455966216438
upperBound: 399.3455992776421
Path: 
50 50
25.5994 27.1588
6.6596 9.4214
3.1035 3.7496
-13.776 -23.1735
2.5649 26.5626
25.5017 5.5534
51.5751 12.393
82.6555 27.3266
88.5731 39.8038
95.5821 49.0415
101.3886 66.2396
85.6549 79.3321
56.7104 103.4194
59.4144 82.5797
50 50
