OFV: 338.0001017432261
Runtime: 17.061514169035945
Gap: -6.137036250352885e-08
repPt: {0: (50, 50), 11: (26.054965775567386, 51.024488687695786), 12: (3.6639510370363695, 51.98250043177793), 10: (56.17463448882355, -20.6036233967955), 9: (71.84099751388766, 4.275205275410137), 6: (78.23594456470974, 9.964026765796275), 5: (97.6014618607744, 27.185646976216045), 7: (101.47749632540395, 26.133064038151346), 8: (116.38451749324891, 22.088119317162647), 1: (87.53428815259281, 34.314134008094676), 2: (100.45636167290682, 48.644145102406505), 3: (99.44726382545147, 47.729473605248664), 4: (96.31579907106409, 64.84299931251427), 14: (83.14508165192777, 64.37264679020791), 13: (67.0433969033305, 57.39024770680203)}
solType: IP_Optimal
lowerBound: 338.00012248641485
upperBound: 338.0001017432261
Path: 
50 50
26.055 51.0245
3.664 51.9825
56.1746 -20.6036
71.841 4.2752
78.2359 9.964
97.6015 27.1856
101.4775 26.1331
116.3845 22.0881
87.5343 34.3141
100.4564 48.6441
99.4473 47.7295
96.3158 64.843
83.1451 64.3726
67.0434 57.3902
50 50
