OFV: 871.9330844208166
Runtime: 5.4180820640176535
Gap: None
repPt: {0: (50, 50), 12: (39.864403042029885, 44.98272269352604), 11: (26.159325014418478, 38.198674920326155), 54: (25.939749061324118, 38.08991926755695), 53: (6.026947313391496, 28.233146219895534), 21: (8.256384007906984, 31.702446194179505), 22: (23.701441782267615, 10.67995498840857), 33: (18.98751166875481, 3.553167600488221), 34: (30.76503729919298, -9.72870088319509), 50: (39.38320950454087, 5.641092585489368), 49: (40.04622606712034, 26.333156484634642), 39: (40.084335161676584, 26.262409795397907), 40: (54.759544713581526, -0.9438749388588548), 45: (61.22811219956208, 0.5496569926852004), 46: (75.12120737673573, 3.7600261020086316), 20: (69.95869421350804, 6.013013215852721), 19: (40.59306308902767, 15.092764729874162), 44: (34.041187497384904, 17.117154821441243), 43: (28.515107149677707, 47.4834314682523), 1: (27.888972867784688, 50.931879461198314), 2: (28.622088469427382, 66.52077016706096), 3: (32.219153046102484, 77.88504977426354), 4: (34.50787823294667, 95.26697308054288), 28: (16.66369910062856, 124.56232859910158), 27: (15.587203841839504, 94.74072402897329), 9: (18.193417524822152, 91.92763115175532), 10: (41.12285610334484, 93.0015027071675), 35: (41.12287841713016, 93.0015101385915), 36: (53.00253280156595, 89.84087237645305), 57: (45.9104605706345, 87.4626569165997), 58: (42.323068019736795, 65.47526958912788), 41: (41.76638328002077, 62.053027579539865), 42: (61.62612934270543, 86.08506424799597), 30: (66.63778084890552, 86.9926410561472), 29: (62.852934903261065, 59.78442373136696), 55: (64.41695527568429, 56.21343972712797), 56: (71.67018915892118, 39.63867318278237), 31: (67.28684758407633, 41.28326547433405), 32: (66.07774522877243, 25.779680080183386), 7: (65.79091510097119, 22.0807823039584), 8: (87.83112254793376, 4.312536086455687), 16: (90.14291835098076, 5.039537003311161), 15: (82.24813577460127, 15.632361941934462), 17: (81.8999006183261, 16.09965930781375), 18: (97.90433637764386, 22.174363699278576), 24: (101.23173699426331, 31.93753870726228), 23: (94.8697377403632, 42.222876587554666), 25: (88.3446150216056, 44.13681255347499), 26: (108.02137260330895, 63.80846113274681), 37: (99.7182304130449, 54.95085622391267), 38: (119.82429829833985, 72.08076779299132), 60: (116.62044825995444, 83.9411853202864), 59: (99.04785178443237, 85.1984925639479), 14: (98.25675731359854, 75.94445045572415), 13: (90.59054843792987, 94.9390339734072), 6: (89.07173019568354, 98.70164558506497), 5: (77.77702516933914, 74.38934300040839), 52: (83.90818768459364, 80.4520144653645), 51: (75.96132503672801, 61.31746295706659), 48: (73.12554989796759, 63.40753796794664), 47: (53.21965366679783, 51.86722348717548)}
lowerBound: 871.9330461330642
upperBound: 871.9330844208166
solType: IP_Optimal
Path: 
50 50
39.8644 44.9827
26.1593 38.1987
25.9397 38.0899
6.0269 28.2331
8.2564 31.7024
23.7014 10.68
18.9875 3.5532
30.765 -9.7287
39.3832 5.6411
40.0462 26.3332
40.0843 26.2624
54.7595 -0.9439
61.2281 0.5497
75.1212 3.76
69.9587 6.013
40.5931 15.0928
34.0412 17.1172
28.5151 47.4834
27.889 50.9319
28.6221 66.5208
32.2192 77.885
34.5079 95.267
16.6637 124.5623
15.5872 94.7407
18.1934 91.9276
41.1229 93.0015
41.1229 93.0015
53.0025 89.8409
45.9105 87.4627
42.3231 65.4753
41.7664 62.053
61.6261 86.0851
66.6378 86.9926
62.8529 59.7844
64.417 56.2134
71.6702 39.6387
67.2868 41.2833
66.0777 25.7797
65.7909 22.0808
87.8311 4.3125
90.1429 5.0395
82.2481 15.6324
81.8999 16.0997
97.9043 22.1744
101.2317 31.9375
94.8697 42.2229
88.3446 44.1368
108.0214 63.8085
99.7182 54.9509
119.8243 72.0808
116.6204 83.9412
99.0479 85.1985
98.2568 75.9445
90.5905 94.939
89.0717 98.7016
77.777 74.3893
83.9082 80.452
75.9613 61.3175
73.1255 63.4075
53.2197 51.8672
50 50
