OFV: 679.3451431953021
Runtime: 82.00874848198146
Gap: None
Path: 
50 50
71.0526 48.5947
84.2412 60.8893
88.7762 64.1518
93.8573 67.8088
113.8336 69.0627
116.8076 69.2474
105.7949 58.4174
90.9147 43.7809
86.679 39.618
73.2549 26.4146
70.5819 23.7885
77.6274 27.3697
72.0136 41.5016
67.3412 53.2666
65.2546 52.4285
59.9083 50.2798
40.3922 50.4883
31.4824 50.5821
24.3159 56.4301
23.0937 49.7976
27.7827 32.6867
34.1778 24.1964
41.4564 14.5319
49.8983 3.317
54.9537 -3.3934
62.1214 -17.659
33.8151 -17.966
26.3518 3.2213
18.2147 26.3146
11.8242 44.4591
11.4034 48.2392
10.0583 60.2597
9.7407 63.2268
9.0812 69.4102
7.8278 81.2294
7.3387 85.8065
7.3387 85.8067
15.3551 83.0819
23.3617 80.3599
30.9032 77.7972
38.1143 80.7123
41.7024 79.7353
51.1951 77.1541
60.6915 74.5735
65.6318 76.8916
86.614 87.4668
84.2897 96.1967
81.7351 105.7869
72.4487 109.6144
52.1209 97.9996
44.6613 102.042
30.1987 71.8373
31.9116 68.5885
33.487 65.6002
35.4759 61.829
41.7202 61.276
58.6058 65.6619
61.453 66.4035
57.3851 60.5796
50.0347 50.0495
50 50
