OFV: 315.3523203114903
Runtime: 4.232411300006788
Gap: 0.0
repPt: {0: (50, 50), 7: (3.8517167733140885, 85.35790335845492), 8: (-15.609190885586717, 100.26974245771233), 2: (11.290156574547835, 39.35477684649015), 1: (10.208916734856176, 8.881453651756978), 10: (18.61417147201525, 14.643624711543929), 9: (37.59133781240025, 27.648659988333403), 3: (23.252578445327266, 30.825233243646377), 4: (41.9852961730135, 14.176394938121442), 12: (45.211440594979294, 16.07558079425204), 11: (59.531883029363726, 46.209519187043746), 5: (66.00614525575757, 43.32242720630923), 6: (58.84655613339018, 49.75621177822652)}
solType: IP_Optimal
lowerBound: 315.35234750592457
upperBound: 315.3523203114903
Path: 
50 50
3.8517 85.3579
-15.6092 100.2697
11.2902 39.3548
10.2089 8.8815
18.6142 14.6436
37.5913 27.6487
23.2526 30.8252
41.9853 14.1764
45.2114 16.0756
59.5319 46.2095
66.0061 43.3224
58.8466 49.7562
50 50
