OFV: 245.73317255262265
Runtime: 0.3168156900210306
Gap: 6.453230582868156e-08
repPt: {0: (50, 50), 10: (28.67447437797778, 19.867155069644713), 9: (52.421843726397164, 38.27961284087408), 6: (52.5406936539409, 38.3718048107635), 5: (73.34536329902991, 58.303987365026515), 4: (85.3078471432643, 44.193526383715174), 3: (87.7817280755053, 58.71470232369546), 1: (92.21858858216027, 84.7474428375353), 2: (64.74364898395069, 76.35068107326123), 8: (46.53925136764976, 70.78576745631936), 7: (29.88770113481457, 63.528617898628525)}
solType: IP_Optimal
lowerBound: 245.7331566948944
upperBound: 245.73317255262265
Path: 
50 50
28.6745 19.8672
52.4218 38.2796
52.5407 38.3718
73.3454 58.304
85.3078 44.1935
87.7817 58.7147
92.2186 84.7474
64.7436 76.3507
46.5393 70.7858
29.8877 63.5286
50 50
