OFV: 281.02181462706466
Runtime: 10.022591216984438
Gap: 8.122720660908523e-08
repPt: {0: (50, 50), 1: (82.12800796768349, 30.645762337056333), 2: (96.03499315094538, 22.796299256337754), 12: (81.33552913492713, 40.60595167997012), 11: (82.54121153568553, 49.26510383876467), 3: (69.71886306927851, 56.33124447755991), 4: (64.30131392218661, 73.61132443364673), 9: (36.17577567071256, 79.45326831682036), 10: (11.968239694535988, 90.47773550124613), 5: (10.076258860019347, 64.83971339254948), 6: (7.8741693089141815, 34.99924395378308), 7: (30.983866924716132, 29.203372916217628), 8: (47.3775033501703, 47.132210724642505)}
solType: IP_Optimal
lowerBound: 281.02179180044766
upperBound: 281.02181462706466
Path: 
50 50
82.128 30.6458
96.035 22.7963
81.3355 40.606
82.5412 49.2651
69.7189 56.3312
64.3013 73.6113
36.1758 79.4533
11.9682 90.4777
10.0763 64.8397
7.8742 34.9992
30.9839 29.2034
47.3775 47.1322
50 50
