OFV: 1362.2718099914703
Runtime: 19.64706026413478
Gap: None
repPt: {0: (50, 50), 27: (47.998274512214216, 39.091736573500555), 28: (63.52549779517412, 63.400925239098555), 4: (64.50784384357293, 61.68320300283515), 3: (59.0757624188197, 47.8235023872753), 94: (58.69156840852306, 46.845529090608835), 93: (37.15773153643761, 25.382967512306827), 50: (31.958265746509422, 24.627293405199893), 49: (26.631652463089104, 6.940279595605332), 29: (29.622618605388386, 6.090340182123389), 30: (52.897780634581515, -0.5068232046453143), 15: (59.81365807143831, 2.5076179674865604), 16: (76.55764428611636, -2.0999257167447434), 69: (75.52358727016151, 1.3778078751643694), 70: (95.66085639680504, 4.198805455947747), 65: (91.72475381611937, 3.133486787138418), 66: (92.61581469740398, -15.59353792468063), 64: (92.68315404028777, -16.986903388137588), 63: (79.22996800591226, 11.987777345072843), 45: (85.19837136467085, 11.997135237441341), 46: (95.87722231058237, 30.490578201035696), 7: (96.7693851516686, 32.03788762398431), 8: (113.3453160594908, 45.121040567187116), 68: (118.15782024727692, 38.9928973930686), 67: (101.49885159769495, 42.61699942769795), 90: (104.98831189375576, 43.17617249523979), 89: (95.41959218072076, 66.91333426892992), 9: (99.37470777607518, 62.01571723226359), 10: (114.89472924918722, 62.23438470177378), 38: (116.8570549279516, 66.23281740006976), 37: (91.82776495442681, 45.00751396925256), 58: (91.66218392228163, 44.70337216961446), 57: (76.35377666731671, 16.52544382963439), 2: (77.6618492962082, 19.952023699931953), 1: (52.23548588166779, 18.999786105576014), 77: (50.51569491479451, 19.106203344541402), 78: (70.29261600010311, 30.84321771571719), 35: (72.359356350378, 28.36746241324937), 36: (78.99897718336112, 44.0256298679373), 44: (73.05125921709357, 46.80368957331676), 43: (42.79036501042, 36.17274687710837), 84: (42.930645250952125, 36.330859677120145), 83: (23.344400204961133, 34.31065183267046), 54: (23.95433732243704, 32.64984415854666), 53: (12.704704693135346, 25.360333794895077), 23: (8.85320841657955, 34.90842817468878), 24: (19.44612804435949, 39.02488640427277), 41: (13.769373705568286, 47.82757317311267), 42: (20.10484612785192, 69.2616056830945), 95: (21.968055734490317, 67.01882956445456), 96: (37.100608111549384, 67.09954403669259), 75: (37.36590783207055, 66.17231676984953), 76: (58.66199116245052, 84.29782576647433), 71: (64.94047996949713, 93.63090028030058), 72: (97.22051164860919, 105.12409869263803), 62: (106.0339946446436, 99.14965320918526), 61: (84.79096922766351, 72.53686860625568), 31: (87.76949752505716, 74.18911561363801), 32: (92.59247588466249, 89.90798097348923), 18: (90.83037467008309, 90.61824672761686), 17: (63.46829397603234, 71.76499325079938), 14: (66.09335973337325, 68.49386957112172), 13: (29.30803214112438, 68.39277526482371), 34: (25.814180086973025, 68.89004013137978), 33: (24.660888947394987, 43.681396401765575), 5: (24.575659338492354, 41.815270382874836), 6: (48.076294229312566, 63.18678168627674), 87: (48.25650551216809, 63.35083348974416), 88: (70.95283181918111, 83.99081063286422), 51: (73.83926873694051, 83.92942013704403), 52: (77.77632996807068, 60.59744027774939), 12: (78.0727940587164, 64.20012430447959), 11: (79.90281403824193, 35.0978868913103), 97: (83.45736306517871, 35.88701080305195), 98: (91.31231689186437, 25.38680490226016), 85: (90.96239258243953, 21.646814310949537), 86: (97.33456777640318, 43.504564776297805), 48: (97.50017029748453, 42.5681940338696), 47: (94.48172126681641, 22.93559728302315), 39: (94.28493004163316, 23.243926561857393), 40: (99.91261894568059, 0.674522738656868), 80: (104.46342468406975, -3.898192999574131), 79: (77.85549767882756, 5.480154835881887), 60: (77.85549580814956, 5.480152959258618), 59: (62.26690940679833, 17.840598285937556), 55: (64.19342811223324, 17.60053141105553), 56: (77.88516825519466, 40.15457921420975), 26: (76.7305109193583, 37.68173817297645), 25: (71.97078164201429, 59.34850986736532), 22: (70.93332801488646, 59.21642200075344), 21: (59.65598006229239, 71.5427552810465), 92: (61.28793422918673, 70.6399773056687), 91: (49.75327309686853, 79.42947006082035), 82: (39.10290593995002, 84.33872335919953), 81: (23.990930527651727, 91.30198417841403), 73: (18.799452218936587, 89.35732701210075), 74: (33.86846012047163, 84.34654819658185), 99: (35.88096543556328, 83.67838354934437), 100: (56.38353650246455, 75.66678493669015), 20: (56.38353564484426, 75.6667815082045), 19: (47.24272675490957, 49.3925302263235)}
lowerBound: 1362.2717159236515
upperBound: 1362.2718099914703
solType: IP_Optimal
Path: 
50 50
47.9983 39.0917
63.5255 63.4009
64.5078 61.6832
59.0758 47.8235
58.6916 46.8455
37.1577 25.383
31.9583 24.6273
26.6317 6.9403
29.6226 6.0903
52.8978 -0.5068
59.8137 2.5076
76.5576 -2.0999
75.5236 1.3778
95.6609 4.1988
91.7248 3.1335
92.6158 -15.5935
92.6832 -16.9869
79.23 11.9878
85.1984 11.9971
95.8772 30.4906
96.7694 32.0379
113.3453 45.121
118.1578 38.9929
101.4989 42.617
104.9883 43.1762
95.4196 66.9133
99.3747 62.0157
114.8947 62.2344
116.8571 66.2328
91.8278 45.0075
91.6622 44.7034
76.3538 16.5254
77.6618 19.952
52.2355 18.9998
50.5157 19.1062
70.2926 30.8432
72.3594 28.3675
78.999 44.0256
73.0513 46.8037
42.7904 36.1727
42.9306 36.3309
23.3444 34.3107
23.9543 32.6498
12.7047 25.3603
8.8532 34.9084
19.4461 39.0249
13.7694 47.8276
20.1048 69.2616
21.9681 67.0188
37.1006 67.0995
37.3659 66.1723
58.662 84.2978
64.9405 93.6309
97.2205 105.1241
106.034 99.1497
84.791 72.5369
87.7695 74.1891
92.5925 89.908
90.8304 90.6182
63.4683 71.765
66.0934 68.4939
29.308 68.3928
25.8142 68.89
24.6609 43.6814
24.5757 41.8153
48.0763 63.1868
48.2565 63.3508
70.9528 83.9908
73.8393 83.9294
77.7763 60.5974
78.0728 64.2001
79.9028 35.0979
83.4574 35.887
91.3123 25.3868
90.9624 21.6468
97.3346 43.5046
97.5002 42.5682
94.4817 22.9356
94.2849 23.2439
99.9126 0.6745
104.4634 -3.8982
77.8555 5.4802
77.8555 5.4802
62.2669 17.8406
64.1934 17.6005
77.8852 40.1546
76.7305 37.6817
71.9708 59.3485
70.9333 59.2164
59.656 71.5428
61.2879 70.64
49.7533 79.4295
39.1029 84.3387
23.9909 91.302
18.7995 89.3573
33.8685 84.3465
35.881 83.6784
56.3835 75.6668
56.3835 75.6668
47.2427 49.3925
50 50
