OFV: 302.46247051409955
Runtime: 1.9150573659862857
Gap: -1.8157709984484732e-09
repPt: {0: (50, 50), 1: (80.99026895965795, 28.991650536953063), 2: (97.8640386133857, 21.83510662988465), 11: (86.87148876927611, 47.78688323565106), 12: (76.04781841080477, 43.48579392010946), 3: (68.943028825946, 53.75533924330245), 4: (65.59876423150327, 75.13508565746703), 9: (35.50194270653937, 77.56908466818305), 10: (10.720024276582793, 92.07083649754438), 5: (8.685261165113591, 65.435890276726), 6: (6.270314031998851, 33.80388397403507), 7: (31.425614752613193, 27.24566246035752), 8: (48.73274247449442, 48.86442416592947)}
solType: IP_Optimal
lowerBound: 302.46247106330213
upperBound: 302.46247051409955
Path: 
50 50
80.9903 28.9917
97.864 21.8351
86.8715 47.7869
76.0478 43.4858
68.943 53.7553
65.5988 75.1351
35.5019 77.5691
10.72 92.0708
8.6853 65.4359
6.2703 33.8039
31.4256 27.2457
48.7327 48.8644
50 50
