OFV: 256.36537219754985
Runtime: 6.0661680698394775
Gap: 0
repPt: {0: (50, 50), 1: (64.97150841100107, 56.959289830953885), 2: (50.86429926745144, 43.61488154412438), 3: (69.86643434215425, 61.58960995954144), 4: (42.942435313737725, 64.34256975346277), 5: (23.454064756908636, 62.741927651925074), 6: (8.820335947644924, 33.35465668718569), 7: (14.04367430696745, 27.061949602941734), 8: (3.6968934757539014, 23.066448968384734), 9: (35.92311934129041, 82.374646187475), 10: (52.30748120369913, 108.17200123230205)}
solType: IP_Optimal
lowerBound: 256.3653642085362
upperBound: 256.36537219754985
Path: 
50 50
50.8643 43.6149
64.9715 56.9593
69.8664 61.5896
42.9424 64.3426
52.3075 108.172
35.9231 82.3746
23.4541 62.7419
8.8203 33.3547
3.6969 23.0664
14.0437 27.0619
50 50
