OFV: 469.6312711062895
Runtime: 0.15952082793228328
Gap: None
repPt: {0: (50, 50), 1: (50.44793316693313, 39.735503478993074), 2: (39.99699764522177, 43.56394296892033), 3: (10.921128757590115, 52.63700272022207), 4: (-6.330749509475892, 29.95365274113354), 13: (16.68624040148164, 10.6091828941875), 14: (35.3768530698813, -5.104330429118374), 10: (33.66521997190375, -23.83766989102177), 9: (43.208089343566456, 0.1373484794578781), 8: (62.3660834638029, 33.96295388103834), 7: (71.50010575523963, 28.428012990074567), 11: (80.54239475577496, 28.59635287839139), 12: (97.59461701207331, 58.67876197362454), 16: (117.89432934854706, 86.20983534288793), 15: (92.56890010900095, 92.549442764636), 19: (72.61593579055942, 97.54541556956255), 20: (68.2264068242528, 128.50512908555058), 6: (67.28884891801313, 109.81234461628925), 5: (66.49894880182437, 94.09629501420342), 18: (65.03332117050104, 64.936033434235), 17: (54.608952352284824, 54.578722497193155)}
lowerBound: 469.63124212150893
upperBound: 469.6312711062895
solType: IP_Optimal
Path: 
50 50
50.4479 39.7355
39.997 43.5639
10.9211 52.637
-6.3307 29.9537
16.6862 10.6092
35.3769 -5.1043
33.6652 -23.8377
43.2081 0.1373
62.3661 33.963
71.5001 28.428
80.5424 28.5964
97.5946 58.6788
117.8943 86.2098
92.5689 92.5494
72.6159 97.5454
68.2264 128.5051
67.2888 109.8123
66.4989 94.0963
65.0333 64.936
54.609 54.5787
50 50
