OFV: 1196.5259089899887
Runtime: 77.37333313492127
Gap: None
Path: 
50 50
57.2768 53.4313
34.5301 29.0829
33.5498 34.1693
30.5303 49.8106
28.7554 59.0148
26.8974 70.9755
28.4878 77.5558
15.2277 57.9328
14.5108 56.8717
4.9232 85.8182
13.08 68.8497
39.608 50.5669
40.0753 50.2443
68.8893 56.6282
75.2417 53.2203
83.3999 48.8436
85.6211 47.6509
84.8932 71.6592
86.1824 68.3124
94.9003 45.6599
92.6783 39.3868
90.1481 32.2441
89.2171 3.1314
104.8923 -14.2406
106.6634 0.5982
95.0249 4.5202
98.4007 36.6653
98.1967 39.9859
96.8452 61.7814
95.9958 64.6837
102.3158 67.1828
76.5103 56.6719
82.441 49.5486
110.3112 56.3222
117.6427 58.1043
90.234 75.9258
95.303 83.7651
86.8816 94.5336
84.1831 97.9818
96.6775 108.3849
92.1196 103.8818
77.25 85.6288
74.5533 96.3726
82.3015 107.6959
76.8057 116.9594
50.4028 97.4637
41.3235 90.7555
50.0997 120.109
42.7509 105.3326
33.2219 95.5086
28.1993 90.3335
38.5314 78.6958
45.2703 71.1026
53.781 72.0856
58.7988 84.551
52.1468 70.4377
52.4388 65.9027
61.1051 41.4138
61.2099 41.1182
61.9002 39.172
65.4252 51.2579
64.414 48.2942
61.1179 55.0561
59.6803 57.8418
55.5713 58.3616
36.414 39.2104
34.4889 38.1838
22.9411 41.5255
16.8074 30.5424
11.2065 4.4601
14.5416 2.0
7.1607 32.6966
26.7676 49.9648
26.8479 18.2053
28.3885 20.9801
50.7042 5.6632
51.9 8.8162
43.9921 30.3299
49.5031 30.5388
54.4851 63.0864
50 50
