OFV: 331.0064010951173
Runtime: 8.028167324955575
Gap: 0.0
repPt: {0: (50, 50), 10: (44.870519305061485, 51.42396778425917), 9: (26.798912629373422, 23.604351216783634), 4: (49.87973846312769, -8.90063361491897), 3: (59.05255471097318, 3.1703046076630645), 16: (60.35002451341674, 4.87902843324586), 15: (86.3313103844759, 24.903518743097464), 13: (91.75349303013819, 54.416230772064054), 14: (95.10014580580999, 72.63744767021552), 6: (89.20455515469895, 107.77319608536067), 5: (74.97029410451104, 97.45576995593156), 1: (78.87058730020856, 93.06038233698321), 2: (52.999997683346365, 104.6925597334736), 12: (59.34339144047676, 107.5223907801985), 11: (56.26644340539166, 93.49393167072178), 7: (53.99269455977828, 83.12982230571548), 8: (56.16979111359446, 63.03249693535858)}
solType: IP_Optimal
lowerBound: 331.0064240687953
upperBound: 331.0064010951173
Path: 
50 50
44.8705 51.424
26.7989 23.6044
49.8797 -8.9006
59.0526 3.1703
60.35 4.879
86.3313 24.9035
91.7535 54.4162
95.1001 72.6374
89.2046 107.7732
74.9703 97.4558
78.8706 93.0604
53.0 104.6926
59.3434 107.5224
56.2664 93.4939
53.9927 83.1298
56.1698 63.0325
50 50
