OFV: 327.4487824262836
Runtime: 3.2872149030445144
Gap: 0.0
repPt: {0: (50, 50), 1: (37.34650240043159, 49.95266040331315), 2: (47.72383927225545, 42.10628768032928), 11: (55.06583544134885, 16.25374614632074), 12: (59.21376198281351, 1.6421697612458892), 9: (55.039208224841225, 37.02798336326113), 10: (23.032243684684882, 45.287964595809434), 8: (6.928478776725972, 57.96305384541058), 7: (5.603980429924827, 35.7523042658258), 4: (14.127391122198155, 32.7017022648082), 3: (30.67301659231405, 63.369060880274425), 13: (30.912641031577305, 63.81436042401004), 14: (32.437376379788745, 91.0979263322336), 5: (65.70362790263933, 90.33621903024918), 6: (58.058891534424006, 70.6991331591314)}
solType: IP_Optimal
lowerBound: 327.4488478526831
upperBound: 327.4487824262836
Path: 
50 50
37.3465 49.9527
47.7238 42.1063
55.0658 16.2537
59.2138 1.6422
55.0392 37.028
23.0322 45.288
6.9285 57.9631
5.604 35.7523
14.1274 32.7017
30.673 63.3691
30.9126 63.8144
32.4374 91.0979
65.7036 90.3362
58.0589 70.6991
50 50
