OFV: 316.97976099006644
Runtime: 1.1187841020000633
Gap: 4.368198921633292e-09
repPt: {0: (50, 50), 1: (65.90085499191335, 75.67163126742685), 2: (52.42492074618425, 99.93371524235963), 10: (54.54648797703922, 99.51400102636715), 9: (80.21075219901893, 94.43890333653098), 3: (79.30102034675382, 96.85167550160712), 4: (74.860525939915, 108.62624391570996), 6: (103.65671294123295, 64.75693299408685), 8: (71.77653574968885, 53.45935587697768), 5: (69.57201389701581, 49.94204796335131), 7: (64.54304629678356, 41.921445248598175), 12: (40.476010206032385, 11.081818909836336), 11: (27.207700267790877, 5.492801694622652), 14: (17.525657555161775, 11.26372401010997), 13: (31.106469380611536, 31.681617413147553)}
solType: IP_Optimal
lowerBound: 316.9797596054358
upperBound: 316.97976099006644
Path: 
50 50
65.9009 75.6716
52.4249 99.9337
54.5465 99.514
80.2108 94.4389
79.301 96.8517
74.8605 108.6262
103.6567 64.7569
71.7765 53.4594
69.572 49.942
64.543 41.9214
40.476 11.0818
27.2077 5.4928
17.5257 11.2637
31.1065 31.6816
50 50
