OFV: 203.76677958389527
Runtime: 1.404983471002197
Gap: 7.176977300549225e-08
repPt: {0: (50, 50), 10: (39.49066413204377, 35.80540336514276), 9: (47.56494855232918, 27.298258765526086), 6: (57.25682222714518, 19.688208875174606), 5: (77.14359129690409, 40.30206240621786), 7: (77.14359137488599, 40.30206246638641), 8: (90.36360818616187, 43.47197393425529), 1: (100.54638276554385, 51.9180156806008), 2: (109.64742684497472, 59.46486545498297), 4: (94.33973413529432, 21.709240649099108), 3: (73.0101933732928, 28.12422559887502)}
solType: IP_Optimal
lowerBound: 203.76676495959975
upperBound: 203.76677958389527
Path: 
50 50
39.4907 35.8054
47.5649 27.2983
57.2568 19.6882
77.1436 40.3021
77.1436 40.3021
90.3636 43.472
100.5464 51.918
109.6474 59.4649
94.3397 21.7092
73.0102 28.1242
50 50
