OFV: 973.6823146128652
Runtime: 45.685856559779495
Gap: None
repPt: {0: (50, 50), 47: (50.228756646181374, 50.02543059987788), 48: (78.18624287503494, 53.14200674116006), 20: (77.98313925658857, 53.93669170362754), 19: (69.13383101975913, 88.46282037024567), 53: (62.343026729207885, 98.65265314344418), 54: (68.13063456104636, 118.30726104624954), 5: (72.39173270918903, 94.7256883341121), 6: (87.75183108113964, 84.29073576822744), 61: (92.93893574188343, 74.1440724837149), 62: (101.75756284119191, 80.15217888922365), 46: (105.40675450875781, 82.64019341003458), 45: (91.49664208215542, 90.08321545467993), 33: (91.52182394445892, 90.09916478874926), 34: (97.72331085819508, 94.02242061378657), 78: (92.46747168678091, 93.83126336985299), 77: (84.99946194923785, 62.62822680037056), 40: (76.95489187763324, 58.704518625402415), 39: (70.89476733426825, 49.96323416940318), 4: (67.13326016028589, 53.270520288820194), 3: (36.352515522529224, 66.38743615148788), 38: (37.12414169399917, 67.00925147111526), 37: (15.366277137310284, 78.37973390053469), 15: (16.04879401236509, 78.97204870150851), 16: (23.600004922622766, 85.51000872389312), 76: (23.60001000135349, 85.51000067171908), 75: (8.00149956619652, 81.50323986007648), 49: (6.546215227581504, 81.13052751613166), 50: (18.892252492308007, 84.23244490737851), 17: (18.89224613210203, 84.2324377864708), 18: (29.12077556063698, 82.17841778434675), 64: (34.30630297506323, 75.17446139608255), 63: (30.6495292251437, 59.11740145164903), 13: (30.64954123261216, 59.117396549351305), 14: (32.902063077211466, 36.80964784719682), 36: (32.662811967704776, 36.9502139178715), 35: (15.960913740360123, 46.75358155019908), 8: (6.475364828293964, 56.25105937283411), 7: (7.98365279836932, 35.17235038349389), 79: (12.883231715222724, 22.199158540931077), 80: (18.1928427816137, 8.139499116263357), 71: (23.370000688745968, 11.395234968750703), 72: (32.91687619509399, 17.389907602200772), 67: (32.916895539726106, 17.38992324291521), 68: (58.33754751894489, 35.44407862145252), 9: (58.588497684237666, 35.137982393824174), 10: (76.40241090144362, 13.406774759816301), 65: (76.37562429475432, 13.3930905956133), 66: (93.27530923188755, 8.5256662570475), 57: (93.4477149707443, 10.456431300244207), 58: (99.72879306488149, 18.4452566917903), 30: (102.51304050969, 11.80682139857176), 29: (95.29547080469935, 35.8872291387515), 32: (96.59417100073739, 39.173243590580284), 31: (81.80373051518094, 20.638764226427348), 56: (85.88614047129428, 25.318568853081082), 55: (67.87236492761447, 17.178699595027684), 12: (67.50630532949106, 17.01370632799259), 11: (58.11286126977763, 12.770330522053905), 41: (58.39016163576735, 9.533300911610215), 42: (62.82301943990972, 1.3482418744768303), 59: (56.577292736516725, 1.9108452574660237), 60: (52.411504559760594, -14.122186147591297), 24: (40.6346179818456, -11.381148109363782), 23: (30.816387999311388, 3.176352909101469), 69: (31.663245877343897, 3.108666757503066), 70: (65.24678740105459, -8.678773018048727), 44: (67.79272230873738, -9.574082920478384), 43: (71.28185034881253, 9.301163588728013), 52: (77.97945475679077, 5.772409115062672), 51: (58.79496380922329, 25.075641927826155), 21: (58.79496391574699, 25.075643610264652), 22: (58.394216848209496, 41.23392978122267), 74: (57.57833152781114, 43.37276072561951), 73: (46.39539135984576, 72.68429462601972), 26: (50.4684176493108, 75.6720436961966), 25: (29.272999356480934, 52.781080545324976), 27: (30.078425882921913, 51.432702802016806), 28: (34.49485664600658, 44.05148202475789), 1: (37.80460254888181, 47.14772516134576), 2: (47.71985903663078, 55.34126896128444)}
lowerBound: 973.6821292054094
upperBound: 973.6823146128652
solType: IP_Optimal
Path: 
50 50
50.2288 50.0254
78.1862 53.142
77.9831 53.9367
69.1338 88.4628
62.343 98.6527
68.1306 118.3073
72.3917 94.7257
87.7518 84.2907
92.9389 74.1441
101.7576 80.1522
105.4068 82.6402
91.4966 90.0832
91.5218 90.0992
97.7233 94.0224
92.4675 93.8313
84.9995 62.6282
76.9549 58.7045
70.8948 49.9632
67.1333 53.2705
36.3525 66.3874
37.1241 67.0093
15.3663 78.3797
16.0488 78.972
23.6 85.51
23.6 85.51
8.0015 81.5032
6.5462 81.1305
18.8923 84.2324
18.8922 84.2324
29.1208 82.1784
34.3063 75.1745
30.6495 59.1174
30.6495 59.1174
32.9021 36.8096
32.6628 36.9502
15.9609 46.7536
6.4754 56.2511
7.9837 35.1724
12.8832 22.1992
18.1928 8.1395
23.37 11.3952
32.9169 17.3899
32.9169 17.3899
58.3375 35.4441
58.5885 35.138
76.4024 13.4068
76.3756 13.3931
93.2753 8.5257
93.4477 10.4564
99.7288 18.4453
102.513 11.8068
95.2955 35.8872
96.5942 39.1732
81.8037 20.6388
85.8861 25.3186
67.8724 17.1787
67.5063 17.0137
58.1129 12.7703
58.3902 9.5333
62.823 1.3482
56.5773 1.9108
52.4115 -14.1222
40.6346 -11.3811
30.8164 3.1764
31.6632 3.1087
65.2468 -8.6788
67.7927 -9.5741
71.2819 9.3012
77.9795 5.7724
58.795 25.0756
58.795 25.0756
58.3942 41.2339
57.5783 43.3728
46.3954 72.6843
50.4684 75.672
29.273 52.7811
30.0784 51.4327
34.4949 44.0515
37.8046 47.1477
47.7199 55.3413
50 50
