OFV: 899.1243944538996
Runtime: 93.42636679997668
Gap: None
Path: 
50 50
51.6403 51.3339
42.0535 64.3806
45.77 74.2402
49.7902 84.9064
52.4563 91.9785
58.2211 106.1937
87.1128 110.9355
82.9241 97.884
81.6999 94.0714
82.931 90.0788
84.6878 84.3827
91.7056 82.4238
96.1453 67.8331
98.4525 60.2522
100.5424 53.3847
83.0994 35.5252
83.0994 35.5252
103.2543 34.8514
95.4426 26.9563
86.6448 21.8592
86.6448 21.8592
92.017 5.3077
103.5223 -1.6396
99.1735 10.2765
90.6382 17.7674
90.6382 17.7674
77.5021 15.2839
65.2443 12.9664
64.6014 21.5461
56.4794 26.7911
48.2226 40.3066
51.3721 29.84
40.3082 33.9095
31.0938 29.1622
22.2936 24.6282
5.5686 16.0099
8.6088 7.9965
15.5955 -10.4155
34.0664 -2.8869
34.2353 11.9278
34.2554 13.7321
25.9206 7.3821
20.7408 8.5176
17.8539 38.4869
20.8791 38.4027
15.6804 57.987
13.7722 61.2761
5.9795 74.7124
5.2901 76.0319
22.312 76.217
30.9222 76.3112
38.7151 53.81
43.657 50.7004
64.3978 37.6533
66.9284 42.0345
69.5621 46.5946
69.888 47.1583
70.0278 52.4442
70.1333 56.4469
70.1345 56.4923
80.1892 70.3335
81.4091 72.0123
87.0714 79.4227
87.8729 80.4707
79.5358 81.304
99.6572 100.1555
100.516 98.655
122.9714 86.1417
114.8195 84.7408
100.537 58.2088
101.8061 51.0745
88.0803 61.6412
81.8469 64.6277
69.3382 70.6192
66.9779 68.9263
69.3885 62.3307
80.9795 51.1891
80.8989 47.3353
80.8083 43.0062
51.8748 50.9226
50 50
