OFV: 420.7131569030853
Runtime: 14.057674367009895
Gap: 0.0
repPt: {0: (50, 50), 15: (64.34749185881, 57.75522450800817), 16: (69.52496632425893, 46.45384978551012), 9: (83.33266665721095, 54.25839808299808), 10: (76.29782497370377, 80.38573116565534), 13: (82.39136902170921, 97.62756228531674), 14: (87.96328989235253, 113.39185967100934), 6: (81.76345696232457, 74.0668360448752), 5: (92.00474314040532, 53.86867803490317), 12: (63.94836423438765, 11.245067096444984), 11: (45.622923174221164, 17.788402093804898), 2: (18.79435986505485, -11.526030090661227), 1: (7.84841905915771, 9.658442807918888), 8: (15.895117406796905, 13.593475980903902), 7: (18.838913576237413, 31.218353372805407), 4: (0.6057959694229045, 65.58080239568737), 3: (31.001740599017083, 55.993578784893124)}
solType: IP_Optimal
lowerBound: 420.71320672401544
upperBound: 420.7131569030853
Path: 
50 50
64.3475 57.7552
69.525 46.4538
83.3327 54.2584
76.2978 80.3857
82.3914 97.6276
87.9633 113.3919
81.7635 74.0668
92.0047 53.8687
63.9484 11.2451
45.6229 17.7884
18.7944 -11.526
7.8484 9.6584
15.8951 13.5935
18.8389 31.2184
0.6058 65.5808
31.0017 55.9936
50 50
