OFV: 294.8216540860604
Runtime: 3.233787927980302
Gap: 0.0
repPt: {0: (50, 50), 10: (51.67891093089853, 38.26498733494903), 9: (56.06556434521062, 7.621352228729472), 7: (59.023204677409844, 4.646380856471638), 8: (53.93050646738975, -13.323194008514264), 2: (24.38404433176331, 49.56133633889026), 1: (18.847658254713078, 61.345506993122086), 4: (57.53604915249127, 108.79743762754501), 3: (65.21746552442227, 87.75242911533387), 6: (80.82442503700415, 79.14166971280417), 5: (65.30248040999483, 54.30186983414242)}
solType: IP_Optimal
lowerBound: 294.8217378644558
upperBound: 294.8216540860604
Path: 
50 50
51.6789 38.265
56.0656 7.6214
59.0232 4.6464
53.9305 -13.3232
24.384 49.5613
18.8477 61.3455
57.536 108.7974
65.2175 87.7524
80.8244 79.1417
65.3025 54.3019
50 50
