OFV: 246.77458353020867
Runtime: 0.07976030895952135
Gap: None
repPt: {0: (50, 50), 9: (24.321233149465456, 47.43329781313723), 10: (34.39702399490428, 68.70982027370022), 14: (50.7043286962967, 74.52121829919169), 13: (57.619879321127286, 80.0085662506438), 7: (65.11422511230367, 85.95000962637356), 8: (73.21681790945009, 56.10360277226729), 3: (79.66302838223304, 49.19378357045157), 4: (90.36065798617085, 37.71952836557964), 1: (63.126369172843624, 20.77730923036097), 2: (48.22159731723242, 12.975506698561722), 11: (46.02841879876213, 11.827109567118496), 12: (37.98125728639011, 7.614531288418263), 6: (37.73376688969026, 24.683553421920777), 5: (47.02091122565258, 43.85330173172617)}
lowerBound: 246.77455667030603
upperBound: 246.77458353020867
solType: IP_Optimal
Path: 
50 50
24.3212 47.4333
34.397 68.7098
50.7043 74.5212
57.6199 80.0086
65.1142 85.95
73.2168 56.1036
79.663 49.1938
90.3607 37.7195
63.1264 20.7773
48.2216 12.9755
46.0284 11.8271
37.9813 7.6145
37.7338 24.6836
47.0209 43.8533
50 50
