OFV: 557.7418171031208
Runtime: 17.469442432004143
Gap: 0.0
repPt: {0: (50, 50), 6: (45.131921653408156, 53.13010648707751), 5: (31.459522267136173, 58.529834624730256), 20: (28.139043518027375, 62.51907726533005), 19: (9.881274541456763, 78.90163272888297), 1: (9.099648281370392, 71.2526537190777), 2: (6.0391986500187675, 41.453880236587196), 13: (4.295064772057117, 24.393405614867063), 14: (-16.507958631650286, 15.818406318354116), 9: (6.242745741807587, 10.12641886803523), 10: (18.322355262896775, -18.907160690235997), 18: (64.8311231592896, -6.350520460784942), 17: (58.22858945958919, 23.046932201958896), 12: (59.06366868210921, 16.7993268245208), 11: (64.71787397972882, 48.584917821821534), 8: (65.91253583445321, 55.31212877436176), 7: (87.09715020347343, 31.38050849045896), 3: (94.72122928905749, 22.75710761525653), 4: (124.63644791111675, 10.978235740221132), 16: (81.08318576103235, 109.71677212601088), 15: (60.86387038967626, 81.82022121211254)}
solType: IP_Optimal
lowerBound: 557.7418543374155
upperBound: 557.7418171031208
Path: 
50 50
45.1319 53.1301
31.4595 58.5298
28.139 62.5191
9.8813 78.9016
9.0996 71.2527
6.0392 41.4539
4.2951 24.3934
-16.508 15.8184
6.2427 10.1264
18.3224 -18.9072
64.8311 -6.3505
58.2286 23.0469
59.0637 16.7993
64.7179 48.5849
65.9125 55.3121
87.0972 31.3805
94.7212 22.7571
124.6364 10.9782
81.0832 109.7168
60.8639 81.8202
50 50
