OFV: 259.85322118527176
Runtime: 8.243495425966103
Gap: 5.4593234406960625e-08
repPt: {0: (50, 50), 1: (50.900443590109596, 50.10508009815595), 2: (67.89636366675366, 52.100767183319306), 8: (84.5759213954364, 49.645977987232854), 7: (58.712385864865084, 61.095893666543724), 3: (57.737109433157606, 61.44201373228624), 4: (26.466511438401756, 72.51943985814131), 9: (3.096439961600681, 80.79934166757442), 10: (-2.8031579422598982, 69.18966955748768), 5: (24.072728138512254, 7.365699777712672), 6: (20.700922374656, 18.342983852575617), 12: (20.641565482402445, 18.536113237693517), 11: (37.068506674191774, 25.458783086859945)}
solType: IP_Optimal
lowerBound: 259.85320699904395
upperBound: 259.85322118527176
Path: 
50 50
50.9004 50.1051
67.8964 52.1008
84.5759 49.646
58.7124 61.0959
57.7371 61.442
26.4665 72.5194
3.0964 80.7993
-2.8032 69.1897
24.0727 7.3657
20.7009 18.343
20.6416 18.5361
37.0685 25.4588
50 50
