OFV: 424.1247515000899
Runtime: 173.18583012995077
Gap: -7.839315931195234e-08
repPt: {0: (50, 50), 18: (49.93195264659635, 52.00264531357211), 17: (48.82920657833233, 84.83282287370643), 1: (64.87711154982051, 91.83934344279942), 2: (80.20747582814114, 98.53112850900293), 12: (70.61277794426849, 108.96831224395822), 10: (71.90751432190036, 99.00713361814414), 11: (74.81515225598712, 76.66353611483251), 9: (79.20389798951585, 69.49615564659126), 13: (87.14849367629209, 85.09078552721961), 14: (109.41652066798196, 65.6268468326966), 16: (106.96481641459106, 60.1329973714545), 15: (98.56568306843148, 55.79155834226738), 4: (98.39415579847545, 6.36380057796433), 3: (68.95729547094581, 5.0778891333022), 19: (69.30495920348929, 4.3052446842683985), 20: (82.59447494874956, -10.832608064889582), 6: (55.8373927845224, -24.128523860729345), 5: (51.69322421455026, -1.590947012979269), 8: (35.460445087249155, 6.664798964716507), 7: (18.121482859499388, 15.482628557861963)}
solType: IP_Optimal
lowerBound: 424.12478474856914
upperBound: 424.1247515000899
Path: 
50 50
49.932 52.0026
48.8292 84.8328
64.8771 91.8393
80.2075 98.5311
70.6128 108.9683
71.9075 99.0071
74.8152 76.6635
79.2039 69.4962
87.1485 85.0908
109.4165 65.6268
106.9648 60.133
98.5657 55.7916
98.3942 6.3638
68.9573 5.0779
69.305 4.3052
82.5945 -10.8326
55.8374 -24.1285
51.6932 -1.5909
35.4604 6.6648
18.1215 15.4826
50 50
