OFV: 297.195582117502
Runtime: 8.078072847012663
Gap: 4.265388330978616e-09
repPt: {0: (50, 50), 4: (64.93568445613691, 6.412273858648579), 3: (46.23949727325772, 6.464499182146987), 7: (23.796696106529346, 42.71826427607903), 6: (40.58675900392382, 65.89232187724066), 8: (42.61760780364684, 69.5210994758125), 10: (43.76362108782004, 71.5686365713123), 9: (43.81382875827679, 89.24945119406537), 5: (43.82304818744766, 92.33904451469517), 1: (13.582214885407147, 86.31520357704345), 2: (-11.070848587054837, 81.40412319354687), 12: (33.92858577618564, 41.86033063578396), 11: (48.09251962191243, 49.033760925458445)}
solType: IP_Optimal
lowerBound: 297.19558084984743
upperBound: 297.195582117502
Path: 
50 50
64.9357 6.4123
46.2395 6.4645
23.7967 42.7183
40.5868 65.8923
42.6176 69.5211
43.7636 71.5686
43.8138 89.2495
43.823 92.339
13.5822 86.3152
-11.0708 81.4041
33.9286 41.8603
48.0925 49.0338
50 50
