OFV: 344.55916646959287
Runtime: 25.271323720999135
Gap: 1.0784420868837483e-07
repPt: {0: (50, 50), 10: (47.052668713696036, 42.369200699590245), 9: (47.40553124415676, 14.93755202551497), 5: (47.42441877378312, 13.465634917187975), 6: (35.207087295034434, 12.988253730373241), 2: (14.467747434659042, 34.12993097438023), 1: (16.83312393482342, 20.429891937480228), 14: (18.28291850390392, 14.800454754958647), 13: (7.469354536382413, 2.5535496554731822), 18: (32.59832303039176, 1.0932130524659252), 17: (58.796339667786064, 6.202001005380347), 16: (75.73990701617019, 9.50546654240948), 15: (52.94243081978399, 33.24944582235063), 7: (51.50071024012117, 29.852925209900143), 8: (58.67196328092913, 41.039565602636266), 3: (64.74296833068185, 50.50592949374473), 4: (57.04046574282349, 83.21864264143748), 11: (35.73229555062932, 86.96089554600789), 12: (53.21958968218155, 67.96140736230831)}
solType: IP_Optimal
lowerBound: 344.5591293108822
upperBound: 344.55916646959287
Path: 
50 50
47.0527 42.3692
47.4055 14.9376
47.4244 13.4656
35.2071 12.9883
14.4677 34.1299
16.8331 20.4299
18.2829 14.8005
7.4694 2.5535
32.5983 1.0932
58.7963 6.202
75.7399 9.5055
52.9424 33.2494
51.5007 29.8529
58.672 41.0396
64.743 50.5059
57.0405 83.2186
35.7323 86.9609
53.2196 67.9614
50 50
