OFV: 1305.5984142250645
Runtime: 134.2855230299756
Gap: None
Path: 
50 50
47.5212 59.7408
63.7546 64.8492
59.9549 63.5084
42.6964 94.2611
39.4643 96.0031
25.1348 89.8785
14.7203 85.4248
13.9432 116.6521
9.8928 107.015
4.7536 94.7802
5.342 94.9429
32.7331 105.9002
40.5002 102.9983
55.7708 109.9122
67.8391 106.9145
58.0033 81.3009
70.4732 77.3532
81.6406 92.5051
96.5498 106.3946
96.5498 106.3945
89.4413 87.3094
89.2998 83.8721
89.6596 65.7668
98.4685 74.1008
99.4029 73.2961
104.6206 61.951
99.7466 55.7531
99.9802 45.6437
103.2343 30.0129
104.0763 25.9816
96.3281 38.2956
95.9736 38.8609
90.028 53.7189
83.4444 70.17
83.4548 69.98
84.8964 42.397
85.0993 38.5655
82.0 33.719
73.8419 20.975
66.6414 21.4263
63.2443 14.0027
60.4192 7.8253
55.9086 4.0938
26.0849 8.8572
24.8736 15.0518
20.8378 35.692
23.9387 40.2274
13.8014 41.9373
17.8 40.483
7.4829 36.6212
5.08 39.1851
13.7267 23.9997
17.676 17.0652
30.6679 8.7396
34.9313 8.3632
41.2506 11.0477
46.3171 13.2
69.8784 3.4825
70.5663 6.5585
73.9527 21.7072
66.2223 19.4204
66.755 21.2214
83.4136 28.6102
98.5648 36.3167
88.7922 24.3169
100.5196 13.5429
99.341 12.8768
100.7238 -7.0883
95.6159 -3.5021
77.2197 9.4128
71.478 13.4439
48.4883 29.5357
55.2377 32.6632
70.9733 39.9466
74.7231 36.1849
83.619 38.2864
95.6568 41.1303
98.8976 46.0265
110.2681 48.5267
128.3572 52.503
125.9057 35.5457
97.3372 29.367
94.7374 27.4415
68.2328 7.8316
74.619 6.4471
79.558 -7.4827
53.6004 -18.2607
31.1469 4.6687
30.5348 5.6221
33.327 23.9373
35.7725 39.9594
36.2352 42.9768
36.879 47.1792
22.9605 59.4851
31.2494 73.9084
7.2262 60.9646
8.8382 62.5044
28.2821 39.4587
29.646 38.1667
47.8864 47.2104
50 50
