OFV: 405.76587170746274
Runtime: 721.764402610017
Gap: 0.0
repPt: {0: (50, 50), 10: (38.402090522713756, 60.05612645407459), 9: (17.305389070569298, 70.89280182997581), 3: (14.918260149568008, 83.48383695261992), 4: (39.35010113439623, 100.08085510932871), 13: (20.871443615185576, 69.8636871580704), 14: (14.319906231731716, 59.15000306280032), 18: (11.992918363799582, 40.43416654762146), 17: (12.421774624131594, 15.6950797236918), 12: (13.17093119014307, 22.708483231463877), 11: (3.5718317044723857, 8.69476751193476), 19: (5.486639092907481, 17.687584915351362), 20: (-12.107291476967957, 9.469934966915348), 1: (3.0226293376854017, 4.310770322348543), 2: (-0.1537803822259042, -16.205222709367355), 16: (26.860338327599283, -17.053567048743638), 15: (40.25039175070192, 12.386041187077556), 8: (71.56024883634333, 4.228150860078381), 7: (64.91013854800342, 24.673810662063314), 5: (64.49369186617949, 25.954791532403473), 6: (60.108596867509675, 39.434095995956866)}
solType: IP_Optimal
lowerBound: 405.7658807470711
upperBound: 405.76587170746274
Path: 
50 50
38.4021 60.0561
17.3054 70.8928
14.9183 83.4838
39.3501 100.0809
20.8714 69.8637
14.3199 59.15
11.9929 40.4342
12.4218 15.6951
13.1709 22.7085
3.5718 8.6948
5.4866 17.6876
-12.1073 9.4699
3.0226 4.3108
-0.1538 -16.2052
26.8603 -17.0536
40.2504 12.386
71.5602 4.2282
64.9101 24.6738
64.4937 25.9548
60.1086 39.4341
50 50
