OFV: 698.4730361346719
Runtime: 238.57292406004854
Gap: None
repPt: {0: (50, 50), 3: (45.96353934584533, 52.027392014193595), 4: (66.10659805934105, 33.56557203312768), 59: (66.75062494367417, 34.44781734221844), 60: (72.59629907089449, 42.45745550805924), 37: (62.50182421506078, 42.22721228800406), 38: (75.43625777780599, 52.15655304952472), 33: (77.20265117404372, 53.51159016427619), 34: (86.3094678297311, 48.05789878191996), 57: (86.30948069024643, 48.0578905986468), 58: (107.45535151780878, 34.65603268445869), 10: (121.75822091653447, 25.59100911743268), 9: (99.9959640397324, 29.16448967729845), 52: (99.99594265895536, 29.164493143552104), 51: (88.1008349289793, 31.80187280554082), 32: (88.47287396274332, 30.278737184435844), 31: (62.469299439764264, 26.171056233633042), 29: (62.469266308841505, 26.17105919565749), 30: (60.76764508670849, 14.661155741787304), 36: (59.74257670947702, 7.721633947454784), 35: (43.014696959163366, 2.9925843961151033), 45: (43.175004334774776, 2.4308520252026007), 46: (50.29018811035627, -22.438651767668023), 8: (10.676864834813077, -17.37751928231293), 7: (8.719241755311714, -0.6228666511491515), 54: (8.526163215959727, 1.037354779220641), 53: (7.272538857640093, 11.779156614107544), 5: (8.845411029719775, 9.185223609026384), 6: (13.47431642657542, 19.69274168070986), 42: (21.87050377365837, 38.74717150767851), 41: (23.54508634926738, 45.62393561728251), 2: (26.435925268778185, 44.92570970017799), 1: (18.62384251032526, 68.09006871666404), 21: (14.9866439762902, 78.87090252305804), 22: (11.86062858750946, 89.93915738474202), 39: (11.860623330714581, 89.93914270234443), 40: (26.571569294182016, 109.54703087685249), 14: (23.227975624226236, 104.84141743474537), 13: (16.09095053228046, 90.02056787255377), 16: (30.075474077524255, 89.53143270259567), 15: (29.847708919135165, 83.33811834332411), 17: (29.73178369184206, 80.19869530407816), 18: (49.128229520408794, 85.63238180027729), 47: (47.87454357461686, 84.93289944993492), 48: (46.80168636076961, 104.31800094561609), 49: (46.987481331549944, 102.21663993833727), 50: (55.38839362727141, 98.99680089348129), 55: (56.332217610999656, 99.42597899951396), 56: (70.38277688903375, 105.80719158721841), 26: (102.42960718763136, 87.58547348509597), 25: (99.53986837353304, 79.65387920887493), 24: (99.53987684411369, 79.6538862989495), 23: (89.4693764987347, 77.50776748666725), 20: (88.43915098257268, 77.28794091062457), 19: (61.19637341118235, 71.4815484046884), 27: (60.84987097431954, 71.4076343130072), 28: (62.96986975242848, 57.092588043105025), 12: (60.386654331787554, 58.590933275158235), 11: (51.81965505727611, 63.55727778294458), 43: (35.18618791918638, 63.86763105226478), 44: (49.89073406189867, 50.10222250192039)}
lowerBound: 698.472955029217
upperBound: 698.4730361346719
solType: IP_Optimal
Path: 
50 50
45.9635 52.0274
66.1066 33.5656
66.7506 34.4478
72.5963 42.4575
62.5018 42.2272
75.4363 52.1566
77.2027 53.5116
86.3095 48.0579
86.3095 48.0579
107.4554 34.656
121.7582 25.591
99.996 29.1645
99.9959 29.1645
88.1008 31.8019
88.4729 30.2787
62.4693 26.1711
62.4693 26.1711
60.7676 14.6612
59.7426 7.7216
43.0147 2.9926
43.175 2.4309
50.2902 -22.4387
10.6769 -17.3775
8.7192 -0.6229
8.5262 1.0374
7.2725 11.7792
8.8454 9.1852
13.4743 19.6927
21.8705 38.7472
23.5451 45.6239
26.4359 44.9257
18.6238 68.0901
14.9866 78.8709
11.8606 89.9392
11.8606 89.9391
26.5716 109.547
23.228 104.8414
16.091 90.0206
30.0755 89.5314
29.8477 83.3381
29.7318 80.1987
49.1282 85.6324
47.8745 84.9329
46.8017 104.318
46.9875 102.2166
55.3884 98.9968
56.3322 99.426
70.3828 105.8072
102.4296 87.5855
99.5399 79.6539
99.5399 79.6539
89.4694 77.5078
88.4392 77.2879
61.1964 71.4815
60.8499 71.4076
62.9699 57.0926
60.3867 58.5909
51.8197 63.5573
35.1862 63.8676
49.8907 50.1022
50 50
