OFV: 1367.361497849117
Runtime: 82.82881920598447
Gap: None
Path: 
50 50
52.9177 50.4154
68.6354 52.6434
65.4914 48.2533
71.697 79.7205
72.9411 83.3542
83.1298 113.161
68.2375 111.9863
61.9089 100.2319
60.1255 96.9192
83.2771 98.3811
93.1879 99.0091
96.0168 85.7168
95.2063 83.9078
84.2371 59.3782
83.3173 59.0253
88.3684 75.7528
92.2312 76.0111
107.3193 77.0194
122.8216 78.0546
99.5231 65.1975
95.3285 67.9828
90.8924 69.3
83.7006 67.2004
73.1846 64.1315
67.9481 62.6032
63.1345 61.1983
62.4448 57.2963
49.566 44.634
47.3717 41.6521
45.9375 32.1717
45.5957 29.9076
43.4699 15.8681
46.2823 14.4298
16.3989 21.3806
19.047 22.1488
49.9622 31.1365
53.6628 32.2107
30.9795 51.0197
18.287 61.5415
8.0987 78.9887
11.3847 85.4567
15.294 93.1517
27.009 98.7415
40.3032 105.0858
30.1124 100.0115
37.5989 126.6083
52.0249 112.9604
51.1838 87.904
48.4135 82.0179
33.8777 69.5592
33.7011 72.7592
21.4355 74.3657
20.9538 73.3488
9.5258 49.2019
8.1625 46.3235
6.0526 41.8687
7.287 27.3629
7.4236 25.7728
10.5104 17.7373
28.0053 35.5452
32.2181 40.3238
44.326 58.6603
44.3233 59.8634
44.277 89.0174
40.7673 88.0758
23.3413 83.3987
20.0992 82.529
37.5053 65.2211
35.4387 62.6075
18.2204 40.8108
15.479 37.3434
39.5145 29.0665
42.7795 23.6615
67.9213 6.512
89.9874 9.026
90.5019 29.1389
90.9718 30.0251
98.9945 45.1454
105.0223 56.5086
90.1529 54.7964
85.2261 54.8822
57.2127 60.5976
52.3449 64.7278
68.5776 70.1025
76.5159 71.7421
71.1723 40.4475
64.4333 34.39
37.8338 10.4703
37.0577 9.7732
22.8642 4.6209
25.7181 -5.8158
15.7464 1.7227
5.6851 4.7149
20.81 31.0914
24.5698 37.6472
27.737 18.5963
22.7932 13.507
26.2614 42.3639
26.3792 43.3493
49.5218 49.8657
50 50
