OFV: 920.4041910337093
Runtime: 0.3073649570578709
Gap: None
repPt: {0: (50, 50), 11: (61.79714333682058, 45.784673824987884), 12: (91.6493412779394, 63.90042828551593), 7: (91.64935897117394, 63.900413555546706), 8: (109.55705555673244, 60.482304047590745), 15: (101.92820922841044, 62.046553231546696), 16: (109.97307109646019, 83.26375892043592), 56: (113.23066371619151, 91.85982458058244), 55: (93.85395009136646, 89.6606277147433), 40: (90.93439146513816, 89.3316271951842), 39: (71.57701961645516, 85.85407167052513), 46: (71.57699923367592, 85.85405892221964), 45: (59.343458877008636, 88.87969805878495), 14: (63.982641013175986, 92.27331246337431), 13: (59.95701434376656, 72.33038214512143), 30: (59.84368110459718, 72.39490338924844), 29: (33.60666159436566, 87.32098627319206), 24: (32.41147377204336, 88.0013064333007), 23: (22.320008140558496, 83.02350089750024), 54: (24.19817179197777, 83.4798600328491), 53: (23.071260149081745, 55.90816301054692), 19: (17.755944130494097, 55.13241859279675), 20: (15.383181079530628, 68.52264864095169), 25: (4.152399536341236, 74.34020849273442), 26: (9.701246985878727, 51.47338056682795), 21: (9.447376360142515, 60.35351479325061), 22: (16.529479925888808, 50.313123233789625), 32: (23.077816885517382, 45.62114372255044), 31: (5.4144984898775235, 12.679964952961486), 35: (4.29575292966246, 11.340424361449534), 36: (21.556578150703956, -14.692217492138145), 6: (43.308465247979306, -8.774789370915824), 5: (28.390366279677547, -2.1886778136347793), 18: (16.559276800420196, -0.6262552497642739), 17: (16.60417553209031, 12.033885754139808), 51: (22.817563505989252, 19.073444370693924), 52: (44.77264530084401, 25.65516461826623), 27: (48.21720955371638, 25.975971326732363), 28: (84.10550752165145, 29.318300255602868), 3: (70.26706533058402, 28.925778088810258), 4: (68.36685118564793, 4.886536971416022), 60: (61.77182079250437, -4.937334791144881), 59: (56.86113908440919, 12.429772370090902), 33: (61.61682381566609, 10.297724503034463), 34: (83.71341427575629, 18.205807994214723), 1: (99.91413973489219, 10.013757284189923), 2: (133.9342852468525, 9.587512790664327), 42: (111.11787985971918, 24.804579546711636), 41: (99.57518948393816, 52.64367913055243), 38: (105.27911715042113, 56.53635585750276), 37: (79.1105160760846, 49.27274751918394), 50: (88.2561108228921, 40.57248058079021), 49: (72.15602590442957, 51.298484818383415), 43: (72.72378434986035, 48.28247610129327), 44: (84.1281176362331, 75.06173785392461), 48: (84.12814306635148, 75.06177976532489), 47: (81.41062367513648, 58.40418090057815), 58: (76.59961233683826, 60.27171896109292), 57: (57.71036581000294, 66.3449940251216), 10: (52.53255409269779, 69.312194279708), 9: (50.275705225314134, 52.101977531225806)}
lowerBound: 920.4040765627818
upperBound: 920.4041910337093
solType: IP_Optimal
Path: 
50 50
61.7971 45.7847
91.6493 63.9004
91.6494 63.9004
109.5571 60.4823
101.9282 62.0466
109.9731 83.2638
113.2307 91.8598
93.854 89.6606
90.9344 89.3316
71.577 85.8541
71.577 85.8541
59.3435 88.8797
63.9826 92.2733
59.957 72.3304
59.8437 72.3949
33.6067 87.321
32.4115 88.0013
22.32 83.0235
24.1982 83.4799
23.0713 55.9082
17.7559 55.1324
15.3832 68.5226
4.1524 74.3402
9.7012 51.4734
9.4474 60.3535
16.5295 50.3131
23.0778 45.6211
5.4145 12.68
4.2958 11.3404
21.5566 -14.6922
43.3085 -8.7748
28.3904 -2.1887
16.5593 -0.6263
16.6042 12.0339
22.8176 19.0734
44.7726 25.6552
48.2172 25.976
84.1055 29.3183
70.2671 28.9258
68.3669 4.8865
61.7718 -4.9373
56.8611 12.4298
61.6168 10.2977
83.7134 18.2058
99.9141 10.0138
133.9343 9.5875
111.1179 24.8046
99.5752 52.6437
105.2791 56.5364
79.1105 49.2727
88.2561 40.5725
72.156 51.2985
72.7238 48.2825
84.1281 75.0617
84.1281 75.0618
81.4106 58.4042
76.5996 60.2717
57.7104 66.345
52.5326 69.3122
50.2757 52.102
50 50
