OFV: 1089.4329620118451
Runtime: 11.929578454932198
Gap: None
repPt: {0: (50, 50), 21: (57.10149236674993, 48.08697572338506), 22: (73.40732042297311, 43.69449999274675), 73: (73.4073201208501, 43.69452036068946), 74: (77.83636294350933, 24.493044712642273), 44: (78.34557298648998, 28.68164528071825), 43: (62.42221497254044, 2.921478649036504), 11: (62.42221208511483, 2.921465325376527), 12: (79.16438650723379, -13.775090635548539), 57: (80.61454163246822, -1.8308623555079029), 58: (96.63383548276369, -12.250489251408354), 28: (96.54447755951638, -11.985891452796254), 27: (90.52254840353037, 5.807649274759203), 38: (88.54468524454893, 4.897906179592593), 37: (59.84398844832363, 20.179641206122565), 29: (58.758504157809874, 20.757165249086373), 30: (73.02863664270123, 24.11665432525265), 67: (73.43565342103116, 24.212473820259863), 68: (91.33952415899276, 28.427438786483176), 51: (86.5083076025649, 30.960025505285536), 52: (107.40658010180657, 24.176106250593723), 54: (107.01856718748877, 23.547825556920742), 53: (101.06861130846924, 13.882208102383041), 5: (99.26062651096866, 10.950204721194844), 6: (101.7608568676055, 41.39672355095783), 80: (101.76085800235307, 41.39670930870206), 79: (92.74065362804978, 69.75636721300975), 16: (93.53420402854364, 65.70658715770853), 15: (78.63432317300969, 83.28987168929437), 3: (78.63432491259553, 83.28985659113233), 4: (86.94506487981357, 65.91070069033397), 24: (82.36870368065097, 73.63121074430009), 23: (68.36354735863887, 70.80265879114896), 45: (68.36356861812236, 70.80267618548031), 46: (87.26480096101811, 57.72687382658721), 72: (87.2365219902177, 57.668505242940995), 71: (76.79346012770924, 36.095732306794886), 33: (76.48413244709874, 36.619590540743), 34: (100.60016931154516, 25.041147135808018), 20: (99.45199952644047, 24.51316049477179), 19: (77.99730893069176, 14.653198346637627), 40: (76.05238722868437, 14.546162603820264), 39: (40.07298643347201, 12.564061926639893), 61: (30.253964414896757, 4.076931736541165), 62: (38.80363696475882, 0.03831458007122812), 31: (46.9913850458116, 15.788547623476088), 32: (62.3572128610337, 30.316974367088147), 76: (56.7845723416737, 30.95261177510849), 75: (28.284689634602348, 34.210588062803), 7: (24.333154311682115, 34.66090296205764), 8: (31.013609795146458, 53.84952051183344), 25: (31.01360078304169, 53.84949529217103), 26: (59.41831689258381, 67.65705750592112), 66: (61.52294791245173, 70.45896581459704), 65: (42.75843525770008, 47.3453657648424), 42: (42.59072042166929, 47.11669956891456), 41: (23.938152327145637, 21.68399718998612), 50: (25.054055871799232, 20.881920263429162), 49: (5.291008704578912, 25.630466914209862), 69: (11.204109419539721, 31.91928340501771), 70: (21.59123421405889, 56.80014877095341), 13: (23.90719915464526, 62.34852404813204), 14: (47.73203192478764, 84.65561561249345), 2: (44.708091909318114, 84.11010544302306), 1: (28.167319102949378, 81.12911442302538), 18: (26.837769645537033, 85.99346224462198), 17: (12.92808095131716, 67.8607739503385), 36: (12.893127755590976, 68.93479733683527), 35: (5.012995151465291, 75.67119836879016), 59: (5.012976796587861, 75.67120562222347), 60: (17.92840826151776, 79.96776359965223), 9: (9.024195354695383, 80.92683792890732), 10: (14.986564947546585, 103.20348186030043), 55: (15.550615717113319, 101.58837463938214), 56: (35.49158443064882, 122.59755345970663), 48: (64.46826707171066, 115.28419052326163), 47: (61.70107393776538, 93.60882821303143), 78: (61.568071201813225, 93.40167696171731), 77: (45.02970533772099, 67.63546710482531), 63: (47.899342906961955, 65.38624079436578), 64: (57.610697897007626, 57.77309860037641)}
lowerBound: 1089.432836793447
upperBound: 1089.4329620118451
solType: IP_Optimal
Path: 
50 50
57.1015 48.087
73.4073 43.6945
73.4073 43.6945
77.8364 24.493
78.3456 28.6816
62.4222 2.9215
62.4222 2.9215
79.1644 -13.7751
80.6145 -1.8309
96.6338 -12.2505
96.5445 -11.9859
90.5225 5.8076
88.5447 4.8979
59.844 20.1796
58.7585 20.7572
73.0286 24.1167
73.4357 24.2125
91.3395 28.4274
86.5083 30.96
107.4066 24.1761
107.0186 23.5478
101.0686 13.8822
99.2606 10.9502
101.7609 41.3967
101.7609 41.3967
92.7407 69.7564
93.5342 65.7066
78.6343 83.2899
78.6343 83.2899
86.9451 65.9107
82.3687 73.6312
68.3635 70.8027
68.3636 70.8027
87.2648 57.7269
87.2365 57.6685
76.7935 36.0957
76.4841 36.6196
100.6002 25.0411
99.452 24.5132
77.9973 14.6532
76.0524 14.5462
40.073 12.5641
30.254 4.0769
38.8036 0.0383
46.9914 15.7885
62.3572 30.317
56.7846 30.9526
28.2847 34.2106
24.3332 34.6609
31.0136 53.8495
31.0136 53.8495
59.4183 67.6571
61.5229 70.459
42.7584 47.3454
42.5907 47.1167
23.9382 21.684
25.0541 20.8819
5.291 25.6305
11.2041 31.9193
21.5912 56.8001
23.9072 62.3485
47.732 84.6556
44.7081 84.1101
28.1673 81.1291
26.8378 85.9935
12.9281 67.8608
12.8931 68.9348
5.013 75.6712
5.013 75.6712
17.9284 79.9678
9.0242 80.9268
14.9866 103.2035
15.5506 101.5884
35.4916 122.5976
64.4683 115.2842
61.7011 93.6088
61.5681 93.4017
45.0297 67.6355
47.8993 65.3862
57.6107 57.7731
50 50
