OFV: 353.2727494664622
Runtime: 0.09524311788845807
Gap: None
repPt: {0: (50, 50), 3: (56.338520399841784, 47.61945069128947), 4: (36.598434028054086, 45.42223295817487), 14: (43.179623342521445, 32.42683372412446), 13: (48.755628369380105, 21.415876209757155), 2: (48.05062462006344, 30.716485100187), 1: (59.87390154500017, 14.827360200067828), 5: (66.03855800875863, 6.542672462775612), 6: (72.03858557687238, -13.05583830899629), 18: (105.67446039075881, 19.766209091788205), 17: (88.22794343657318, 21.6469586061344), 8: (87.99888563804616, 20.5820891191321), 7: (77.12225225434587, 27.029670208622044), 16: (74.51589581785167, 42.42986226838962), 15: (71.3802866165632, 54.05645064007802), 10: (81.33685438040949, 75.10595165660808), 9: (77.07152506107914, 96.27866359300418), 12: (60.21348988717305, 113.77560974713491), 11: (56.216499761534934, 97.0901447899589)}
lowerBound: 353.2727061199886
upperBound: 353.2727494664622
solType: IP_Optimal
Path: 
50 50
56.3385 47.6195
36.5984 45.4222
43.1796 32.4268
48.7556 21.4159
48.0506 30.7165
59.8739 14.8274
66.0386 6.5427
72.0386 -13.0558
105.6745 19.7662
88.2279 21.647
87.9989 20.5821
77.1223 27.0297
74.5159 42.4299
71.3803 54.0565
81.3369 75.106
77.0715 96.2787
60.2135 113.7756
56.2165 97.0901
50 50
