OFV: 370.45993368796724
Runtime: 393.8332809690037
Gap: -6.060935751973019e-07
repPt: {0: (50, 50), 1: (40.91691569503842, 7.370592904255012), 2: (46.74332054247231, 1.4778465893230317), 18: (57.94106505766915, 17.151663759875415), 17: (71.40071515220163, 35.98755616899578), 11: (91.71096407173282, 40.79194902637241), 12: (69.79588460898924, 48.635427013472096), 13: (68.65642130444722, 42.434371993666325), 14: (70.69686979701414, 64.28302092942224), 4: (70.09036097267813, 65.03415422151146), 3: (77.19203194182974, 86.24792042096543), 5: (77.09477314003738, 86.24890637623514), 6: (63.345745333325326, 86.45186919131154), 7: (63.43316870911454, 89.69043752340659), 8: (63.86478727618346, 106.22933713361037), 20: (63.8951349199395, 107.3243542876047), 19: (38.03369024316037, 94.87706895311712), 9: (35.74184053072049, 95.55228779587387), 10: (15.372843038083136, 101.53037235999733), 15: (12.309919454144472, 95.92985481451198), 16: (-2.661902639998722, 68.60069373507119)}
solType: IP_Optimal
lowerBound: 370.4601582213529
upperBound: 370.45993368796724
Path: 
50 50
40.9169 7.3706
46.7433 1.4778
57.9411 17.1517
71.4007 35.9876
91.711 40.7919
69.7959 48.6354
68.6564 42.4344
70.6969 64.283
70.0904 65.0342
77.192 86.2479
77.0948 86.2489
63.3457 86.4519
63.4332 89.6904
63.8648 106.2293
63.8951 107.3244
38.0337 94.8771
35.7418 95.5523
15.3728 101.5304
12.3099 95.9299
-2.6619 68.6007
50 50
