OFV: 315.3523310975008
Runtime: 46.08034706115723
Gap: 0
repPt: {0: (50, 50), 1: (37.774932071793025, 86.78888896025359), 2: (7.264121028359737, 71.45983214921907), 3: (64.37814663567588, 56.898513544626766), 4: (72.65879094131724, 65.65949417231604), 5: (58.71530223939822, 62.32936598808435), 6: (47.88625432511351, 61.95404643175111), 7: (47.45378108155358, 24.537364674038443), 8: (19.764596753324618, 12.378266644567937), 9: (7.916090513838549, 63.823073280510734), 10: (10.631439219446737, 31.987319859079825), 11: (97.00347730974082, 91.40043318812033), 12: (107.15003233958858, 102.13468467482838)}
solType: IP_Optimal
lowerBound: 315.35230959496033
upperBound: 315.3523310975008
Path: 
50 50
47.8863 61.954
58.7153 62.3294
64.3781 56.8985
72.6588 65.6595
97.0035 91.4004
107.15 102.1347
37.7749 86.7889
7.2641 71.4598
7.9161 63.8231
10.6314 31.9873
19.7646 12.3783
47.4538 24.5374
50 50
