OFV: 390.1783666794212
Runtime: 3601.6324783599994
Gap: 0.07134455266000836
repPt: {0: (50, 50), 7: (6.852699319185045, 11.926016514125205), 8: (-12.465607330713372, -5.116855123715711), 5: (6.427101044865329, -0.876520062040167), 6: (9.798765204756172, -2.241177242183569), 17: (43.27269174464873, -2.8115327109617323), 18: (57.5347664985223, -19.955064147105407), 10: (58.87068635555743, -15.163774507675603), 9: (62.54690572238112, 6.108754765239517), 2: (64.37481003445765, 36.27933079409509), 1: (60.950879745517256, 45.57215164059212), 13: (73.67025814025664, 64.54591750146622), 14: (91.29379272549357, 90.8344525384471), 4: (87.54422967123003, 89.0664580689306), 3: (60.402297961590854, 76.28195583268602), 16: (54.94136887118248, 79.89585845437904), 15: (71.53605819734697, 85.50254231983517), 11: (68.02647030621023, 89.47566378695949), 12: (57.521982560716374, 66.4759421497391)}
solType: IP_TimeLimit
lowerBound: 362.34126565106516
upperBound: 390.1783666794212
Path: 
50 50
6.8527 11.926
-12.4656 -5.1169
6.4271 -0.8765
9.7988 -2.2412
43.2727 -2.8115
57.5348 -19.9551
58.8707 -15.1638
62.5469 6.1088
64.3748 36.2793
60.9509 45.5722
73.6703 64.5459
91.2938 90.8345
87.5442 89.0665
60.4023 76.282
54.9414 79.8959
71.5361 85.5025
68.0265 89.4757
57.522 66.4759
50 50
