OFV: 849.4713107506134
Runtime: 3600.92315526912
Gap: None
repPt: {0: (50, 50), 65: (51.121409958468476, 48.59828786939189), 66: (60.37107239561466, 37.03809875302721), 56: (60.371065766634814, 37.038089159853904), 55: (55.83104610621913, 59.60803345047821), 51: (55.831050613068165, 59.608018855697935), 52: (63.764882906104845, 75.1474663118529), 3: (63.80464110305344, 75.22536396764487), 4: (67.94306528908518, 61.92465781603361), 20: (67.94307120788935, 61.92466666426517), 19: (60.24911398044435, 57.94255932398917), 75: (60.249106981189755, 57.94256285461669), 76: (74.33622067028551, 61.411180319638646), 74: (72.52902507389217, 62.27349879839054), 73: (62.243870181393014, 67.18324199669347), 68: (58.101236866491206, 71.05587924320757), 67: (48.655284343352, 79.88399273596747), 71: (56.590120683601846, 82.72661866671342), 72: (79.34661873458555, 69.73486994520445), 69: (80.826260225376, 68.89001563523745), 70: (99.92183435823426, 82.68442250573315), 54: (99.92182566672652, 82.68439910841082), 53: (89.56556229988148, 89.51182005365825), 11: (87.95113939492093, 84.27236813323294), 12: (99.42375619901254, 95.43148969890616), 30: (100.78398644307879, 97.92706890332613), 29: (86.43462273869996, 88.28527277951552), 37: (85.46161400832523, 92.91107146503398), 38: (80.46898963222665, 116.60800919471912), 58: (62.236339091824505, 113.45894828464166), 57: (45.51200463286591, 92.88206053875305), 62: (35.072131527902584, 92.61646842145281), 61: (8.934777698986249, 91.94677471318889), 50: (9.469534089153889, 90.05197649575894), 49: (11.642295303407423, 82.35170620100853), 77: (13.2387489984154, 76.69438882731976), 78: (21.744713483280655, 46.53685216294057), 22: (15.92981314166471, 48.67312896800768), 21: (10.152092884679925, 37.553586807712115), 27: (9.840356620349276, 31.861817903277284), 28: (9.18603615278324, 19.999115508616963), 40: (8.85702970166196, 13.991719370876167), 39: (7.562820442892533, 7.62683227885465), 7: (8.314636191195703, 7.268659200243218), 8: (31.36068474241189, -3.707480552586023), 13: (29.86042231824425, -3.5522586519132684), 14: (39.91322187167712, -29.645475073932765), 46: (104.23341263376189, -19.839421466346103), 45: (97.61450476100968, 0.21525898827098278), 34: (100.14687479610504, -0.6609865356493243), 33: (88.38684057684672, 6.283852192132247), 63: (82.98210314303114, 9.475545073844618), 64: (85.50782687395936, 22.56464963676413), 60: (85.89328379823345, 22.273257725371373), 59: (88.73303682522538, 34.88614557832445), 47: (89.64142645393349, 35.30049213287184), 48: (105.68657208876418, 42.61796376326571), 5: (105.68656123283813, 42.61796357865557), 6: (108.6909343264911, 42.3931892651768), 32: (108.82564965418656, 43.03864929036674), 31: (98.81269987889722, 49.66602541607154), 44: (101.60325331563052, 42.641566395014316), 43: (90.46053842110548, 36.39603262961831), 26: (90.01916607333133, 36.148933087092026), 25: (77.03142103324728, 28.315737856865994), 42: (71.29915892322637, 24.815972983306757), 41: (69.75326748932542, 32.45044768477267), 10: (69.753275016476, 32.45044789993219), 9: (58.73370870406655, 12.113027273805518), 17: (58.733709796822346, 12.113036519335346), 18: (65.47146140703563, 8.250793033889632), 24: (70.89063299771479, 13.377214344706694), 23: (51.95665943156202, 22.194237020546602), 2: (47.62152077311342, 24.213048547721925), 1: (28.86206297080632, 32.94870122935025), 35: (31.535225723044363, 37.716469745923256), 36: (36.21251890130764, 46.05973276777066), 80: (36.99358067599253, 45.25762036356902), 79: (41.19408223353069, 40.94590249263414), 16: (48.8647794054189, 38.45585886022717), 15: (49.949084951224634, 49.48130951134331)}
lowerBound: 832.945378011066
upperBound: 849.4713107506134
solType: IP_TimeLimit
Path: 
50 50
51.1214 48.5983
60.3711 37.0381
60.3711 37.0381
55.831 59.608
55.8311 59.608
63.7649 75.1475
63.8046 75.2254
67.9431 61.9247
67.9431 61.9247
60.2491 57.9426
60.2491 57.9426
74.3362 61.4112
72.529 62.2735
62.2439 67.1832
58.1012 71.0559
48.6553 79.884
56.5901 82.7266
79.3466 69.7349
80.8263 68.89
99.9218 82.6844
99.9218 82.6844
89.5656 89.5118
87.9511 84.2724
99.4238 95.4315
100.784 97.9271
86.4346 88.2853
85.4616 92.9111
80.469 116.608
62.2363 113.4589
45.512 92.8821
35.0721 92.6165
8.9348 91.9468
9.4695 90.052
11.6423 82.3517
13.2387 76.6944
21.7447 46.5369
15.9298 48.6731
10.1521 37.5536
9.8404 31.8618
9.186 19.9991
8.857 13.9917
7.5628 7.6268
8.3146 7.2687
31.3607 -3.7075
29.8604 -3.5523
39.9132 -29.6455
104.2334 -19.8394
97.6145 0.2153
100.1469 -0.661
88.3868 6.2839
82.9821 9.4755
85.5078 22.5646
85.8933 22.2733
88.733 34.8861
89.6414 35.3005
105.6866 42.618
105.6866 42.618
108.6909 42.3932
108.8256 43.0386
98.8127 49.666
101.6033 42.6416
90.4605 36.396
90.0192 36.1489
77.0314 28.3157
71.2992 24.816
69.7533 32.4504
69.7533 32.4504
58.7337 12.113
58.7337 12.113
65.4715 8.2508
70.8906 13.3772
51.9567 22.1942
47.6215 24.213
28.8621 32.9487
31.5352 37.7165
36.2125 46.0597
36.9936 45.2576
41.1941 40.9459
48.8648 38.4559
49.9491 49.4813
50 50
