OFV: 367.42854223925144
Runtime: 0.2530632699999842
Gap: 1.0487823617729982e-07
repPt: {0: (50, 50), 11: (51.05856230203035, 68.87774633469155), 12: (41.07542693411963, 74.6846205330475), 3: (38.34336680968418, 58.35646188788233), 4: (3.616517691118422, 60.80279690060141), 1: (10.913996835600042, 65.21054449184315), 2: (-13.013814945870852, 73.95165200287428), 8: (-1.2834180888925957, 23.09642528752908), 7: (3.6642930341005604, 3.071835312478667), 5: (7.577801844509527, 4.656426180260419), 6: (16.452532368317524, 14.523685108394238), 10: (94.64211975203867, -6.444521155984068), 9: (93.8846253755208, 21.63036925989801)}
solType: IP_Optimal
lowerBound: 367.428503703994
upperBound: 367.42854223925144
Path: 
50 50
51.0586 68.8777
41.0754 74.6846
38.3434 58.3565
3.6165 60.8028
10.914 65.2105
-13.0138 73.9517
-1.2834 23.0964
3.6643 3.0718
7.5778 4.6564
16.4525 14.5237
94.6421 -6.4445
93.8846 21.6304
50 50
