OFV: 826.9165031042864
Runtime: 329.53021041606553
Gap: None
Path: 
50 50
48.5482 37.1476
46.1398 31.785
36.9326 32.8548
29.1865 33.7557
29.1865 33.7557
32.0992 50.7448
35.5102 52.0293
43.6019 55.0721
51.2836 57.961
55.6335 59.5979
60.4784 55.5662
66.9504 50.1793
66.0762 38.8755
65.5989 32.7263
65.8675 30.3792
66.4156 25.6077
67.2118 18.7008
67.4196 16.8868
63.5801 17.1081
58.1836 17.4213
53.0805 17.7172
38.13 3.7337
13.5497 -20.1517
7.1398 -4.2438
6.9178 -3.6927
21.2742 -3.5592
36.5865 -21.7891
39.2818 -15.0278
45.1465 -0.3288
47.2858 5.0386
55.7069 -3.4958
64.2739 -12.1796
123.2 -4.4055
99.5259 -1.3446
89.2066 -0.0078
87.7124 14.058
86.8334 22.3149
109.1634 35.0744
106.5522 50.0248
97.601 64.6573
104.1811 66.3014
110.4722 67.8719
104.6686 78.2025
98.3931 89.3711
98.3303 89.4827
114.6383 84.3314
97.7388 82.7105
86.4827 79.7139
81.4591 72.144
80.7642 71.0937
81.2812 72.6435
82.4339 76.1049
68.5782 75.9326
62.2199 69.734
57.268 69.2016
50.6626 66.6028
50.0702 76.2822
44.1919 77.8897
38.8275 79.353
41.409 82.7496
41.4427 82.8335
45.8727 93.8905
47.621 98.2513
50.9473 106.5517
54.1555 114.5564
56.4949 120.3905
43.3722 107.7335
29.7726 94.6181
9.8774 75.4352
9.9805 76.7964
10.4447 83.0217
10.9307 85.7515
12.2286 93.0128
12.4349 94.1751
12.4652 94.1518
37.2332 75.1908
36.9115 69.9145
36.5779 64.4494
36.2228 58.6057
46.5672 52.1427
50 50
