OFV: 302.9251890152948
Runtime: 13.943080607044976
Gap: -6.757977925333257e-08
repPt: {0: (50, 50), 10: (46.441354183432594, 49.94895210953818), 9: (28.79935262292644, 23.59536817522494), 4: (50.46276101695493, -6.931443615969056), 3: (59.61933790547795, 1.8416819429568818), 16: (61.64012929625647, 3.777885905106369), 15: (84.43782633835337, 25.620788812105076), 13: (89.53351899825364, 53.34142228552241), 14: (93.10170127133514, 72.75430897305853), 6: (88.5090122271701, 105.89716899200283), 5: (76.85200362704971, 96.56818826141368), 1: (77.75620807762634, 94.84778293815641), 2: (54.99886689593802, 104.57395186351914), 12: (58.25949679475431, 105.8306048861063), 11: (57.05965273296613, 93.73632502321142), 7: (55.96874256893741, 82.7403329089852), 8: (54.23454376252125, 63.56583550425913)}
solType: IP_Optimal
lowerBound: 302.9252094869122
upperBound: 302.9251890152948
Path: 
50 50
46.4414 49.949
28.7994 23.5954
50.4628 -6.9314
59.6193 1.8417
61.6401 3.7779
84.4378 25.6208
89.5335 53.3414
93.1017 72.7543
88.509 105.8972
76.852 96.5682
77.7562 94.8478
54.9989 104.574
58.2595 105.8306
57.0597 93.7363
55.9687 82.7403
54.2345 63.5658
50 50
