OFV: 968.0281223092163
Runtime: 3600.6181442108937
Gap: None
repPt: {0: (50, 50), 19: (50.1357806230539, 50.40035527549261), 20: (56.97809519849012, 70.56900587328043), 92: (56.97810799734508, 70.56900908350232), 91: (56.259066403033444, 77.05958904439065), 76: (56.25908231067011, 77.05959133264733), 75: (43.00330470318376, 60.71020697013293), 6: (43.00330594757139, 60.710196567696094), 5: (29.945461459929646, 41.29950948726978), 84: (38.620755165746154, 38.238647884560024), 83: (22.92955437255658, 35.30161780120232), 24: (20.796684354792006, 34.90140980190169), 23: (12.53947391648669, 33.35533687333262), 53: (15.964267751097687, 28.126621908140606), 54: (22.405715971537358, 26.251122328662706), 50: (23.645840976659247, 23.963222326069385), 49: (28.828192738030808, 10.5683877993329), 29: (31.345172510536997, 9.732421988837695), 30: (51.044093049360384, 3.19128138776959), 1: (56.85520072986839, 10.772275240161088), 2: (73.19737656406024, 20.536475311127756), 57: (73.19737585145647, 20.53646950185177), 58: (91.49985767431517, 38.654748029853934), 97: (91.49985350374939, 38.654712848980715), 98: (94.90832110902464, 29.445156128886264), 47: (95.82713033746636, 26.96213196315152), 48: (101.30366419515482, 35.64628704493591), 7: (101.3036590111445, 35.646275815309245), 8: (113.62409876820367, 41.100411511880736), 68: (114.51700570791392, 40.68185642343339), 67: (104.11110387972256, 46.88515391006859), 90: (104.0451950522256, 47.14516034634519), 89: (99.45424258573925, 65.23967263009511), 9: (100.41720601624918, 65.2529109578391), 10: (112.46422634783532, 65.41947370718783), 38: (112.46427193538457, 65.41948188117604), 37: (95.89013617630259, 44.042350677863205), 86: (95.4373550475578, 41.57698774572297), 85: (92.46731779064784, 25.387764735131682), 46: (92.62863680104147, 25.75077379083349), 45: (89.50037557078024, 15.815442047324352), 39: (91.4315695479087, 19.201739941239786), 40: (91.99615403667391, 3.768283922580739), 70: (91.83097336176914, 3.7496943308351227), 69: (79.97541901506058, 2.4138860483393922), 79: (80.29696859155133, 2.3214601485858637), 80: (100.31436733332383, -3.4257975397101634), 65: (93.05773728104585, -1.0058793186652686), 66: (91.88746101992277, -11.092506896317724), 64: (91.65200734059974, -13.121761168070071), 63: (77.53018864871885, 6.64940385236357), 16: (75.7073337956329, 2.1280288391598683), 15: (66.58189723329293, 4.996898594976719), 60: (72.07492735983818, 5.888729135345752), 59: (66.49918400483341, 19.106879682279), 55: (66.83828368157621, 19.984116789889736), 56: (73.92344470682015, 38.31751707427906), 11: (73.92344442848666, 38.317506880998096), 12: (72.90699471261934, 62.50610011981119), 52: (72.90699175583349, 62.50610524486432), 51: (69.96295299079519, 84.96602615673304), 71: (69.00894135302634, 92.24707952569001), 72: (96.88512889186303, 101.13659858267879), 62: (102.14776575038593, 98.16930583686944), 61: (85.95751531113896, 76.68650867683927), 31: (86.26126648648453, 77.43099845904626), 32: (90.0086312567166, 86.6172697196318), 18: (90.00861323784878, 86.61726851082024), 17: (65.20151022740446, 77.38611623294459), 88: (66.13035845904214, 80.90171188795556), 87: (50.3847304841892, 67.8551648949768), 100: (52.616289369020706, 74.3220272651836), 99: (38.15642649755665, 83.0898688314377), 82: (36.10217656196525, 84.33419166810933), 81: (28.563058464132368, 88.90730965604955), 74: (29.252613158053066, 87.05755564433444), 73: (21.102388644451576, 84.73002465398433), 42: (19.456656211793906, 72.14345502506767), 41: (16.711756372019956, 51.1484845735152), 33: (20.16012942645149, 50.04151451447585), 34: (27.631403018017686, 65.27744721280355), 95: (27.631417574247866, 65.27743950563296), 96: (34.19687316217959, 65.8164099553064), 13: (34.55084858269411, 65.84539502115118), 14: (61.856264879675834, 68.08574408198803), 21: (61.85619990403437, 68.08576981732283), 22: (63.575461227793085, 59.400034886272394), 28: (63.57544783232114, 59.4000430579137), 27: (47.15545698861146, 40.238172873156536), 43: (45.870969936916495, 38.73843060129249), 44: (66.35360674285239, 48.34161069378452), 3: (64.38079186552993, 48.37845360719729), 4: (70.49877384315401, 55.57486320799183), 25: (70.49879717562794, 55.57486542497013), 26: (75.70074835982751, 41.66498723212872), 36: (75.70075607288497, 41.66500021578596), 35: (68.71276041282236, 31.082822587148744), 78: (67.07076293896095, 30.645707424925572), 77: (47.29551737072522, 25.393374745319306), 93: (44.75796681726655, 25.83653492153217), 94: (54.231585238719525, 44.5357743495104)}
lowerBound: 943.171264873466
upperBound: 968.0281223092163
solType: IP_TimeLimit
Path: 
50 50
50.1358 50.4004
56.9781 70.569
56.9781 70.569
56.2591 77.0596
56.2591 77.0596
43.0033 60.7102
43.0033 60.7102
29.9455 41.2995
38.6208 38.2386
22.9296 35.3016
20.7967 34.9014
12.5395 33.3553
15.9643 28.1266
22.4057 26.2511
23.6458 23.9632
28.8282 10.5684
31.3452 9.7324
51.0441 3.1913
56.8552 10.7723
73.1974 20.5365
73.1974 20.5365
91.4999 38.6547
91.4999 38.6547
94.9083 29.4452
95.8271 26.9621
101.3037 35.6463
101.3037 35.6463
113.6241 41.1004
114.517 40.6819
104.1111 46.8852
104.0452 47.1452
99.4542 65.2397
100.4172 65.2529
112.4642 65.4195
112.4643 65.4195
95.8901 44.0424
95.4374 41.577
92.4673 25.3878
92.6286 25.7508
89.5004 15.8154
91.4316 19.2017
91.9962 3.7683
91.831 3.7497
79.9754 2.4139
80.297 2.3215
100.3144 -3.4258
93.0577 -1.0059
91.8875 -11.0925
91.652 -13.1218
77.5302 6.6494
75.7073 2.128
66.5819 4.9969
72.0749 5.8887
66.4992 19.1069
66.8383 19.9841
73.9234 38.3175
73.9234 38.3175
72.907 62.5061
72.907 62.5061
69.963 84.966
69.0089 92.2471
96.8851 101.1366
102.1478 98.1693
85.9575 76.6865
86.2613 77.431
90.0086 86.6173
90.0086 86.6173
65.2015 77.3861
66.1304 80.9017
50.3847 67.8552
52.6163 74.322
38.1564 83.0899
36.1022 84.3342
28.5631 88.9073
29.2526 87.0576
21.1024 84.73
19.4567 72.1435
16.7118 51.1485
20.1601 50.0415
27.6314 65.2774
27.6314 65.2774
34.1969 65.8164
34.5508 65.8454
61.8563 68.0857
61.8562 68.0858
63.5755 59.4
63.5754 59.4
47.1555 40.2382
45.871 38.7384
66.3536 48.3416
64.3808 48.3785
70.4988 55.5749
70.4988 55.5749
75.7007 41.665
75.7008 41.665
68.7128 31.0828
67.0708 30.6457
47.2955 25.3934
44.758 25.8365
54.2316 44.5358
50 50
