OFV: 388.37414805331457
Runtime: 40.61828735000745
Gap: -6.319474662480856e-08
repPt: {0: (50, 50), 3: (31.195779726499886, 55.571696280227044), 4: (2.06040747691371, 64.20463462218876), 7: (16.837451478201437, 31.08917119457927), 8: (13.824571325203717, 14.029497061483786), 1: (9.943628253968308, 9.85123892974962), 2: (19.30573298769463, -9.582709505952018), 11: (46.33412330649613, 15.910078254962869), 12: (62.915639369001966, 12.989375380577725), 5: (90.04579471531473, 54.375242994668014), 6: (83.77380207357588, 74.1112206625908), 14: (87.71182545703682, 111.39861284041154), 13: (83.47990561163626, 97.35110431639944), 10: (78.284252608892, 80.10354088798319), 9: (81.62081313449407, 55.3219259075199), 16: (69.59538302899423, 48.4999308225605), 15: (64.00038030926783, 55.77184265317418)}
solType: IP_Optimal
lowerBound: 388.37417259652045
upperBound: 388.37414805331457
Path: 
50 50
31.1958 55.5717
2.0604 64.2046
16.8375 31.0892
13.8246 14.0295
9.9436 9.8512
19.3057 -9.5827
46.3341 15.9101
62.9156 12.9894
90.0458 54.3752
83.7738 74.1112
87.7118 111.3986
83.4799 97.3511
78.2843 80.1035
81.6208 55.3219
69.5954 48.4999
64.0004 55.7718
50 50
