OFV: 326.66484656694934
Runtime: 19.165073847048916
Gap: 1.6122569464998443e-08
repPt: {0: (50, 50), 11: (80.56456777601207, 86.68828275930207), 12: (87.86870226881484, 64.5109683173293), 1: (88.50741297731525, 62.5721665291282), 2: (77.98389592967062, 39.45407686953809), 13: (81.78403058435661, 37.10600190174547), 14: (92.96373754332654, 30.19755882464655), 7: (89.72661689145548, 21.720931338019074), 8: (81.78954119618811, 5.990352213578097), 5: (64.52358989872457, 31.696264401581978), 6: (52.459769056846966, 23.682199830755966), 4: (5.695247282402535, -6.5448352003640915), 3: (25.048433991090974, 15.2231459262866), 10: (43.452103777170265, 21.321051136175274), 9: (54.224342890381166, 49.18057351623972)}
solType: IP_Optimal
lowerBound: 326.66484130027266
upperBound: 326.66484656694934
Path: 
50 50
80.5646 86.6883
87.8687 64.511
88.5074 62.5722
77.9839 39.4541
81.784 37.106
92.9637 30.1976
89.7266 21.7209
81.7895 5.9904
64.5236 31.6963
52.4598 23.6822
5.6952 -6.5448
25.0484 15.2231
43.4521 21.3211
54.2243 49.1806
50 50
