OFV: 393.27310861415197
Runtime: 18.84689580698614
Gap: 2.2441089237876138e-08
repPt: {0: (50, 50), 12: (35.520086328257946, 37.88209141653803), 11: (9.964532994769462, 12.595486577491254), 19: (4.181657810660958, 19.731247580484528), 20: (16.566903721128995, 44.69269315163669), 17: (1.833929469274044, 44.3970089618862), 18: (-17.853180555927622, 46.56237622496547), 3: (11.857168354294316, 62.258287550007665), 5: (3.501046767990234, 80.26415095432591), 4: (3.2083932535176345, 83.91800808787751), 6: (16.766339340155657, 90.58507635065837), 8: (15.581767338368007, 93.07849204385617), 7: (16.057374994843997, 60.303913296664234), 9: (21.225934426551245, 44.895555846301555), 10: (30.73240004240059, 16.580132376328223), 1: (31.595297234623423, 14.006255399025443), 2: (45.39243368334319, 4.531091618188982), 15: (74.77912449398367, 2.400933483159704), 16: (68.02080731378258, 26.761486720786667), 14: (51.69827806182835, 27.644116465932292), 13: (50.44017580009289, 44.19590390321457)}
solType: IP_Optimal
lowerBound: 393.27309978867504
upperBound: 393.27310861415197
Path: 
50 50
35.5201 37.8821
9.9645 12.5955
4.1817 19.7312
16.5669 44.6927
1.8339 44.397
-17.8532 46.5624
11.8572 62.2583
3.501 80.2642
3.2084 83.918
16.7663 90.5851
15.5818 93.0785
16.0574 60.3039
21.2259 44.8956
30.7324 16.5801
31.5953 14.0063
45.3924 4.5311
74.7791 2.4009
68.0208 26.7615
51.6983 27.6441
50.4402 44.1959
50 50
