OFV: 557.7418588558648
Runtime: 8.319772964008735
Gap: 3.845078077813857e-09
repPt: {0: (50, 50), 6: (45.131361635672086, 53.13038789219119), 5: (31.458789552751814, 58.53036195454366), 20: (28.139654920237355, 62.5184359597007), 19: (9.881186898496953, 78.9016013742141), 1: (9.233740600182557, 72.58262125145437), 2: (5.945767964348677, 40.504022985516286), 13: (4.295328689968059, 24.39375467320605), 14: (-16.50796162680282, 15.818417833092287), 9: (6.242709976459903, 10.126453058538539), 10: (18.32238744929192, -18.907177808445375), 18: (64.8316927453928, -6.349581414923659), 17: (58.22844328252894, 23.046908800983974), 12: (59.06438711216866, 16.799308964804524), 11: (64.80958292005512, 49.105739887737805), 8: (65.91251595383127, 55.31212573187317), 7: (88.12767107469904, 30.20709434619301), 3: (94.72043266296791, 22.75766380006225), 4: (124.63631414011273, 10.978091306740662), 16: (81.08301391859884, 109.71679370409532), 15: (60.86370610622908, 81.81990230746992)}
solType: IP_Optimal
lowerBound: 557.7418567113039
upperBound: 557.7418588558648
Path: 
50 50
45.1314 53.1304
31.4588 58.5304
28.1397 62.5184
9.8812 78.9016
9.2337 72.5826
5.9458 40.504
4.2953 24.3938
-16.508 15.8184
6.2427 10.1265
18.3224 -18.9072
64.8317 -6.3496
58.2284 23.0469
59.0644 16.7993
64.8096 49.1057
65.9125 55.3121
88.1277 30.2071
94.7204 22.7577
124.6363 10.9781
81.083 109.7168
60.8637 81.8199
50 50
