OFV: 529.1967910878446
Runtime: 51.06457915296778
Gap: None
repPt: {0: (50, 50), 18: (38.05677389691785, 46.99028322116301), 17: (22.495112724431277, 43.06929603350725), 3: (19.248194293305872, 42.251300156089826), 4: (21.826060437988666, 52.49653750289421), 10: (14.195281165024731, 69.62294500029391), 9: (10.01531365755683, 79.0035750919294), 39: (27.675578963757644, 78.4908989489764), 40: (54.11043206328177, 70.49691760247401), 23: (49.372241915413156, 94.99527794700259), 24: (64.64126983253884, 94.13713081903104), 11: (76.4982185650458, 93.47021699031949), 12: (90.83687205375173, 111.95461786217106), 28: (96.00111741891043, 90.72502151518184), 27: (94.19953500844605, 84.31931750166086), 7: (95.10571766669072, 80.78876761315557), 8: (97.7244112389749, 70.58174902046008), 13: (98.02828488730907, 69.39789353449119), 14: (100.87392269627294, 83.29039771156401), 1: (101.35484221912056, 82.95019896172077), 2: (118.64269771142664, 70.72433006887744), 38: (126.01212998099238, 22.116124838127522), 37: (102.20809611640912, 19.06334478414271), 22: (103.06670786170172, 22.069991565259038), 21: (100.67171801849938, 7.548679682051213), 6: (100.45985397073012, 6.264816199521214), 5: (92.8112408957803, 13.924803750631927), 34: (87.12431139476041, 9.884535188677694), 33: (61.72437391692956, 7.979823695034483), 29: (65.9665904901268, 11.863999941702168), 30: (71.64898681671005, 17.07108430094963), 16: (71.40691129492379, 16.86560320768387), 15: (65.6294356429358, 20.06293968963225), 36: (66.8212523369761, 16.7158764203615), 35: (45.81317489781111, 32.144131221486475), 20: (42.354139276400176, 26.25044314336323), 19: (34.96397153125076, 16.202382506257173), 25: (34.891165844811766, 16.103403751175204), 26: (54.45118223729687, 32.48746031112574), 32: (61.30930171398278, 38.23218388687696), 31: (54.97579136198006, 49.30339870568195)}
lowerBound: 529.1966534598057
upperBound: 529.1967910878446
solType: IP_Optimal
Path: 
50 50
38.0568 46.9903
22.4951 43.0693
19.2482 42.2513
21.8261 52.4965
14.1953 69.6229
10.0153 79.0036
27.6756 78.4909
54.1104 70.4969
49.3722 94.9953
64.6413 94.1371
76.4982 93.4702
90.8369 111.9546
96.0011 90.725
94.1995 84.3193
95.1057 80.7888
97.7244 70.5817
98.0283 69.3979
100.8739 83.2904
101.3548 82.9502
118.6427 70.7243
126.0121 22.1161
102.2081 19.0633
103.0667 22.07
100.6717 7.5487
100.4599 6.2648
92.8112 13.9248
87.1243 9.8845
61.7244 7.9798
65.9666 11.864
71.649 17.0711
71.4069 16.8656
65.6294 20.0629
66.8213 16.7159
45.8132 32.1441
42.3541 26.2504
34.964 16.2024
34.8912 16.1034
54.4512 32.4875
61.3093 38.2322
54.9758 49.3034
50 50
