OFV: 443.1015977797548
Runtime: 0.04480483499355614
Gap: None
repPt: {0: (50, 50), 10: (39.54344918634084, 61.69883368819538), 9: (15.577399203098494, 69.8528056487865), 3: (13.044190071495402, 84.1878055381392), 4: (40.64612880443901, 101.61173825066854), 13: (20.513946003572613, 71.76147932828005), 14: (12.407947225605255, 59.7438634013942), 18: (9.993949328925277, 40.509660487132635), 17: (9.96925327721838, 12.70593287944358), 20: (-14.240567927161557, 10.107550350792746), 19: (9.07288269970463, 23.0592104336476), 12: (12.883925260115147, 25.178414877845878), 11: (4.27614572500158, 5.455817460135347), 1: (4.728637248279589, 5.354654900883832), 2: (-1.5784000546357562, -17.629166333401084), 16: (27.815935643637946, -18.817275146419174), 15: (39.412713852285144, 14.202449350041018), 8: (72.99770643800225, 2.837130696094971), 7: (63.66555901437117, 24.646726520262682), 5: (65.8641267215748, 27.216965230571954), 6: (61.90884406463908, 40.32843276117859)}
lowerBound: 443.101567632224
upperBound: 443.1015977797548
solType: IP_Optimal
Path: 
50 50
39.5434 61.6988
15.5774 69.8528
13.0442 84.1878
40.6461 101.6117
20.5139 71.7615
12.4079 59.7439
9.9939 40.5097
9.9693 12.7059
-14.2406 10.1076
9.0729 23.0592
12.8839 25.1784
4.2761 5.4558
4.7286 5.3547
-1.5784 -17.6292
27.8159 -18.8173
39.4127 14.2024
72.9977 2.8371
63.6656 24.6467
65.8641 27.217
61.9088 40.3284
50 50
