OFV: 221.70234525294939
Runtime: 0.6727951880020555
Gap: 9.490691677196977e-10
repPt: {0: (50, 50), 3: (45.43425391052342, 46.58971998251353), 4: (44.38005827073715, 12.905758626858365), 1: (46.975042177659844, 10.657351664710475), 2: (69.76546228194934, -9.089407242468866), 5: (70.7347308262652, 6.450250462346768), 6: (61.21736407763087, 12.621976482096319), 10: (59.533201150549644, 39.98542835732578), 9: (68.24212681111692, 61.247683874520575), 7: (64.5319485495721, 89.85934235673983), 8: (56.48280686156723, 72.64748507962909)}
solType: IP_Optimal
lowerBound: 221.70234504253852
upperBound: 221.70234525294939
Path: 
50 50
45.4343 46.5897
44.3801 12.9058
46.975 10.6574
69.7655 -9.0894
70.7347 6.4503
61.2174 12.622
59.5332 39.9854
68.2421 61.2477
64.5319 89.8593
56.4828 72.6475
50 50
