OFV: 189.70043691211555
Runtime: 4.413547022006242
Gap: 1.5031345287849803e-07
repPt: {0: (50, 50), 10: (41.45589480967045, 36.284562617358844), 9: (48.90122605009655, 28.786270245851476), 6: (57.600058657301325, 21.70000011466672), 7: (77.36245226792452, 37.79943361313873), 5: (80.56062193042364, 39.77926440094711), 8: (88.78573629192, 44.86952374236282), 1: (99.68528918803185, 52.30125101275648), 2: (108.16569874389678, 58.08363808508463), 4: (93.58562205704465, 23.564464367009275), 3: (73.89015326847957, 29.924281930247915)}
solType: IP_Optimal
lowerBound: 189.70040839758786
upperBound: 189.70043691211555
Path: 
50 50
41.4559 36.2846
48.9012 28.7863
57.6001 21.7
77.3625 37.7994
80.5606 39.7793
88.7857 44.8695
99.6853 52.3013
108.1657 58.0836
93.5856 23.5645
73.8902 29.9243
50 50
