OFV: 291.39153328929586
Runtime: 1786.7590794120042
Gap: 1.0351798641856455e-07
repPt: {0: (50, 50), 6: (53.262633291724036, 44.56641184669417), 5: (28.393647357371762, 43.90153681737161), 13: (29.645024928223044, 58.42125034640567), 14: (37.41492654262677, 26.901605972358254), 16: (44.15933249343592, -0.4514533460595118), 15: (53.59532533225202, 9.09775834375604), 1: (53.609393575131726, 9.143353369066105), 2: (64.25543946009915, -3.365511217441519), 8: (110.33720698572091, 27.62077203150249), 7: (100.30092080861914, 37.91782016527758), 10: (98.41942072914183, 42.181541481316685), 9: (92.964908757554, 54.54281215468657), 12: (81.17242852353354, 60.86243990624014), 11: (76.82300996759558, 39.58253556313172), 4: (70.95758353929953, 48.7625100902866), 3: (58.258217840858066, 49.51232860403036)}
solType: IP_Optimal
lowerBound: 291.3915031250311
upperBound: 291.39153328929586
Path: 
50 50
53.2626 44.5664
28.3936 43.9015
29.645 58.4213
37.4149 26.9016
44.1593 -0.4515
53.5953 9.0978
53.6094 9.1434
64.2554 -3.3655
110.3372 27.6208
100.3009 37.9178
98.4194 42.1815
92.9649 54.5428
81.1724 60.8624
76.823 39.5825
70.9576 48.7625
58.2582 49.5123
50 50
