OFV: 926.3631372178627
Runtime: 26.266291868058033
Gap: None
Path: 
50 50
45.3485 62.1215
12.8134 69.124
8.9917 80.9989
5.9899 93.9619
32.5398 92.3113
59.0106 89.3519
38.9273 90.4969
65.3826 71.4007
63.4362 67.6152
74.585 58.5471
78.4683 56.7634
56.56 31.4208
57.4881 34.3809
63.118 52.3235
66.346 62.6112
69.3306 63.9641
76.9251 67.3565
90.1048 73.2448
92.4082 79.678
89.1695 85.7232
84.8743 93.7407
92.0699 97.6509
105.6016 109.8029
109.8606 111.1998
92.9871 125.9797
80.3985 95.2944
85.3485 85.1044
97.8048 52.73
94.724 40.8539
90.0767 22.9364
99.1711 20.6962
125.2469 14.2715
107.4408 2.2023
91.8443 3.5131
82.4631 4.3013
51.2919 18.6072
45.3702 16.8302
36.4353 14.1495
22.2349 9.0883
19.4561 9.5521
11.9912 10.7992
4.1675 12.1063
4.7399 15.0029
6.941 25.5693
22.6719 4.2592
34.6402 -7.6577
36.7824 7.9879
57.7975 -4.939
66.9587 16.2372
55.454 22.6598
56.5275 24.5888
68.7242 30.0542
66.6221 33.3207
77.3476 39.7739
82.6326 8.5998
83.7584 14.4698
87.8203 35.6669
90.3938 49.0927
91.212 49.7922
58.4429 48.1902
50 50
