OFV: 306.9344088552217
Runtime: 0.670208742027171
Gap: 0.0
repPt: {0: (50, 50), 1: (51.85882792072026, 46.07444309493157), 2: (68.31329427937108, 56.116402451604685), 8: (88.5847340949978, 48.97567201178283), 7: (62.243749654789156, 64.75230929548819), 3: (60.03857567460676, 59.421913956014926), 4: (25.512819739734212, 70.54391378166932), 9: (1.3220070155918313, 84.41481142257739), 10: (-6.800080687655036, 69.37783567832656), 6: (17.078345444955225, 23.538026493479073), 5: (25.257241456035043, 3.5304870631484913), 12: (16.938075531474208, 20.07151650792041), 11: (39.948160931924434, 22.66023309686736)}
solType: IP_Optimal
lowerBound: 306.9344162288935
upperBound: 306.9344088552217
Path: 
50 50
51.8588 46.0744
68.3133 56.1164
88.5847 48.9757
62.2437 64.7523
60.0386 59.4219
25.5128 70.5439
1.322 84.4148
-6.8001 69.3778
17.0783 23.538
25.2572 3.5305
16.9381 20.0715
39.9482 22.6602
50 50
