OFV: 850.0754241088063
Runtime: 1643.2610151180997
Gap: None
Path: 
50 50
64.565 41.948
57.7615 35.2419
52.4954 30.0543
66.2489 18.3528
67.7569 17.0704
72.1411 13.3415
71.1118 20.9012
74.443 24.1083
78.6006 28.1131
80.8653 30.042
82.7348 31.635
85.1625 33.7026
86.9217 35.2017
93.4456 38.6424
97.3529 40.7042
99.8389 42.0165
112.2649 45.6961
125.5686 49.6346
122.7082 37.9642
105.6598 30.1849
102.7489 32.0108
98.5433 34.6484
96.5754 38.4404
95.7489 40.0358
94.851 41.7688
93.8019 43.7932
90.9831 53.5543
89.9319 57.1907
88.3614 62.6253
86.9078 67.6553
87.0524 67.6427
102.4278 66.3169
100.8816 74.9085
99.7799 81.0279
95.9644 102.2666
95.5868 101.919
87.6491 94.627
84.7127 91.9258
81.9496 89.3839
70.2147 81.3989
61.194 83.7764
64.7857 104.2568
54.6656 105.9499
41.7631 106.9027
17.6185 113.333
14.6331 106.0049
10.0709 94.8063
9.4783 93.3514
11.6588 89.75
21.9815 96.1176
31.519 102.0003
39.0477 92.6693
39.2959 92.3617
59.5412 67.2727
59.7141 67.0585
48.4125 60.4365
39.4715 55.1963
26.4456 61.7302
29.1783 70.4163
13.4612 60.1058
11.7467 58.3377
20.2767 43.5144
21.5309 41.337
23.0941 38.6232
16.2018 38.4355
9.449 38.2548
11.7383 34.5063
13.1315 32.2255
16.6603 26.4455
20.1099 20.7953
21.0241 19.2993
27.3328 12.8557
31.2914 12.0639
36.0353 11.1153
40.455 10.2309
44.9263 9.3366
54.0061 7.5225
58.9741 6.5263
62.3795 5.8429
65.6302 5.1906
66.6232 8.321
70.0213 19.0219
77.9438 21.4443
85.4855 23.7502
92.7291 25.9651
95.0393 17.6088
96.6298 11.8583
98.4474 -3.7908
91.4234 0.5676
76.5809 9.7706
76.5302 3.1525
76.4664 -4.831
54.4258 -14.3467
34.2904 7.1422
34.2383 7.2211
33.1963 24.2998
32.5603 34.7047
36.6649 38.3046
40.8364 41.9623
45.4759 46.0327
50 50
