OFV: 359.02673840506975
Runtime: 6.38139239299926
Gap: 1.0778337159744391e-09
repPt: {0: (50, 50), 6: (36.60049816606872, 61.10037420751188), 5: (49.600030563570165, 31.01356247752776), 3: (49.54226955284794, 30.88316779896485), 4: (44.65804185217357, 19.855351720718186), 7: (57.030460247397265, 29.302837837590225), 8: (76.02463169278573, 17.261339482606537), 9: (76.02463216719698, 17.261338925068433), 10: (82.40978995836807, 9.731869576136614), 11: (82.77978919137509, 21.85139684450859), 12: (100.92619083632468, 36.19555026135024), 1: (95.17879278162985, 43.956081095994946), 2: (106.74977878252245, 71.36392312524939), 13: (61.28574406784192, 98.41077142210955), 14: (41.43318176652601, 110.22136571322103), 15: (43.23638092462484, 63.70211487707841), 16: (70.59833899773878, 49.36181634286214)}
solType: IP_Optimal
lowerBound: 359.0267380180986
upperBound: 359.02673840506975
Path: 
50 50
36.6005 61.1004
49.6 31.0136
49.5423 30.8832
44.658 19.8554
57.0305 29.3028
76.0246 17.2613
76.0246 17.2613
82.4098 9.7319
82.7798 21.8514
100.9262 36.1956
95.1788 43.9561
106.7498 71.3639
61.2857 98.4108
41.4332 110.2214
43.2364 63.7021
70.5983 49.3618
50 50
