OFV: 246.77457397649448
Runtime: 112.49414727601106
Gap: 2.9980116460750876e-08
repPt: {0: (50, 50), 9: (24.32099340019047, 47.433637524513294), 10: (34.396645538075866, 68.70947746336887), 14: (50.70455950953652, 74.52135484120515), 13: (57.459338460162364, 79.87887641427771), 7: (65.11411868055889, 85.95004301523524), 8: (73.21664488139636, 56.103917627890745), 3: (81.41380133500559, 47.31464911462493), 4: (90.36080287677497, 37.72062363080658), 1: (63.12558085243031, 20.77686279963401), 2: (47.49962700434941, 12.597310662684672), 11: (45.62714308475295, 11.616991646228248), 12: (37.98110817666986, 7.614621088932041), 6: (37.73376899352102, 24.683556385924724), 5: (46.504867135607164, 42.78680154384277)}
solType: IP_Optimal
lowerBound: 246.774566578164
upperBound: 246.77457397649448
Path: 
50 50
24.321 47.4336
34.3966 68.7095
50.7046 74.5214
57.4593 79.8789
65.1141 85.95
73.2166 56.1039
81.4138 47.3146
90.3608 37.7206
63.1256 20.7769
47.4996 12.5973
45.6271 11.617
37.9811 7.6146
37.7338 24.6836
46.5049 42.7868
50 50
