OFV: 139.71740058840325
Runtime: 9.031549556995742
Gap: -2.3124316204990894e-07
repPt: {0: (50, 50), 1: (20.23461140451458, 30.19027038894681), 2: (12.886267041583016, 40.2897514386808), 4: (7.246395024447249, 48.04046686719702), 5: (20.05854854281811, 48.113626468117616), 6: (30.430788242204358, 48.17338923833515), 3: (33.93735341872469, 48.19316228966745), 9: (45.08762461795438, 64.25060887500487), 8: (57.01889031739402, 60.185872423747774), 10: (59.24287240242342, 57.06632690978476), 7: (62.847180846712455, 52.013160223126825)}
solType: IP_Optimal
lowerBound: 139.71743289709676
upperBound: 139.71740058840325
Path: 
50 50
20.2346 30.1903
12.8863 40.2898
7.2464 48.0405
20.0585 48.1136
30.4308 48.1734
33.9374 48.1932
45.0876 64.2506
57.0189 60.1859
59.2429 57.0663
62.8472 52.0132
50 50
