OFV: 989.590923247123
Runtime: 124.46908083301969
Gap: None
Path: 
50 50
51.8591 33.2871
54.1233 41.982
52.9082 61.6416
56.4755 61.1654
56.4754 61.1654
55.1266 57.2208
42.6005 34.4264
40.4061 30.2796
38.6437 26.9483
49.938 8.185
49.7075 7.428
28.5409 18.9712
15.4492 4.4433
12.5758 6.15
9.5509 29.3185
8.2515 30.5364
24.6921 20.0977
30.5105 32.6511
30.5127 32.6557
26.6705 45.4305
25.9196 49.966
25.6845 51.385
24.1297 58.8975
22.6037 66.271
17.1963 60.2107
25.0946 78.3532
7.3223 85.0513
13.384 68.5952
17.4192 57.6394
39.0099 52.4934
39.8838 52.2853
68.8938 54.6165
75.3615 53.0149
82.2093 51.3192
87.1339 50.0996
108.0876 55.881
115.6129 57.9584
87.0925 70.4524
87.0937 70.4079
87.2078 66.2118
87.7014 48.1766
93.4906 43.3255
101.2756 65.0792
77.1905 60.8797
81.4901 81.6584
86.0895 102.6627
86.0895 102.6627
74.7851 93.1808
63.3254 83.5661
53.4013 74.1906
48.711 73.4645
45.8467 73.0211
39.5243 79.8619
30.1816 89.9714
34.056 92.9371
42.4949 99.3949
41.0467 93.0861
50.4432 117.9576
51.3425 102.3053
77.6457 114.906
94.1231 108.923
86.1805 97.8592
88.279 93.4717
93.4655 82.6243
94.4266 68.881
94.9174 61.8623
95.9521 47.082
96.4223 40.3667
96.5905 37.9669
92.0752 31.69
96.7156 5.5887
104.7209 -0.0221
104.2459 -12.3477
90.3684 5.1415
67.1623 36.4988
63.5958 41.3174
63.2944 46.0067
62.9665 51.1058
60.8161 52.5467
55.2923 56.2482
50 50
