OFV: 336.3949892285658
Runtime: 1731.2951560020447
Gap: 0
repPt: {0: (50, 50), 1: (83.94471248629806, 9.31548740002352), 2: (69.924959373606, 26.11857645434158), 3: (88.92965687254474, 3.3410385527108657), 4: (79.38775040903619, -1.7472845955720002), 5: (49.700074427040946, 48.254126932750836), 6: (51.30179983782337, 79.45721100117613), 7: (10.128840534340586, 82.97971847439578), 8: (-1.263299792065541, 107.53568491044588), 9: (51.400227325287645, 77.15555363554873), 10: (50.17391690062622, 105.82670088462498), 11: (50.37070637587822, 49.555651711079655), 12: (70.6698063970924, 25.226139827562164), 13: (21.455399854733987, 21.141651330205985), 14: (30.893665737249417, 11.007125824128606)}
solType: IP_Optimal
lowerBound: 336.39479917915287
upperBound: 336.3949892285658
Path: 
50 50
50.3707 49.5557
69.925 26.1186
70.6698 25.2261
83.9447 9.3155
88.9297 3.341
79.3878 -1.7473
30.8937 11.0071
21.4554 21.1417
10.1288 82.9797
-1.2633 107.5357
50.1739 105.8267
51.3018 79.4572
51.4002 77.1556
49.7001 48.2541
50 50
