OFV: 406.6494997231756
Runtime: 9.54918095600442
Gap: 2.135156342129244e-09
repPt: {0: (50, 50), 6: (45.51951444387376, 34.593523134569594), 5: (58.44650924144747, 17.319611532024698), 18: (57.14285387258786, 13.953787749591914), 17: (63.07635611695541, 6.4991978778516), 3: (63.07635552013236, 6.499197855648983), 4: (61.230603036033074, 19.516678441641787), 7: (59.7186095170242, 30.180155267748358), 8: (88.68109146059612, 41.53453626079389), 9: (89.06678344583695, 86.68552691608846), 10: (81.57805074153998, 108.1426340874387), 14: (34.475604742590654, 108.76512030946631), 13: (20.740351708111117, 95.11779336164442), 1: (11.831838252899432, 60.297906740134316), 2: (2.7824250301333175, 24.92716835688911), 12: (-7.714739425521849, 24.109625255806876), 11: (2.961170237428812, 35.974719109299556), 16: (27.49470107039831, 22.835295484964828), 15: (39.597980615773466, 49.5561723291979)}
solType: IP_Optimal
lowerBound: 406.64949885491535
upperBound: 406.6494997231756
Path: 
50 50
45.5195 34.5935
58.4465 17.3196
57.1429 13.9538
63.0764 6.4992
63.0764 6.4992
61.2306 19.5167
59.7186 30.1802
88.6811 41.5345
89.0668 86.6855
81.5781 108.1426
34.4756 108.7651
20.7404 95.1178
11.8318 60.2979
2.7824 24.9272
-7.7147 24.1096
2.9612 35.9747
27.4947 22.8353
39.598 49.5562
50 50
