OFV: 617.8569538228344
Runtime: 0.8375725880032405
Gap: None
repPt: {0: (50, 50), 9: (56.349830288065235, 44.29981289278097), 10: (81.8422800083635, 23.522493966401214), 11: (83.24513663898881, 22.379021994830993), 12: (94.35995147706994, 16.617263844341778), 23: (93.71953219599133, 4.63362920760476), 24: (106.342072144327, 0.5558914582555383), 18: (104.60733853831583, 30.52210733614517), 17: (96.17185160636625, 30.808120544465407), 34: (86.20454580824203, 36.540781990589274), 33: (67.90595509883083, 47.065196647453675), 5: (75.35588384855195, 56.65718887518736), 6: (98.78291229874864, 53.11898440821007), 3: (91.57096194911904, 58.46191329656773), 4: (102.08808256002028, 63.18412757386917), 2: (115.74255886142434, 70.55098184118889), 1: (99.13383487671935, 86.18927599685972), 36: (107.32182536064711, 89.9440910237017), 35: (96.60850484900982, 75.39149582559669), 28: (96.60850448988474, 75.39150055317148), 27: (88.71223666373446, 81.25048550452905), 14: (88.71223237401823, 81.25048869175745), 13: (71.53994372100479, 93.13111858369535), 38: (59.29878681489558, 110.90000014718181), 37: (46.0114672939268, 91.63672744944895), 39: (36.58177353727747, 90.92919139772016), 40: (37.56331444072421, 76.90560648162553), 8: (37.56330977518152, 76.90560639499284), 7: (30.599271425362197, 67.16383574532091), 30: (41.96109055107697, 73.7549028131538), 29: (35.337238556477175, 42.90651317494932), 22: (33.55399591662211, 43.60833708237956), 21: (8.318683807461468, 53.540285129216315), 16: (9.436376112524933, 31.558861681211255), 15: (10.593226191096113, 8.805071406221899), 25: (22.60464689734324, 11.699402169118063), 26: (36.845552739207434, 15.130836264017898), 32: (61.3665398760895, 3.025849591182717), 31: (49.52808979280233, 21.326396910719655), 20: (49.46692191968645, 22.011971483923553), 19: (46.60862192726914, 54.07861900091029)}
lowerBound: 617.8568336720701
upperBound: 617.8569538228344
solType: IP_Optimal
Path: 
50 50
56.3498 44.2998
81.8423 23.5225
83.2451 22.379
94.36 16.6173
93.7195 4.6336
106.3421 0.5559
104.6073 30.5221
96.1719 30.8081
86.2045 36.5408
67.906 47.0652
75.3559 56.6572
98.7829 53.119
91.571 58.4619
102.0881 63.1841
115.7426 70.551
99.1338 86.1893
107.3218 89.9441
96.6085 75.3915
96.6085 75.3915
88.7122 81.2505
88.7122 81.2505
71.5399 93.1311
59.2988 110.9
46.0115 91.6367
36.5818 90.9292
37.5633 76.9056
37.5633 76.9056
30.5993 67.1638
41.9611 73.7549
35.3372 42.9065
33.554 43.6083
8.3187 53.5403
9.4364 31.5589
10.5932 8.8051
22.6046 11.6994
36.8456 15.1308
61.3665 3.0258
49.5281 21.3264
49.4669 22.012
46.6086 54.0786
50 50
