OFV: 289.54160887281694
Runtime: 26.27520940604154
Gap: -2.602524788229733e-07
repPt: {0: (50, 50), 11: (80.00489611103386, 84.7615174912797), 12: (85.5099183847197, 65.72883864848954), 1: (86.50000144668851, 62.31289371536364), 2: (79.92931370236656, 39.927825072090755), 13: (83.75475984310785, 36.521414612325486), 14: (90.8939027448296, 30.163781930009545), 7: (88.03315248837208, 22.8187170709224), 8: (78.13526061901037, 6.7689668983529465), 4: (8.015504779625887, -6.394015257522485), 3: (26.420230815289315, 13.741043025973735), 10: (44.041507677905685, 21.792708180688155), 6: (50.62921186961601, 24.801699613707672), 5: (58.5077090565775, 36.9286333694492), 9: (53.09392741068366, 47.27758203396638)}
solType: IP_Optimal
lowerBound: 289.54168422673837
upperBound: 289.54160887281694
Path: 
50 50
80.0049 84.7615
85.5099 65.7288
86.5 62.3129
79.9293 39.9278
83.7548 36.5214
90.8939 30.1638
88.0332 22.8187
78.1353 6.769
8.0155 -6.394
26.4202 13.741
44.0415 21.7927
50.6292 24.8017
58.5077 36.9286
53.0939 47.2776
50 50
