OFV: 330.0940788227818
Runtime: 7.059380054473877
Gap: 0
repPt: {0: (50, 50), 1: (14.761338815499771, 61.29847891890242), 2: (20.47204375680629, 49.655127773306965), 3: (57.377707012787475, 84.82420365058799), 4: (59.55951915591229, 112.82576502463962), 5: (72.37108305877702, 47.830013142825095), 6: (84.63358469900326, 80.45236137728428), 7: (62.91145125566153, 7.210100699180559), 8: (54.83757287387108, -17.319053708418533), 9: (52.790598463767175, 4.736912083313548), 10: (50.493967068354735, 39.784045573695316)}
solType: IP_Optimal
lowerBound: 330.0940613980514
upperBound: 330.0940788227818
Path: 
50 50
50.494 39.784
52.7906 4.7369
54.8376 -17.3191
62.9115 7.2101
72.3711 47.83
84.6336 80.4524
59.5595 112.8258
57.3777 84.8242
14.7613 61.2985
20.472 49.6551
50 50
