OFV: 409.20706703396155
Runtime: 704.9335345279833
Gap: 0.0
repPt: {0: (50, 50), 7: (20.059909941977466, 51.085682628235624), 8: (0.13283404926819345, 57.81545385489807), 3: (23.87563218234169, 86.53613224773788), 4: (50.6603784987392, 100.17183759182582), 6: (57.02236826292087, 103.41027786646677), 5: (55.480775271317746, 92.73784842774589), 2: (55.012984598497894, 89.5002968936188), 1: (63.42895645412103, 72.45776939773083), 13: (99.75047115386262, 81.67927052799853), 14: (115.7189284345645, 82.503551968989), 9: (101.67782845483724, 55.24958515443048), 10: (120.8345264939907, 42.43424279172189), 16: (91.59419411655307, -1.3935283308706314), 15: (79.81241699226018, 3.6014742927893293), 18: (63.299206794476156, 2.611630800629761), 17: (39.6872267275687, 23.722708507565482), 12: (42.316218347656594, 26.718407846709606), 11: (49.028577294817644, 34.36846469014032)}
solType: IP_Optimal
lowerBound: 409.2070726811006
upperBound: 409.20706703396155
Path: 
50 50
20.0599 51.0857
0.1328 57.8155
23.8756 86.5361
50.6604 100.1718
57.0224 103.4103
55.4808 92.7378
55.013 89.5003
63.429 72.4578
99.7505 81.6793
115.7189 82.5036
101.6778 55.2496
120.8345 42.4342
91.5942 -1.3935
79.8124 3.6015
63.2992 2.6116
39.6872 23.7227
42.3162 26.7184
49.0286 34.3685
50 50
