OFV: 368.434306168698
Runtime: 2047.1651240549982
Gap: 0.0
repPt: {0: (50, 50), 17: (44.808302264568574, 45.26712921601808), 18: (25.667335500429626, 27.81913026871607), 7: (24.845874617587782, 27.985287412489036), 8: (8.372038616318912, 37.28119661401881), 11: (2.8043800273624693, 40.42424978010103), 12: (-6.442632911962045, 45.64367273049047), 2: (-4.865627482021392, 39.68984287924831), 1: (17.793079589505947, 59.96553985754536), 4: (38.162512978468236, 24.09342937312132), 3: (70.91088159185877, 23.368666623301813), 20: (73.4424325167826, 23.313364486003046), 19: (72.44337845869842, 52.372325672308385), 15: (80.61982238609264, 52.129126868804406), 16: (104.09144497348571, 51.43700047538714), 13: (95.02383337199028, 66.69915228739781), 14: (84.79997019092119, 83.90900801339617), 10: (62.93703751027739, 55.50664532442552), 9: (38.59411967284533, 38.276470659692265), 5: (38.59411939014655, 38.27647132903816), 6: (50.76275413655006, 41.049688598252985)}
solType: IP_Optimal
lowerBound: 368.43432790596444
upperBound: 368.434306168698
Path: 
50 50
44.8083 45.2671
25.6673 27.8191
24.8459 27.9853
8.372 37.2812
2.8044 40.4242
-6.4426 45.6437
-4.8656 39.6898
17.7931 59.9655
38.1625 24.0934
70.9109 23.3687
73.4424 23.3134
72.4434 52.3723
80.6198 52.1291
104.0914 51.437
95.0238 66.6992
84.8 83.909
62.937 55.5066
38.5941 38.2765
38.5941 38.2765
50.7628 41.0497
50 50
