OFV: 312.06897242219367
Runtime: 3601.409455422021
Gap: 0.06663352274250958
repPt: {0: (50, 50), 3: (80.85122587459186, 54.96308871206266), 4: (90.80024990075638, 76.94049758009083), 5: (87.59655472776151, 83.71966742482046), 6: (93.04804808378873, 97.41447076027649), 8: (93.57454054882716, 98.73415672938133), 7: (65.06998826608316, 96.35449016678602), 16: (52.374319737871474, 95.29287296981174), 15: (22.903083499242612, 92.83375402810529), 14: (-0.058528534007143126, 90.91516387707873), 13: (10.821690845123308, 82.99550459554635), 20: (10.879576606416276, 82.95360904342388), 19: (9.299178429754573, 74.99263837224183), 18: (14.32178744061354, 45.01553860216118), 17: (9.565289420872928, 46.14748025873972), 9: (7.134847367164055, 46.726301898946524), 10: (6.548952268668847, 30.950229991968015), 11: (6.542283318450041, 30.938070823016936), 12: (32.14762736250669, 23.898557553390514), 2: (41.51180037069895, 50.634919099005465), 1: (49.538881799511266, 50.81553633955133)}
solType: IP_TimeLimit
lowerBound: 291.27471745106783
upperBound: 312.06897242219367
Path: 
50 50
80.8512 54.9631
90.8002 76.9405
87.5966 83.7197
93.048 97.4145
93.5745 98.7342
65.07 96.3545
52.3743 95.2929
22.9031 92.8338
-0.0585 90.9152
10.8217 82.9955
10.8796 82.9536
9.2992 74.9926
14.3218 45.0155
9.5653 46.1475
7.1348 46.7263
6.549 30.9502
6.5423 30.9381
32.1476 23.8986
41.5118 50.6349
49.5389 50.8155
50 50
