OFV: 834.8977868109205
Runtime: 30.18020213500131
Gap: None
Path: 
50 50
58.7568 49.143
93.9113 45.6904
82.5504 37.166
65.9062 60.2051
70.8113 60.4607
62.3121 62.4141
48.3313 66.0166
38.0585 68.6634
34.2214 72.948
18.6722 90.3014
15.0295 92.5625
14.6795 77.1862
4.8814 82.3395
15.209 60.815
27.3262 69.9412
30.8697 92.6969
44.0649 100.2225
43.6344 80.7952
35.2803 84.0568
63.8999 88.1394
69.339 89.5982
77.3084 99.8991
75.2046 117.3
73.2026 100.2175
70.9348 80.8559
69.5096 73.3292
72.1005 73.5984
85.7746 92.4483
75.9401 91.7786
96.3379 65.7713
102.3217 58.1458
92.9268 54.8767
83.7009 55.6577
80.6359 55.9189
75.6436 54.3177
63.0896 45.3492
69.393 42.2644
71.0083 39.067
76.8209 27.55
75.9011 27.3911
69.9326 32.5297
42.4876 39.1135
46.9449 43.5759
27.0552 34.2236
20.6566 30.7435
12.0191 21.1633
4.3703 20.239
10.4332 35.8077
11.3553 38.1701
9.4469 7.0075
27.7652 16.2914
44.9165 -8.4554
64.711 -8.8382
64.927 -8.842
62.4991 5.5271
62.7851 6.8285
64.6866 15.5204
41.2063 27.5607
42.497 30.8489
48.3172 45.7116
50 50
