OFV: 363.9215953610196
Runtime: 22.583595539996168
Gap: 0.0
repPt: {0: (50, 50), 6: (56.64367454526003, 42.384346433789055), 5: (25.548386799709807, 41.08614257617539), 13: (29.118648060230576, 62.400058393310964), 14: (35.424506843065174, 27.253261688131932), 1: (49.79965481788767, 14.200460744962196), 2: (60.86803683999839, -8.543423425255382), 16: (45.2028808087897, -6.442841034586345), 15: (60.413423246840836, 4.967062073641295), 7: (95.24248264433304, 31.093331428553906), 8: (114.64266736413116, 28.292332734110676), 10: (101.54860541057785, 42.38259692498038), 9: (95.91083875199503, 57.24876241302606), 12: (79.73752417455317, 64.62395350208787), 11: (77.7797403955265, 35.682856656535066), 4: (72.99846766364234, 52.2028079760067), 3: (57.91979083222784, 48.498928130821795)}
solType: IP_Optimal
lowerBound: 363.9216036350149
upperBound: 363.9215953610196
Path: 
50 50
56.6437 42.3843
25.5484 41.0861
29.1186 62.4001
35.4245 27.2533
49.7997 14.2005
60.868 -8.5434
45.2029 -6.4428
60.4134 4.9671
95.2425 31.0933
114.6427 28.2923
101.5486 42.3826
95.9108 57.2488
79.7375 64.624
77.7797 35.6829
72.9985 52.2028
57.9198 48.4989
50 50
