OFV: 905.8658154468587
Runtime: 224.12380555900745
Gap: None
Path: 
50 50
54.1293 52.7076
56.0712 53.9812
60.678 57.0017
71.6928 61.8118
75.002 63.2553
78.2805 64.6853
78.7147 65.2168
55.2266 86.3129
53.4181 87.9365
61.9436 115.6949
81.381 118.4143
85.1029 91.1209
85.9956 84.5608
86.2192 82.917
100.8416 93.9762
102.23 99.3176
92.0864 95.0404
99.8397 86.6262
97.4989 78.1773
86.1472 62.6249
94.7456 56.0939
102.5393 50.1746
108.1843 45.8883
110.5708 44.0769
110.0965 42.286
109.6497 40.5995
87.4481 37.2907
84.5301 36.5955
81.6124 35.9004
78.3325 35.1188
80.292 35.306
81.5401 28.6309
83.6254 17.4744
79.0512 13.9207
76.0207 11.5663
51.8592 22.5886
48.1482 24.2825
25.35 34.6829
13.8789 50.223
8.3287 38.5589
8.8519 33.6515
10.4899 18.2339
10.9207 14.1921
6.0248 6.1358
6.6058 5.9187
33.3377 -4.0766
28.0102 -2.6518
38.9089 -31.375
106.0261 -20.7471
102.418 -6.4874
90.8323 1.2205
86.2186 4.2912
67.529 6.1466
57.5428 10.3455
57.7749 14.3825
64.2265 20.9956
68.0781 32.6786
68.9911 35.4467
63.96 34.3337
62.886 38.8955
59.6635 52.5783
59.3707 53.8227
56.8336 64.588
64.6947 77.2087
65.2885 76.4677
67.2853 59.5828
57.0091 69.5616
43.5715 82.9807
33.9394 92.6004
12.9238 93.0484
7.3487 93.166
11.0387 82.666
13.6315 76.9625
28.1517 45.0365
28.6113 44.025
34.365 48.0727
34.3823 48.0849
40.4093 39.0664
49.6974 36.598
49.9982 49.9172
50 50
