OFV: 283.9940369297702
Runtime: 3606.5336848650004
Gap: 0.10803744416486642
repPt: {0: (50, 50), 12: (49.3950439224278, 66.78913382915236), 11: (38.74968293052049, 84.26707032660744), 4: (54.085978944064955, 80.51536801067962), 3: (60.70002894557279, 50.0208100795789), 8: (58.58210358032351, 40.526138097572144), 7: (56.324055781699286, 30.40330599666248), 15: (56.32405776281404, 30.403304225201815), 16: (72.06653814312492, 11.112750940596133), 17: (58.41202755501569, 9.018933896703643), 18: (32.85233962620151, 5.099805579544929), 14: (20.962986965992975, 7.104011930216885), 13: (9.966313351178204, 6.011505084373512), 1: (13.066261505226061, 19.15744708560299), 2: (15.693511496797568, 30.298174828762633), 6: (36.158784130840715, 16.890396887342554), 5: (45.07157417642301, 16.73791876322693), 9: (45.6126573960964, 20.391797432136862), 10: (48.54890200086749, 40.20590439152435)}
solType: IP_TimeLimit
lowerBound: 253.31204702181512
upperBound: 283.9940369297702
Path: 
50 50
49.395 66.7891
38.7497 84.2671
54.086 80.5154
60.7 50.0208
58.5821 40.5261
56.3241 30.4033
56.3241 30.4033
72.0665 11.1128
58.412 9.0189
32.8523 5.0998
20.963 7.104
9.9663 6.0115
13.0663 19.1574
15.6935 30.2982
36.1588 16.8904
45.0716 16.7379
45.6127 20.3918
48.5489 40.2059
50 50
