OFV: 505.20585206925017
Runtime: 1.1266269250772893
Gap: None
repPt: {0: (50, 50), 3: (47.96200820564097, 49.62831431716518), 4: (72.33141681075885, 50.28474291060172), 19: (72.34403151425033, 50.285079303842615), 20: (87.94887371034064, 50.704701895466236), 10: (91.61282070603924, 51.85170338852228), 9: (80.19772907832537, 60.77829118418929), 12: (80.19773432539446, 60.77828650928229), 11: (75.5958360456046, 73.30625414858953), 21: (74.58991818116445, 69.62227555315103), 22: (91.37589019776107, 65.92893055057569), 38: (90.40238099895454, 67.17208623526733), 37: (71.98441176591807, 90.71748072439972), 7: (71.43164679237515, 91.42318084381832), 8: (87.96747091565398, 89.77307820330034), 34: (91.6263027505149, 89.40625627627591), 33: (66.9067309478466, 91.23718081846829), 40: (65.7751476504865, 90.46805868670845), 39: (54.32893881608374, 82.71688031153772), 26: (45.10561293606676, 76.45971462350553), 25: (25.92473765945167, 80.25217192439771), 17: (25.299817162025768, 78.36207297162906), 18: (31.924265014280923, 71.91765868340389), 13: (20.518049428333498, 56.33332466368543), 14: (21.55995804485691, 39.698795894466706), 31: (23.75415296329753, 4.658267465858463), 32: (33.52667154562729, -8.061608266570362), 1: (49.07797461929495, 3.764166947402572), 2: (70.80591997788697, 20.284615554535662), 35: (61.43812011979453, 15.9287029682855), 36: (79.92665662195162, 12.766440311387097), 5: (80.84579757488703, 11.74617293829806), 6: (89.74267789338067, 1.8953317336704005), 15: (91.78466284827995, 2.4012485337719403), 16: (99.12356863018687, 4.225840711433606), 28: (112.40346239724144, 12.779860105420468), 27: (87.60576769384595, 26.62100912283251), 24: (84.67747496217618, 27.885317928151174), 23: (73.14925581053984, 35.23436827875899), 30: (70.9834838207655, 36.618768433888846), 29: (56.88880607762389, 45.607410852668494)}
lowerBound: 505.20572697588375
upperBound: 505.20585206925017
solType: IP_Optimal
Path: 
50 50
47.962 49.6283
72.3314 50.2847
72.344 50.2851
87.9489 50.7047
91.6128 51.8517
80.1977 60.7783
80.1977 60.7783
75.5958 73.3063
74.5899 69.6223
91.3759 65.9289
90.4024 67.1721
71.9844 90.7175
71.4316 91.4232
87.9675 89.7731
91.6263 89.4063
66.9067 91.2372
65.7751 90.4681
54.3289 82.7169
45.1056 76.4597
25.9247 80.2522
25.2998 78.3621
31.9243 71.9177
20.518 56.3333
21.56 39.6988
23.7542 4.6583
33.5267 -8.0616
49.078 3.7642
70.8059 20.2846
61.4381 15.9287
79.9267 12.7664
80.8458 11.7462
89.7427 1.8953
91.7847 2.4012
99.1236 4.2258
112.4035 12.7799
87.6058 26.621
84.6775 27.8853
73.1493 35.2344
70.9835 36.6188
56.8888 45.6074
50 50
