OFV: 390.72028981047276
Runtime: 1035.2104048379988
Gap: -2.7990116882945882e-08
repPt: {0: (50, 50), 10: (38.39986742935035, 60.05762654640065), 9: (17.304947894494667, 70.89339337615384), 3: (14.918050344360624, 83.48332984523968), 4: (39.35013300206906, 100.08082494455454), 13: (22.226469818572458, 72.06847095016577), 14: (14.30682146335829, 59.113038810117516), 18: (11.642159824917531, 40.14252425544406), 12: (9.951785685301651, 28.115571494122857), 17: (7.679996417270495, 12.83765687268456), 11: (3.8243748437894554, 8.577964425523854), 19: (5.530940816374494, 17.652736893208903), 20: (-12.107032040309768, 9.46511179865409), 1: (3.0226537819159622, 4.310729888142761), 2: (-0.15306851481148032, -16.206079052698637), 16: (26.859776015749663, -17.053916181575758), 15: (40.25015318936487, 12.385927030751507), 8: (71.56107275256714, 4.229026394448953), 7: (64.89015378401837, 24.73704077975479), 5: (64.45200783542542, 26.08494957216179), 6: (60.10850297271693, 39.434252198549615)}
solType: IP_Optimal
lowerBound: 390.72030074677934
upperBound: 390.72028981047276
Path: 
50 50
38.3999 60.0576
17.3049 70.8934
14.9181 83.4833
39.3501 100.0808
22.2265 72.0685
14.3068 59.113
11.6422 40.1425
9.9518 28.1156
7.68 12.8377
3.8244 8.578
5.5309 17.6527
-12.107 9.4651
3.0227 4.3107
-0.1531 -16.2061
26.8598 -17.0539
40.2502 12.3859
71.5611 4.229
64.8902 24.737
64.452 26.0849
60.1085 39.4343
50 50
