OFV: 315.58226765042394
Runtime: 22.66457819500647
Gap: 9.701238204461487e-08
repPt: {0: (50, 50), 11: (48.933947320950196, 49.46010699968614), 12: (33.92569664471282, 41.860695841540156), 2: (-11.094506105996125, 81.31897519149037), 1: (12.421530849021448, 85.11434520769959), 10: (45.730625050566765, 74.39471464011923), 9: (46.23878598979298, 88.14081478271059), 5: (46.35317138370093, 91.24201515180866), 6: (40.63072478982804, 65.95986394021115), 8: (40.63070898070436, 65.95984338022116), 7: (23.796649664051838, 42.71699060979841), 3: (46.23978798451181, 6.464336554768738), 4: (64.93559768240156, 6.412152880714832)}
solType: IP_Optimal
lowerBound: 315.5822370350364
upperBound: 315.58226765042394
Path: 
50 50
48.9339 49.4601
33.9257 41.8607
-11.0945 81.319
12.4215 85.1143
45.7306 74.3947
46.2388 88.1408
46.3532 91.242
40.6307 65.9599
40.6307 65.9598
23.7966 42.717
46.2398 6.4643
64.9356 6.4122
50 50
