OFV: 338.00016619103894
Runtime: 0.027733465074561536
Gap: None
repPt: {0: (50, 50), 13: (67.61630946128284, 57.637893931758164), 14: (83.14479414000239, 64.37258386613104), 4: (96.31438043128483, 64.8441461714501), 3: (99.44707415139162, 47.729529225981864), 2: (100.45631141001846, 48.64420106084939), 1: (87.53422962064296, 34.31436636661223), 8: (116.38439839842171, 22.087753362841983), 7: (100.00167167275539, 26.534735684778767), 5: (97.60265490301646, 27.185933867224556), 6: (78.68615014542047, 10.364985870378554), 9: (71.84132789050365, 4.275598353650053), 10: (56.174526196448554, -20.603632259242513), 12: (3.6642774217746084, 51.98312136679682), 11: (27.849018399430356, 50.94788519216448)}
lowerBound: 338.0001348257031
upperBound: 338.00016619103894
solType: IP_Optimal
Path: 
50 50
67.6163 57.6379
83.1448 64.3726
96.3144 64.8441
99.4471 47.7295
100.4563 48.6442
87.5342 34.3144
116.3844 22.0878
100.0017 26.5347
97.6027 27.1859
78.6862 10.365
71.8413 4.2756
56.1745 -20.6036
3.6643 51.9831
27.849 50.9479
50 50
