OFV: 385.4986292659384
Runtime: 3605.13111996901
Gap: 0.13111751630554774
repPt: {0: (50, 50), 18: (50.06076709658301, 53.548435465338784), 17: (50.58311404054449, 83.86648924745631), 1: (64.74377862108247, 91.53906599064999), 2: (78.23082267259294, 98.84701663389339), 12: (71.42605645139945, 107.14089221679065), 10: (72.76735583420195, 99.57536783913403), 11: (76.7276459118318, 77.25263581890339), 9: (79.72395460273809, 71.49250339421107), 13: (87.18364606109253, 83.06945224807988), 14: (107.4122019561245, 65.45168357549635), 16: (104.79572058514903, 60.61285105445511), 15: (100.78576910933684, 55.766595205763494), 4: (96.9610152830838, 7.758877144095425), 19: (71.13979456698901, 4.754972826633158), 3: (71.04523009554536, 4.743984566034635), 20: (80.74071650847571, -9.980069825458603), 6: (56.32446272370144, -22.151949306582438), 5: (50.18409611509393, -2.9098561278169455), 8: (35.595063679598425, 6.098251726369881), 7: (20.120466207433047, 15.652235510452336)}
solType: IP_TimeLimit
lowerBound: 334.9530064573954
upperBound: 385.4986292659384
Path: 
50 50
50.0608 53.5484
50.5831 83.8665
64.7438 91.5391
78.2308 98.847
71.4261 107.1409
72.7674 99.5754
76.7276 77.2526
79.724 71.4925
87.1836 83.0695
107.4122 65.4517
104.7957 60.6129
100.7858 55.7666
96.961 7.7589
71.1398 4.755
71.0452 4.744
80.7407 -9.9801
56.3245 -22.1519
50.1841 -2.9099
35.5951 6.0983
20.1205 15.6522
50 50
