OFV: 404.98336846873053
Runtime: 21.411724049015902
Gap: 1.655440135928105e-07
repPt: {0: (50, 50), 6: (52.33400887101862, 39.80847589227292), 5: (36.19521328077005, 37.63449511166355), 9: (36.237216075770775, 37.47609941056887), 10: (64.32565497430237, 54.0672767165104), 14: (85.06161099554889, 85.90024542970859), 13: (96.21436362926435, 67.780180386047), 16: (105.88473860386468, 50.535072945829576), 15: (80.64116512454822, 52.902273809435336), 19: (71.04494689008531, 53.802572002194594), 20: (74.77306559635036, 21.810163639567833), 3: (72.56814205027773, 21.840853631920105), 4: (37.213019527563205, 22.329460024721328), 1: (18.11458047496265, 61.93953219829135), 2: (-5.505090120791441, 37.79277038832849), 12: (-7.7738128189678335, 47.14637465415276), 11: (2.3712205252761, 40.46364425777055), 8: (5.1526206645188815, 38.63114402280248), 7: (24.171720036861622, 26.102036644426732), 18: (26.001303081531827, 25.828887568026445), 17: (44.88575866749426, 46.35127880670917)}
solType: IP_Optimal
lowerBound: 404.9833014261583
upperBound: 404.98336846873053
Path: 
50 50
52.334 39.8085
36.1952 37.6345
36.2372 37.4761
64.3257 54.0673
85.0616 85.9002
96.2144 67.7802
105.8847 50.5351
80.6412 52.9023
71.0449 53.8026
74.7731 21.8102
72.5681 21.8409
37.213 22.3295
18.1146 61.9395
-5.5051 37.7928
-7.7738 47.1464
2.3712 40.4636
5.1526 38.6311
24.1717 26.102
26.0013 25.8289
44.8858 46.3513
50 50
