OFV: 238.2531488718122
Runtime: 14.595905065536499
Gap: 0
repPt: {0: (50, 50), 1: (61.34899251610239, 55.135506639401285), 2: (51.1471758318269, 45.623729982849376), 3: (67.88453795312365, 61.22450430397227), 4: (44.637275086231796, 65.41044948567313), 5: (25.18040269970485, 61.73179905927854), 6: (11.063792369293338, 35.77282773594346), 7: (12.9437467897854, 28.742828362073034), 8: (4.992450119249621, 24.606674976632632), 9: (38.100905983244814, 83.3543978018394), 10: (51.7621244767474, 106.23823410535346)}
solType: IP_Optimal
lowerBound: 238.25318620717957
upperBound: 238.2531488718122
Path: 
50 50
51.1472 45.6237
61.349 55.1355
67.8845 61.2245
44.6373 65.4104
51.7621 106.2382
38.1009 83.3544
25.1804 61.7318
11.0638 35.7728
4.9925 24.6067
12.9437 28.7428
50 50
