OFV: 296.0736035050578
Runtime: 1.4537465009489097
Gap: 5.104082172511787e-08
repPt: {0: (50, 50), 6: (75.90911055236174, 33.89354561401842), 5: (90.38998672573366, 24.89246981399398), 2: (77.45797091770224, 70.31673864410165), 1: (93.09072708699973, 86.91989776799662), 7: (90.57007248279892, 87.25023099707605), 8: (73.42468234976053, 89.50006543475365), 9: (4.3468646387227174, 79.74192876356435), 10: (-6.56200846547753, 78.20080327669852), 3: (16.449951788682302, 41.81416623902997), 4: (34.48786536789623, 43.950842983083696)}
solType: IP_Optimal
lowerBound: 296.0735883932178
upperBound: 296.0736035050578
Path: 
50 50
75.9091 33.8935
90.39 24.8925
77.458 70.3167
93.0907 86.9199
90.5701 87.2502
73.4247 89.5001
4.3469 79.7419
-6.562 78.2008
16.45 41.8142
34.4879 43.9508
50 50
