OFV: 320.3112994362551
Runtime: 3602.0535309209954
Gap: 0.19840410295016275
repPt: {0: (50, 50), 11: (58.17306733513134, 96.82880020858758), 12: (60.79975792180346, 111.86272133926566), 9: (75.22347582698639, 95.50076805340375), 10: (79.30628298640255, 74.79650699486751), 15: (73.39374280313329, 54.204103193041455), 16: (75.72984200290338, 42.38640200871385), 7: (78.45758433219072, 28.583465882609648), 8: (91.67002165395112, 22.797859812573066), 17: (91.67003176439893, 22.79785739841303), 18: (103.6277452981179, 19.628964056983527), 6: (72.0629288462977, -11.014870147396783), 5: (64.41996881078032, 5.331110431824025), 1: (57.59537802124313, 15.312421395274248), 2: (48.42321402879846, 28.729770678202897), 13: (48.5105387706101, 23.417155426747428), 14: (44.18939747003111, 32.551088891486216), 4: (38.458288981726504, 44.66410758751796), 3: (54.355787847383695, 47.88199777636273)}
solType: IP_TimeLimit
lowerBound: 256.76022340680396
upperBound: 320.3112994362551
Path: 
50 50
58.1731 96.8288
60.7998 111.8627
75.2235 95.5008
79.3063 74.7965
73.3937 54.2041
75.7298 42.3864
78.4576 28.5835
91.67 22.7979
91.67 22.7979
103.6277 19.629
72.0629 -11.0149
64.42 5.3311
57.5954 15.3124
48.4232 28.7298
48.5105 23.4172
44.1894 32.5511
38.4583 44.6641
54.3558 47.882
50 50
