OFV: 317.7350107689989
Runtime: 84.71180471498519
Gap: -9.431633594657511e-08
repPt: {0: (50, 50), 11: (37.90674477964745, 5.781160154825075), 12: (47.784841012117475, -0.2552596368087434), 15: (50.297758768382906, -1.7909592976526965), 16: (63.07564340687287, -9.599422514946223), 4: (98.4585419552608, -2.0428634330374353), 3: (95.01741267121619, 15.602551147049269), 5: (87.59828277260225, 53.67837732906621), 6: (80.23651020855937, 71.44817483958961), 1: (48.30575680796358, 75.65785213046625), 10: (35.87396554428485, 77.20309292319492), 2: (25.131874951195645, 69.74046447254737), 9: (17.08390480936996, 64.14949625255696), 13: (9.937711737898344, 46.160205603460774), 8: (18.142542800772738, 49.08032486372665), 7: (25.454813665437168, 43.567650024444355), 14: (39.35767474988552, 47.209933979558734)}
solType: IP_Optimal
lowerBound: 317.7350407366009
upperBound: 317.7350107689989
Path: 
50 50
37.9067 5.7812
47.7848 -0.2553
50.2978 -1.791
63.0756 -9.5994
98.4585 -2.0429
95.0174 15.6026
87.5983 53.6784
80.2365 71.4482
48.3058 75.6579
35.874 77.2031
25.1319 69.7405
17.0839 64.1495
9.9377 46.1602
18.1425 49.0803
25.4548 43.5677
39.3577 47.2099
50 50
