OFV: 302.46246431925465
Runtime: 3.2449323470063973
Gap: 0.0
repPt: {0: (50, 50), 8: (48.732770717336464, 48.86446513525447), 7: (31.426211429067653, 27.245860329168536), 6: (6.270639369806466, 33.80342867683209), 5: (8.655118296541259, 65.02965971761715), 10: (10.719310216846347, 92.07046206545763), 9: (35.50232578689682, 77.56896461152982), 4: (65.59845498414796, 75.1353713765298), 3: (68.9429828015604, 53.75545386207602), 12: (76.04747898148193, 43.48589781295589), 11: (86.87183609688063, 47.78673696355305), 2: (97.86532217685092, 21.83639066418566), 1: (80.99042550376308, 28.991561355160815)}
solType: IP_Optimal
lowerBound: 302.4624673334707
upperBound: 302.46246431925465
Path: 
50 50
48.7328 48.8645
31.4262 27.2459
6.2706 33.8034
8.6551 65.0297
10.7193 92.0705
35.5023 77.569
65.5985 75.1354
68.943 53.7555
76.0475 43.4859
86.8718 47.7867
97.8653 21.8364
80.9904 28.9916
50 50
