OFV: 422.71864424069025
Runtime: 9.810839127982035
Gap: -1.4383906573821371e-08
repPt: {0: (50, 50), 10: (55.08452554038152, 46.48451023078623), 9: (37.4633316884929, 20.595557887839654), 6: (41.474480787064834, 9.786264043695025), 5: (64.83561151966086, 12.93031721982858), 15: (83.95464459643155, 15.503640299782917), 16: (92.66162632982311, 44.465148327664224), 1: (96.4130592916295, 56.946093195897795), 2: (117.73494943727728, 61.799252992850874), 11: (94.59302967788766, 94.84041606170817), 12: (73.28728020188031, 107.59329204386819), 3: (66.70949004684152, 89.17484032679704), 4: (41.023154071860134, 82.27255638883133), 18: (21.393476383264662, 92.29551794185981), 17: (7.989423879105502, 61.25427724775324), 7: (7.635014657503821, 35.606110532368284), 8: (7.416543558375892, 19.761253752990804), 14: (31.191056713361498, 28.14634617351408), 13: (43.67947829436488, 32.55048378450057)}
solType: IP_Optimal
lowerBound: 422.71865032103574
upperBound: 422.71864424069025
Path: 
50 50
55.0845 46.4845
37.4633 20.5956
41.4745 9.7863
64.8356 12.9303
83.9546 15.5036
92.6616 44.4651
96.4131 56.9461
117.7349 61.7993
94.593 94.8404
73.2873 107.5933
66.7095 89.1748
41.0232 82.2726
21.3935 92.2955
7.9894 61.2543
7.635 35.6061
7.4165 19.7613
31.1911 28.1463
43.6795 32.5505
50 50
