OFV: 248.29884966415298
Runtime: 3600.024577856064
Gap: 0.6134048004951139
repPt: {0: (50, 50), 1: (63.125837752466055, 20.777021880593427), 2: (37.84452149517801, 17.037495090400466), 3: (79.619859068091, 49.231852793543766), 4: (90.3606751721011, 37.719657411070955), 5: (48.29809160889771, 46.48762642225821), 6: (37.73376860206297, 24.683554667681285), 7: (65.37691710968215, 85.86934240969742), 8: (73.22883580574566, 56.08191829200305), 9: (24.32634051611407, 47.426043195639345), 10: (34.547511617484204, 68.85008619796146), 11: (50.955830582349606, 14.406970472216589), 12: (37.981232686449346, 7.614546716786373), 13: (52.99603255964254, 76.74223983980181), 14: (54.2808587418007, 75.39766316291292)}
solType: IP_TimeLimit
lowerBound: 95.99114413888816
upperBound: 248.29884966415298
Path: 
50 50
24.3263 47.426
34.5475 68.8501
52.996 76.7422
54.2809 75.3977
65.3769 85.8693
73.2288 56.0819
79.6199 49.2319
90.3607 37.7197
63.1258 20.777
50.9558 14.407
37.9812 7.6145
37.8445 17.0375
37.7338 24.6836
48.2981 46.4876
50 50
