OFV: 383.005358226002
Runtime: 0.025244215037673712
Gap: None
repPt: {0: (50, 50), 14: (41.62542481480843, 47.62314760152265), 13: (7.899992600242932, 41.30624786086842), 7: (21.903607514559646, 38.74349210512712), 8: (17.415128294826832, 56.097115532873175), 9: (14.450637156954555, 67.5651915874354), 10: (32.04810046298778, 81.90970635787471), 2: (25.167184660200487, 73.95227592523163), 1: (49.32205252745757, 79.60248501468578), 6: (82.68099737208841, 74.61437099050929), 5: (91.42957989668031, 54.82783674440071), 3: (98.88839015188458, 12.299203917592461), 4: (101.79379429851203, -4.25108234958748), 16: (62.58745436189787, -13.57982773573174), 15: (47.84582076291407, -1.2660265193123637), 12: (47.03671861937717, -0.9299326518814819), 11: (34.13792067442543, 4.426291273654193)}
lowerBound: 383.0053418889986
upperBound: 383.005358226002
solType: IP_Optimal
Path: 
50 50
41.6254 47.6231
7.9 41.3062
21.9036 38.7435
17.4151 56.0971
14.4506 67.5652
32.0481 81.9097
25.1672 73.9523
49.3221 79.6025
82.681 74.6144
91.4296 54.8278
98.8884 12.2992
101.7938 -4.2511
62.5875 -13.5798
47.8458 -1.266
47.0367 -0.9299
34.1379 4.4263
50 50
