OFV: 756.2813437701457
Runtime: 460.751699454966
Gap: None
repPt: {0: (50, 50), 1: (50.021350044243896, 50.03035629816055), 2: (59.66102232795642, 63.735287773074724), 34: (61.49532023707709, 66.34332293588733), 33: (37.64563652150352, 59.528495295428755), 40: (37.64566069706147, 59.52849171875807), 39: (29.73414866582096, 69.18904376522605), 17: (30.899949074787568, 69.3668966715264), 18: (55.87969353297458, 73.17410252246054), 49: (47.317982183895836, 82.22408379137836), 50: (62.83978402922928, 74.42855962157097), 7: (62.83977167809038, 74.42855059140302), 8: (86.57275457482774, 87.37317800449273), 57: (84.60360846698893, 94.866576973942), 58: (81.73115953565147, 105.79138630809182), 42: (72.46137405330519, 109.61523025293705), 41: (52.30331330942293, 97.99923755562676), 38: (45.32096113858835, 102.29358304084302), 37: (40.44988991873405, 76.94622507380873), 28: (40.44991909871226, 76.9462449390304), 27: (35.051805455901146, 76.57782256898825), 56: (33.26981960373248, 82.28026738145442), 55: (15.33542748225839, 84.12299717817248), 10: (14.482748920435508, 84.291009786551), 9: (7.254724396831818, 85.71251357067418), 15: (7.224529115190693, 85.7184810530729), 16: (6.0218296927548725, 70.83903667792262), 24: (7.908661244211633, 81.00606536137379), 23: (9.777337917847158, 62.414760022862986), 53: (10.01585850953411, 60.0423453943859), 54: (11.335213751747771, 46.916467354116115), 45: (11.470773636680082, 45.57003530741562), 46: (19.102732009353065, 36.176714618496284), 52: (19.10274348187991, 36.17671355513761), 51: (20.912105718908368, 48.68711044918059), 31: (21.969888152718934, 56.000348891115394), 32: (27.237227845068162, 24.12577428470788), 5: (30.909557022372923, 1.8994571004706344), 6: (34.246553098458904, -18.29369205995575), 26: (62.260006836081644, -17.440663289451553), 25: (55.64282058291056, -0.489513519877371), 12: (54.928696742277324, 1.3381645255201782), 11: (48.41988907213741, 18.024682731442567), 47: (61.34533372025506, 25.704621928615868), 48: (87.64634550448594, 41.334461316922486), 19: (89.12979049315588, 42.6743378764874), 20: (103.36085088035772, 55.52098289634916), 43: (96.1573952480416, 66.6977700670428), 44: (115.4227796411279, 70.72723059959411), 36: (116.3017982308049, 70.91054115183682), 35: (94.0171614136609, 67.8682392559451), 60: (85.18629840160774, 61.829229425609284), 59: (76.96755019331017, 43.15601379904184), 13: (76.0108574008714, 40.98376317793608), 14: (75.31109151769736, 27.491664173533426), 4: (77.99022911747345, 28.41333205176969), 3: (67.12457545675875, 53.262104045779864), 22: (67.06829201996453, 53.390582695383884), 21: (39.413768872188086, 45.96681893620572), 29: (36.02008938130463, 45.05468618780893), 30: (54.62236697938968, 45.794732520799926)}
lowerBound: 756.2812608174822
upperBound: 756.2813437701457
solType: IP_Optimal
Path: 
50 50
50.0214 50.0304
59.661 63.7353
61.4953 66.3433
37.6456 59.5285
37.6457 59.5285
29.7341 69.189
30.8999 69.3669
55.8797 73.1741
47.318 82.2241
62.8398 74.4286
62.8398 74.4286
86.5728 87.3732
84.6036 94.8666
81.7312 105.7914
72.4614 109.6152
52.3033 97.9992
45.321 102.2936
40.4499 76.9462
40.4499 76.9462
35.0518 76.5778
33.2698 82.2803
15.3354 84.123
14.4827 84.291
7.2547 85.7125
7.2245 85.7185
6.0218 70.839
7.9087 81.0061
9.7773 62.4148
10.0159 60.0423
11.3352 46.9165
11.4708 45.57
19.1027 36.1767
19.1027 36.1767
20.9121 48.6871
21.9699 56.0003
27.2372 24.1258
30.9096 1.8995
34.2466 -18.2937
62.26 -17.4407
55.6428 -0.4895
54.9287 1.3382
48.4199 18.0247
61.3453 25.7046
87.6463 41.3345
89.1298 42.6743
103.3609 55.521
96.1574 66.6978
115.4228 70.7272
116.3018 70.9105
94.0172 67.8682
85.1863 61.8292
76.9676 43.156
76.0109 40.9838
75.3111 27.4917
77.9902 28.4133
67.1246 53.2621
67.0683 53.3906
39.4138 45.9668
36.0201 45.0547
54.6224 45.7947
50 50
