OFV: 360.9004985237325
Runtime: 0.1903406969504431
Gap: None
repPt: {0: (50, 50), 16: (65.4907835630417, 49.87158458032326), 15: (69.13021135527546, 54.74086346174465), 9: (80.58493653900015, 57.41092507718986), 10: (80.25384974169332, 79.69752023704535), 14: (87.66337395404048, 109.37718218924994), 13: (86.79632392940314, 92.90724137605507), 6: (85.79511165062752, 73.86142981050439), 5: (88.17817463127051, 55.26929877287876), 12: (61.48849454604892, 14.512416096574416), 11: (47.311659263074716, 14.128554425150714), 2: (20.105795005374503, -7.711018971919319), 1: (11.943150343578303, 11.490311495957501), 8: (12.372023344567927, 14.380676452441982), 7: (14.83421783591694, 31.008712185452175), 4: (3.438014529497643, 62.745969426405516), 3: (28.640937722989477, 55.846207432479844)}
lowerBound: 360.90039228545896
upperBound: 360.9004985237325
solType: IP_Optimal
Path: 
50 50
65.4908 49.8716
69.1302 54.7409
80.5849 57.4109
80.2538 79.6975
87.6634 109.3772
86.7963 92.9072
85.7951 73.8614
88.1782 55.2693
61.4885 14.5124
47.3117 14.1286
20.1058 -7.711
11.9432 11.4903
12.372 14.3807
14.8342 31.0087
3.438 62.746
28.6409 55.8462
50 50
