OFV: 296.0736302896892
Runtime: 11.085417032241821
Gap: 0
repPt: {0: (50, 50), 1: (93.09114943425759, 86.91873347177501), 2: (77.45771188522916, 70.31574242697926), 3: (16.45000387383309, 41.81414255081819), 4: (34.487908190549476, 43.95085762651827), 5: (90.39022899052684, 24.892653061628923), 6: (73.01463754465883, 35.69289328262667), 7: (89.59379188186344, 87.3768286573892), 8: (73.42706816759294, 89.50008018776056), 9: (7.346954343038381, 80.16316213833812), 10: (-6.562112056127424, 78.20058044904343)}
solType: IP_Optimal
lowerBound: 296.07359058283487
upperBound: 296.0736302896892
Path: 
50 50
34.4879 43.9509
16.45 41.8141
-6.5621 78.2006
7.347 80.1632
73.4271 89.5001
89.5938 87.3768
93.0911 86.9187
77.4577 70.3157
90.3902 24.8927
73.0146 35.6929
50 50
