50.0	50.0
4.8	22.9	9.4	45.8
85.0	47.4	91.3	71.4
51.1	76.2	54.9	106.9
36.5	7.6	36.5	46.7
11.9	92.4	15.1	107.7
97.2	65.7	99.0	97.8
47.8	12.0	52.2	39.8
82.8	69.9	88.0	98.8
78.9	55.0	86.4	86.3
8.7	66.4	8.9	82.2
13.7	60.2	16.9	80.4
12.8	31.3	15.9	48.0
4.8	27.8	8.4	63.9
0.8	92.8	4.6	113.8
0.3	21.6	1.5	55.5
65.8	48.0	67.5	71.5
51.2	63.0	53.8	99.2
16.9	18.8	20.9	48.8
99.8	56.3	104.4	78.2
69.6	12.9	74.7	38.5
71.5	41.2	73.3	71.9
16.2	0.7	25.5	36.1
74.1	1.4	77.1	32.2
87.2	86.0	91.7	125.6
46.6	56.1	46.9	79.7
24.0	48.1	26.9	81.1
63.5	36.3	66.5	67.9
36.7	15.9	42.8	50.4
17.7	3.6	21.1	33.0
65.8	40.0	66.0	59.3
96.4	96.5	103.6	125.0
77.8	4.1	84.4	39.2
22.4	32.3	23.1	50.2
94.7	74.0	95.8	102.7
61.8	89.9	66.4	121.8
17.8	73.6	18.6	90.6
49.6	62.1	51.4	80.5
89.8	40.6	91.4	65.6
75.0	11.7	75.1	36.4
42.8	56.7	47.8	86.6
69.2	43.7	73.0	76.5
85.9	15.4	89.4	30.1
40.7	3.8	45.2	42.8
5.0	93.2	8.9	119.5
87.4	11.3	97.4	49.9
5.0	50.7	7.7	87.0
55.9	91.6	58.1	112.9
60.3	45.2	64.8	63.1
62.1	36.3	66.9	54.6
64.9	92.7	69.7	119.4
