50.0	50.0
92.2	43.6	93.0	77.1
51.7	32.4	54.3	49.6
52.6	31.0	61.5	67.0
56.9	32.3	59.2	57.8
74.8	20.0	76.5	35.6
80.1	23.2	81.3	50.1
60.2	96.8	65.9	122.0
40.7	62.1	43.6	97.5
74.4	48.1	80.7	72.8
33.5	25.4	34.6	47.4
32.0	15.6	34.1	35.8
60.8	4.6	67.9	35.3
40.1	62.4	41.2	94.2
70.1	21.4	72.8	50.7
35.3	17.5	41.3	43.9
86.6	17.3	87.0	48.3
24.3	7.0	28.0	38.0
12.5	6.6	13.7	33.9
96.6	71.9	100.6	96.9
38.7	20.8	46.5	52.8
75.4	55.8	84.5	92.2
98.8	45.4	101.7	63.1
55.5	72.3	59.2	88.5
34.8	25.0	34.9	49.5
7.5	5.7	9.3	23.5
76.7	56.6	79.0	84.5
58.2	74.4	60.6	102.5
55.8	95.5	60.9	126.5
54.5	59.0	55.0	82.4
36.9	70.2	42.1	99.6
87.4	20.0	89.5	37.3
57.7	92.8	61.3	109.8
50.5	13.2	59.5	48.0
62.8	31.2	68.0	56.2
32.4	99.5	34.1	124.8
29.9	83.2	38.1	122.1
10.0	86.1	11.1	120.3
78.7	66.2	80.8	84.8
77.6	96.8	78.7	114.4
61.3	44.8	66.9	72.1
14.4	41.3	19.6	68.8
15.6	41.1	20.2	64.9
92.9	18.0	97.5	57.6
49.7	65.7	54.2	101.5
42.3	4.9	43.9	25.1
86.9	80.8	90.2	95.8
11.9	15.4	12.0	35.1
34.1	67.3	35.6	99.7
3.4	23.5	4.0	43.8
4.7	9.5	7.7	39.9
