50.0	50.0
22.9	50.6	23.0	67.4
37.1	76.8	37.3	96.5
74.9	70.3	76.1	106.6
61.2	20.1	67.3	52.5
16.3	87.3	19.9	117.2
25.1	33.6	26.6	51.7
89.9	94.9	95.8	119.8
79.2	17.9	83.3	38.7
77.1	17.5	80.2	41.7
40.0	15.7	44.6	47.4
8.1	36.7	14.9	69.1
97.9	46.2	101.4	61.9
83.5	42.9	86.2	79.9
10.9	93.0	11.3	129.7
57.9	59.1	58.9	92.9
64.6	45.5	69.9	65.4
14.0	3.2	18.9	27.6
41.0	98.0	44.2	116.5
96.1	51.5	98.9	85.7
42.5	30.6	51.4	67.1
39.7	57.5	41.4	95.6
30.0	49.2	39.1	83.4
60.6	2.2	63.0	21.6
53.9	50.3	55.7	76.8
38.9	31.2	45.5	57.8
77.3	56.5	78.1	86.1
2.3	24.9	5.0	56.2
61.0	55.2	65.9	78.5
42.1	90.7	48.8	117.0
95.8	89.0	99.0	112.8
