50.0	50.0
63.6	36.7	63.9	54.0
58.9	39.6	59.3	57.1
33.7	26.2	36.1	65.0
85.4	96.2	86.7	115.7
49.2	71.0	50.2	90.5
14.5	56.0	15.8	84.7
4.3	33.6	12.7	68.7
51.5	28.3	51.8	66.2
3.8	88.6	12.4	123.7
87.2	32.8	88.1	49.5
99.8	62.3	105.7	84.6
39.6	88.3	40.6	124.8
25.2	90.4	31.0	119.0
86.4	2.1	91.7	28.9
25.8	58.5	32.2	85.7
83.2	46.0	83.3	74.7
38.2	36.8	40.4	69.8
36.9	77.0	40.2	96.8
8.4	3.4	8.9	32.2
21.8	44.3	24.7	59.9
30.9	96.7	32.4	112.5
81.2	98.3	85.4	120.1
73.6	57.4	77.0	90.5
10.8	66.9	17.0	101.7
41.5	32.0	47.3	58.1
26.1	15.3	26.2	52.8
87.5	70.6	95.5	102.5
93.3	66.0	100.5	95.7
39.5	47.3	43.6	83.2
87.3	75.3	93.7	112.4
54.6	61.2	58.5	79.5
49.5	65.3	55.3	90.3
27.7	23.9	33.7	55.3
92.5	2.9	94.7	19.4
71.6	96.9	73.0	114.2
81.5	46.7	84.5	77.3
76.6	82.7	77.7	109.4
23.9	71.1	28.5	90.5
48.8	98.0	51.5	134.0
69.3	59.6	73.6	82.2
