50.0	50.0
36.1	91.5	42.7	128.5
64.5	51.9	64.8	67.1
60.5	67.0	63.7	83.3
51.5	21.6	58.0	57.3
10.8	66.9	15.8	103.1
93.8	95.2	94.7	115.3
92.1	6.4	95.0	23.7
20.6	7.0	22.0	24.9
1.8	15.6	5.6	38.1
98.3	18.0	102.5	47.7
80.9	14.4	81.4	51.2
20.4	2.3	24.1	21.8
54.7	35.1	55.5	66.0
63.7	34.0	65.2	51.1
87.5	21.4	88.2	42.9
32.8	95.3	37.2	124.9
77.4	95.2	78.6	132.1
53.1	20.8	55.1	41.0
3.7	95.9	7.6	111.2
35.5	10.7	41.0	39.9
54.5	26.8	57.7	44.6
75.3	67.9	77.3	91.2
82.6	5.6	82.9	37.0
1.7	10.4	2.1	29.1
12.7	11.0	16.8	44.7
82.0	94.6	85.1	129.2
88.1	86.3	96.3	121.1
58.2	45.2	62.5	81.1
55.1	28.8	57.5	67.6
91.4	86.6	95.4	101.6
