50.0	50.0
99.2	7.1	104.0	44.5
68.2	31.1	75.0	57.6
29.2	0.7	32.6	20.0
88.9	62.7	92.2	86.3
50.4	52.1	50.5	72.0
62.1	42.8	64.9	80.9
61.2	69.6	61.6	95.2
99.3	60.6	100.1	85.7
13.8	13.1	17.8	28.3
16.0	52.7	16.1	70.4
8.5	63.2	12.2	79.0
19.5	82.0	20.8	97.8
2.3	76.7	9.3	105.1
48.0	27.2	52.9	66.1
35.0	89.9	41.0	121.9
7.9	11.0	9.5	50.7
61.5	7.3	63.8	33.5
1.3	11.5	8.6	45.5
76.2	50.0	79.8	82.5
68.9	84.5	71.3	107.3
96.7	53.5	104.2	85.6
72.4	45.3	73.3	79.3
56.4	88.3	59.0	104.6
82.9	55.8	83.1	78.0
70.5	53.8	75.1	78.5
21.2	21.6	23.8	45.4
25.3	53.9	25.3	85.8
93.2	92.4	96.0	114.6
56.5	63.6	59.3	84.5
54.9	14.7	60.5	37.5
