50.0	50.0
80.7	32.8	81.8	65.1
97.2	41.1	97.3	70.5
96.0	34.0	101.1	67.0
96.2	30.2	98.5	59.0
66.5	8.8	71.9	46.1
26.9	53.9	32.7	82.8
67.5	60.2	68.2	78.1
71.1	41.4	81.3	79.8
67.8	52.4	72.9	92.0
68.2	70.6	69.8	95.5
64.5	36.3	67.3	71.2
7.1	46.7	10.3	72.4
48.9	59.4	55.8	92.0
37.5	14.5	40.0	36.1
91.2	81.2	94.6	109.3
93.3	26.1	95.0	57.8
59.5	8.4	64.3	30.3
0.7	75.0	7.1	105.3
82.8	77.0	89.5	107.6
82.3	3.5	85.7	23.5
58.8	38.4	63.4	77.1
73.2	28.0	75.1	47.9
89.4	39.7	90.7	55.2
88.1	8.7	94.9	36.7
93.9	20.4	97.4	43.5
29.2	23.6	34.1	45.8
25.6	7.8	29.4	28.7
24.5	19.4	29.5	41.7
23.0	67.8	28.7	90.7
81.9	11.1	85.7	32.5
8.3	61.4	15.6	92.5
62.6	85.3	65.9	110.0
66.3	39.4	72.5	66.8
54.1	18.1	55.4	36.4
51.8	76.8	55.5	112.8
48.0	47.8	55.6	76.2
12.6	29.3	13.1	55.9
98.8	42.7	99.8	76.8
82.0	87.2	84.8	115.4
83.8	19.7	86.2	43.4
