50.0	50.0
17.2	83.3	22.6	112.3
24.1	45.3	27.4	72.6
41.7	59.1	42.1	91.7
60.9	63.2	64.2	94.4
13.4	21.3	18.8	57.4
40.8	14.5	41.3	32.9
99.4	62.2	102.0	93.2
91.9	77.8	94.3	93.6
18.3	19.7	21.9	55.1
50.8	80.2	51.1	114.4
2.9	3.6	4.2	36.4
21.5	10.8	21.8	44.2
32.7	66.8	34.7	96.3
22.6	84.8	24.8	103.6
40.6	21.6	46.4	53.2
34.6	38.5	35.7	61.6
44.6	42.8	46.6	67.1
57.6	95.3	61.0	122.5
70.3	83.2	71.6	118.4
67.3	63.9	69.2	81.1
90.3	51.8	92.2	70.0
87.6	29.9	93.3	52.5
64.3	45.5	64.7	80.8
44.0	30.9	44.3	47.0
29.5	50.1	35.4	82.4
37.2	8.1	39.9	47.2
72.8	64.1	75.5	88.7
20.2	6.0	22.5	24.4
15.8	40.7	17.9	71.8
25.1	40.6	30.8	63.5
9.9	14.8	11.8	42.4
5.1	78.9	9.9	100.6
17.1	4.4	20.4	20.3
4.5	25.1	5.0	46.3
20.0	77.0	22.3	92.9
81.2	56.9	82.8	90.4
93.5	86.1	93.6	101.5
9.1	86.6	10.7	107.6
3.1	42.4	7.4	60.1
89.0	29.7	89.6	48.1
28.2	97.7	28.9	130.6
49.4	65.3	51.4	85.1
13.2	95.3	16.4	126.9
55.9	57.9	60.3	87.1
11.8	47.9	12.5	76.4
86.3	57.2	86.3	78.1
12.6	36.5	16.8	65.5
63.6	99.1	63.9	114.7
73.8	39.0	74.2	74.3
50.9	52.2	53.4	72.5
