50.0	50.0
7.8	4.5	8.1	41.3
18.8	33.1	22.1	65.8
70.2	40.6	74.1	56.9
2.8	84.5	9.4	112.9
42.5	28.6	47.1	55.7
57.8	50.9	63.3	89.8
59.5	5.6	63.5	23.3
74.3	57.0	77.3	76.4
73.6	71.0	74.9	98.3
39.6	38.3	44.0	69.8
71.5	44.4	76.0	63.7
63.2	61.5	70.2	94.1
13.4	18.5	14.5	40.6
45.3	78.3	45.4	102.8
13.6	95.2	18.7	115.4
38.4	26.5	39.4	50.1
2.0	18.4	2.9	40.0
73.9	80.4	74.0	120.3
34.8	72.0	39.7	101.1
82.4	53.9	85.2	76.8
20.6	92.6	27.3	122.7
48.4	66.6	52.4	92.5
28.5	19.2	35.9	52.1
64.9	5.5	69.0	21.6
28.4	94.4	35.1	119.6
32.3	84.4	37.2	122.9
67.3	71.3	67.7	101.0
73.2	93.0	80.3	128.6
64.5	85.2	66.0	106.1
60.1	45.1	62.0	69.5
