50.0	50.0
30.0	55.4	31.2	81.8
56.8	66.5	64.4	97.2
33.3	8.8	35.7	33.8
4.8	85.0	5.2	101.5
90.8	63.0	92.2	80.0
6.1	96.6	12.1	122.0
50.7	24.3	54.3	43.0
38.0	66.6	42.6	87.7
28.4	26.8	31.3	54.9
80.6	25.5	88.2	55.2
92.9	93.9	100.5	130.6
47.7	97.4	48.8	128.9
32.2	77.1	38.0	112.4
24.2	2.8	31.9	36.2
22.3	32.5	23.1	57.3
94.0	94.5	98.8	123.7
52.6	61.6	60.6	97.8
8.9	1.6	15.8	39.7
44.9	3.9	47.5	20.0
29.0	97.8	30.4	116.4
35.8	79.2	38.2	98.8
58.6	32.6	63.5	56.3
97.7	2.3	102.5	35.2
3.5	83.9	7.2	98.6
38.4	75.4	39.2	110.1
45.9	11.9	53.5	45.8
99.3	75.4	105.0	101.6
65.9	82.4	68.9	104.2
44.1	96.4	53.1	131.1
77.5	68.7	77.9	86.1
42.0	59.4	46.7	91.1
60.1	16.6	60.5	36.1
84.3	16.6	87.5	51.2
35.6	37.8	39.1	56.0
1.1	0.2	7.8	28.8
26.7	55.2	31.3	91.2
55.6	76.0	60.5	108.0
47.5	79.3	47.6	117.2
13.8	99.5	21.1	133.2
77.7	64.8	79.4	95.8
