50.0	50.0
5.0	10.6	32.6	17.5
30.9	54.4	50.6	25.3
95.0	53.7	103.6	29.5
21.8	31.7	41.9	30.0
86.1	53.1	92.6	23.5
44.9	20.7	65.4	32.2
82.1	97.8	85.5	117.1
65.3	60.6	82.5	62.3
10.8	2.7	20.4	-15.0
50.0	72.3	69.2	94.3
27.4	1.9	45.0	-14.5
79.2	91.6	83.2	66.2
43.5	58.2	61.5	59.0
44.1	52.6	55.8	39.4
52.8	44.5	67.5	54.7
75.9	51.0	101.5	22.7
62.5	87.4	81.2	69.0
98.4	57.1	124.2	51.6
42.8	90.4	63.3	66.7
35.4	82.0	47.8	96.8
51.8	86.8	55.0	70.9
69.5	69.0	74.7	41.5
57.2	54.7	81.9	59.6
43.6	35.6	49.5	60.6
76.3	99.1	76.9	127.6
29.6	93.8	44.9	92.4
60.7	79.8	82.1	86.8
56.7	54.5	83.9	61.5
13.2	66.0	27.4	29.3
21.5	19.5	41.4	36.4
70.2	87.6	106.9	84.7
81.4	37.1	103.2	25.8
21.8	2.4	38.9	3.5
73.1	51.0	84.6	38.6
30.4	70.3	47.5	66.7
80.9	29.8	102.6	32.2
21.6	8.7	34.2	-6.1
16.1	10.7	27.9	-8.1
7.6	78.9	38.4	88.5
62.5	20.2	78.8	49.4
14.4	6.7	34.5	32.7
42.3	51.7	61.2	44.5
59.5	89.8	95.6	76.2
69.4	52.3	71.8	14.0
35.5	87.4	47.5	120.1
85.7	67.6	98.4	32.1
24.8	9.1	40.6	-0.1
5.0	89.8	20.2	78.0
79.0	27.3	97.8	44.5
21.4	72.0	35.6	42.3
