50.0	50.0
22.9	50.6	23.7	67.4
37.1	76.8	39.4	96.3
74.9	70.3	89.2	103.7
61.2	20.1	86.9	-0.6
16.3	87.3	46.0	91.9
25.1	33.6	40.5	43.2
89.9	94.9	99.0	71.0
79.2	17.9	94.9	3.5
77.1	17.5	101.5	18.7
40.0	15.7	71.7	10.7
8.1	36.7	28.7	10.8
97.9	46.2	106.2	32.5
83.5	42.9	111.5	67.4
10.9	93.0	15.4	129.4
57.9	59.1	70.1	90.6
64.6	45.5	64.9	25.0
14.0	3.2	31.3	-14.7
41.0	98.0	58.0	90.0
96.1	51.5	124.6	70.6
42.5	30.6	52.7	-5.5
39.7	57.5	59.1	90.4
30.0	49.2	30.3	13.8
60.6	2.2	80.1	3.3
53.9	50.3	73.4	68.4
38.9	31.2	44.2	4.3
77.3	56.5	86.7	84.6
2.3	24.9	29.5	40.6
61.0	55.2	75.3	36.2
42.1	90.7	46.4	63.8
95.8	89.0	119.8	87.8
