50.0	50.0
25.5	76.9	47.3	82.8
74.2	85.6	89.3	61.5
97.7	6.2	105.6	44.6
20.1	32.0	29.8	58.7
4.9	78.1	14.8	108.2
57.6	1.6	80.8	-18.5
19.8	65.2	52.2	86.9
76.1	87.6	95.7	61.2
11.4	63.1	27.8	90.9
79.2	9.8	99.0	28.3
55.8	43.3	77.9	41.5
63.4	70.2	84.4	78.2
26.6	51.5	62.6	63.8
92.5	10.4	99.4	-15.4
53.8	21.4	76.3	22.0
43.0	18.8	67.1	31.9
72.8	40.0	105.6	25.0
0.4	77.6	17.4	71.1
57.3	18.9	88.4	-0.1
38.2	17.2	76.9	9.8
19.0	20.9	39.7	50.8
57.5	3.8	80.0	33.4
68.2	75.8	92.1	59.0
66.4	91.9	68.6	118.1
0.5	24.2	29.6	18.8
81.9	32.9	112.1	25.9
99.0	10.6	108.5	27.8
14.5	96.7	34.1	127.4
78.5	2.7	99.7	-16.2
0.1	76.6	22.9	80.5
25.3	3.4	40.4	-4.7
45.4	68.0	62.6	58.1
38.8	50.4	64.6	74.4
72.4	19.9	96.3	27.8
15.4	29.2	24.5	57.5
77.0	31.1	85.6	62.3
76.4	47.7	78.1	19.5
26.7	30.5	57.7	35.1
40.1	66.8	62.1	97.9
91.5	74.6	106.3	39.3
