50.0	50.0
7.8	4.5	12.0	41.1
18.8	33.1	49.4	45.3
70.2	40.6	75.1	24.5
2.8	84.5	14.5	57.9
42.5	28.6	67.4	16.8
57.8	50.9	96.8	46.5
59.5	5.6	67.2	-10.8
74.3	57.0	93.3	51.9
73.6	71.0	88.4	93.9
39.6	38.3	71.3	35.2
71.5	44.4	79.5	26.2
63.2	61.5	82.1	34.2
13.4	18.5	25.7	36.9
45.3	78.3	45.6	102.8
13.6	95.2	16.2	74.6
38.4	26.5	49.7	47.2
2.0	18.4	12.0	37.6
73.9	80.4	75.2	120.3
34.8	72.0	61.6	59.5
82.4	53.9	105.2	57.3
20.6	92.6	36.5	66.1
48.4	66.6	73.8	60.2
28.5	19.2	43.5	-11.1
64.9	5.5	66.4	-11.1
28.4	94.4	29.9	68.4
32.3	84.4	71.0	87.1
67.3	71.3	72.3	100.6
73.2	93.0	98.3	66.8
64.5	85.2	80.2	99.1
60.1	45.1	80.3	58.9
