50.0	50.0
68.9	75.6	78.8	45.0
78.6	96.3	81.2	80.8
70.8	51.2	92.6	82.1
67.0	40.2	68.4	56.0
82.5	92.5	99.7	68.7
27.0	2.5	36.2	16.1
28.8	33.6	54.8	26.2
93.3	22.0	106.7	-5.5
78.1	35.6	102.4	61.3
1.0	78.6	17.7	59.2
34.8	50.7	65.6	32.8
23.3	78.4	43.6	53.8
47.8	72.7	47.8	93.8
1.6	72.3	33.8	80.4
62.2	9.0	76.8	18.1
51.4	55.9	83.8	39.0
10.6	9.1	13.6	-15.0
77.4	75.0	100.4	105.1
65.4	58.1	74.7	45.8
95.2	86.0	105.4	52.2
95.6	59.0	111.9	88.8
86.0	15.9	103.3	13.1
37.1	63.7	56.6	50.7
81.7	22.6	88.1	2.2
83.7	25.9	98.5	23.0
20.3	59.9	24.8	35.3
81.2	30.9	107.9	36.7
14.2	41.9	17.0	5.2
40.0	38.9	68.9	24.1
0.9	17.8	24.9	27.2
66.0	59.2	83.2	73.9
51.0	88.1	55.1	110.1
46.8	45.1	52.9	23.3
36.5	18.2	38.2	-5.7
65.2	59.6	85.6	53.1
62.2	70.4	90.7	65.9
74.8	79.7	91.8	80.8
97.0	95.1	127.9	85.3
82.0	60.0	104.4	46.8
76.7	94.1	90.9	114.2
