50.0	50.0
61.8	99.8	76.7	65.9
80.4	32.5	114.2	49.5
11.0	59.0	20.7	42.8
86.1	33.6	97.5	47.7
28.9	23.5	37.6	6.0
27.8	22.4	58.5	22.7
6.5	15.7	7.1	-13.0
15.9	37.8	32.2	29.7
27.5	54.7	32.2	79.7
55.8	53.8	58.1	72.8
2.8	16.5	16.9	47.3
41.6	62.1	46.6	89.3
29.8	44.8	59.4	63.6
31.3	44.9	49.0	48.5
45.4	75.5	45.6	54.4
36.3	90.6	40.5	124.9
69.8	36.7	89.3	20.1
9.8	0.8	34.1	-12.1
32.5	45.7	58.8	50.0
37.6	98.7	51.1	84.4
80.3	13.2	105.1	30.1
56.6	69.0	73.3	48.5
31.5	35.6	50.4	10.6
93.2	97.3	111.4	128.7
22.4	7.7	47.5	28.8
93.5	40.5	128.7	46.8
80.9	81.4	88.4	66.6
22.3	21.9	38.4	21.9
20.6	57.3	34.6	64.6
55.5	24.8	73.1	2.2
