50.0	50.0
36.1	91.5	68.3	72.1
64.5	51.9	68.1	66.7
60.5	67.0	73.0	56.0
51.5	21.6	81.7	1.4
10.8	66.9	47.3	64.4
93.8	95.2	104.1	112.4
92.1	6.4	108.2	-0.7
20.6	7.0	35.5	17.0
1.8	15.6	22.5	6.1
98.3	18.0	128.2	14.8
80.9	14.4	87.8	50.6
20.4	2.3	35.6	-10.5
54.7	35.1	64.1	64.6
63.7	34.0	78.6	42.5
87.5	21.4	95.4	41.4
32.8	95.3	62.0	89.1
77.4	95.2	92.3	128.9
53.1	20.8	71.6	29.2
3.7	95.9	6.1	80.2
35.5	10.7	58.7	-7.8
54.5	26.8	69.8	17.2
75.3	67.9	95.4	79.9
82.6	5.6	86.0	36.9
1.7	10.4	6.3	28.5
12.7	11.0	46.4	14.8
82.0	94.6	112.8	110.6
88.1	86.3	100.8	52.9
58.2	45.2	94.0	50.9
55.1	28.8	81.4	57.4
91.4	86.6	92.3	71.2
