50.0	50.0
12.8	90.1	36.2	71.9
43.8	2.1	61.2	20.5
47.0	96.2	80.1	95.0
18.8	42.9	32.7	76.8
47.8	89.9	67.4	90.3
52.3	50.0	72.8	39.3
62.0	3.4	88.4	-0.5
53.2	60.5	76.6	55.7
19.5	29.4	43.2	50.7
21.9	97.8	30.4	128.7
89.7	7.4	107.1	-5.5
44.9	8.5	56.3	18.5
29.3	63.9	60.9	58.4
6.4	73.1	22.2	60.9
47.9	49.7	57.8	37.6
48.6	84.6	72.9	75.3
62.3	87.3	78.8	119.4
31.1	94.3	47.8	98.0
97.6	21.4	104.9	48.4
26.0	36.8	47.8	39.7
78.4	84.3	88.2	47.3
48.7	1.3	69.9	-8.2
5.7	7.7	33.1	24.9
1.6	54.5	7.6	78.1
33.8	39.0	53.5	62.0
25.7	10.8	40.4	-3.3
60.0	2.1	64.8	-22.7
5.3	52.6	33.2	49.4
71.4	19.4	82.1	-10.0
19.8	62.7	40.2	91.9
