50.0	50.0
4.8	22.9	20.4	5.6
85.0	47.4	86.3	22.6
51.1	76.2	81.9	78.3
36.5	7.6	36.7	46.7
11.9	92.4	21.5	80.1
97.2	65.7	117.0	91.1
47.8	12.0	74.1	2.2
82.8	69.9	107.7	54.3
78.9	55.0	88.4	24.3
8.7	66.4	11.6	82.0
13.7	60.2	33.0	53.6
12.8	31.3	25.8	20.6
4.8	27.8	38.5	41.1
0.8	92.8	18.9	81.6
0.3	21.6	13.5	52.9
65.8	48.0	83.7	63.3
51.2	63.0	78.7	86.7
16.9	18.8	47.1	17.5
99.8	56.3	112.9	38.1
69.6	12.9	88.1	-5.6
71.5	41.2	91.8	64.3
16.2	0.7	18.4	-35.8
74.1	1.4	102.4	13.9
87.2	86.0	126.1	94.8
46.6	56.1	50.0	79.4
24.0	48.1	53.1	63.7
63.5	36.3	92.4	49.3
36.7	15.9	67.1	-1.6
17.7	3.6	46.8	9.2
65.8	40.0	67.8	59.2
96.4	96.5	101.6	67.5
77.8	4.1	106.5	-17.4
22.4	32.3	29.8	48.6
94.7	74.0	107.3	99.8
61.8	89.9	93.6	84.5
17.8	73.6	26.6	88.2
49.6	62.1	66.6	69.5
89.8	40.6	106.5	59.2
75.0	11.7	76.8	36.4
42.8	56.7	70.8	45.1
69.2	43.7	101.6	50.0
85.9	15.4	90.5	1.0
40.7	3.8	79.1	11.8
5.0	93.2	31.1	88.2
87.4	11.3	91.0	-28.4
5.0	50.7	32.9	74.2
55.9	91.6	76.1	98.9
60.3	45.2	63.3	27.1
62.1	36.3	63.4	17.4
64.9	92.7	87.6	77.7
