50.0	50.0
66.6	14.7	84.7	-1.9
81.7	50.8	100.8	59.3
42.3	45.9	64.3	40.1
67.3	92.6	107.1	92.5
18.6	43.4	24.2	75.3
49.3	14.5	67.2	6.4
54.4	83.6	69.6	83.5
74.1	20.3	101.9	3.6
57.7	2.1	80.2	-10.8
79.4	24.4	100.7	22.9
48.9	97.0	64.4	76.3
1.4	18.4	1.6	-1.6
18.2	12.1	36.2	8.5
16.7	33.9	25.3	70.6
95.9	16.2	101.4	-3.8
51.7	30.4	63.9	11.4
15.1	1.8	39.9	-23.2
42.8	14.3	81.6	6.5
89.9	89.8	96.0	59.6
10.5	5.9	37.4	1.7
93.7	12.5	119.1	35.4
25.9	65.7	62.4	68.1
13.3	7.0	31.6	18.1
8.7	2.8	32.5	-25.9
83.2	55.4	101.3	66.3
34.7	47.8	41.8	81.5
24.9	75.0	45.0	90.8
95.0	1.9	114.2	13.7
21.8	59.2	44.7	69.9
17.6	83.3	31.1	97.3
66.3	15.3	88.5	9.5
3.7	6.7	22.3	34.3
85.8	7.2	91.6	45.2
10.5	79.7	23.8	108.7
15.5	10.2	32.4	31.4
86.6	31.3	108.5	56.0
3.5	84.2	32.7	85.2
27.4	94.2	33.3	119.1
71.9	41.5	85.3	31.1
98.0	97.4	110.5	65.9
