50.0	50.0
99.2	7.1	136.8	8.7
68.2	31.1	71.2	3.9
29.2	0.7	46.3	-9.0
88.9	62.7	112.5	59.9
50.4	52.1	51.2	72.0
62.1	42.8	91.7	66.9
61.2	69.6	65.6	94.8
99.3	60.6	109.1	83.7
13.8	13.1	14.3	-2.6
16.0	52.7	17.8	70.3
8.5	63.2	14.4	48.2
19.5	82.0	32.5	91.0
2.3	76.7	10.1	48.5
48.0	27.2	87.1	29.5
35.0	89.9	60.4	69.5
7.9	11.0	26.0	46.3
61.5	7.3	83.9	21.2
1.3	11.5	20.5	-17.5
76.2	50.0	108.0	57.8
68.9	84.5	90.5	92.3
96.7	53.5	108.8	22.9
72.4	45.3	82.7	77.7
56.4	88.3	72.1	82.9
82.9	55.8	85.1	77.9
70.5	53.8	90.6	38.7
21.2	21.6	44.2	28.6
25.3	53.9	26.1	85.8
93.2	92.4	115.6	93.7
56.5	63.6	77.6	63.1
54.9	14.7	61.3	-7.9
