50.0	50.0
51.0	43.2	60.2	64.5
61.3	56.7	84.4	25.6
26.5	0.8	29.8	-23.7
61.3	67.6	93.0	84.6
0.5	87.3	20.3	82.0
41.8	20.3	60.9	0.3
69.2	42.6	71.1	21.9
3.0	91.3	5.1	63.9
28.2	66.6	62.5	70.9
86.3	43.4	110.3	54.6
36.3	48.8	70.1	59.7
3.8	60.0	8.2	88.0
56.4	4.1	68.1	-21.3
31.1	70.8	47.2	78.8
29.1	44.0	61.2	43.4
21.9	63.0	31.8	25.6
31.6	56.0	67.2	70.4
91.5	74.4	123.2	72.1
36.6	71.1	42.5	108.7
23.2	71.7	42.3	54.3
52.2	91.0	72.0	116.6
89.7	69.4	119.9	66.7
5.0	42.9	17.0	29.5
64.9	19.7	91.8	35.7
41.7	86.4	68.7	70.6
16.1	49.5	21.5	29.6
3.1	59.5	7.4	42.9
14.3	77.2	37.7	87.7
81.2	91.8	87.0	110.4
73.4	42.0	79.8	66.3
