50.0	50.0
63.6	36.7	67.3	53.6
58.9	39.6	63.8	56.4
33.7	26.2	59.7	55.2
85.4	96.2	98.9	110.4
49.2	71.0	60.0	87.3
14.5	56.0	29.7	80.3
4.3	33.6	16.2	-0.5
51.5	28.3	55.2	66.0
3.8	88.6	14.1	53.9
87.2	32.8	97.9	45.7
99.8	62.3	100.8	39.2
39.6	88.3	51.2	122.9
25.2	90.4	44.2	68.3
86.4	2.1	105.8	-17.1
25.8	58.5	35.5	32.3
83.2	46.0	84.3	74.6
38.2	36.8	61.4	60.3
36.9	77.0	55.6	69.7
8.4	3.4	14.0	31.6
21.8	44.3	34.8	35.2
30.9	96.7	45.2	103.6
81.2	98.3	98.3	83.9
73.6	57.4	105.1	68.3
10.8	66.9	41.2	48.8
41.5	32.0	54.9	8.8
26.1	15.3	28.0	52.7
87.5	70.6	94.8	38.5
93.3	66.0	101.4	36.6
39.5	47.3	74.8	55.0
87.3	75.3	120.6	57.6
54.6	61.2	64.6	45.3
49.5	65.3	59.1	41.5
27.7	23.9	51.6	2.8
92.5	2.9	109.2	2.2
71.6	96.9	85.3	107.6
81.5	46.7	109.7	59.2
76.6	82.7	89.9	105.9
23.9	71.1	30.6	52.3
48.8	98.0	77.4	119.9
69.3	59.6	87.2	45.1
