50.0	50.0
78.6	24.6	97.4	38.9
64.3	51.9	66.7	79.1
5.6	65.8	40.7	64.0
33.0	22.5	39.2	54.1
34.0	72.8	48.0	40.8
88.8	52.4	107.0	44.7
15.0	25.9	43.1	33.4
50.8	78.4	53.4	60.9
5.8	27.3	12.6	-6.3
45.0	51.1	62.6	79.9
18.8	61.1	24.9	86.6
64.4	15.8	79.0	31.2
54.1	53.4	58.6	74.2
56.4	51.9	66.9	33.4
1.5	64.9	19.7	87.8
67.3	85.7	74.0	120.6
43.1	55.9	48.9	30.9
71.5	7.4	106.3	5.5
28.7	46.3	31.3	31.2
90.0	46.0	94.7	69.6
47.5	34.4	52.3	0.9
11.7	64.5	25.9	71.8
10.2	89.3	38.6	104.4
68.3	3.3	90.2	-21.8
83.2	95.0	85.7	124.5
61.8	42.8	73.8	16.7
46.4	51.2	75.7	43.2
6.9	92.8	17.5	75.1
93.3	29.7	122.1	30.5
40.5	81.5	46.7	97.8
