50.0	50.0
80.7	32.8	94.3	62.1
97.2	41.1	98.9	70.5
96.0	34.0	128.3	25.6
96.2	30.2	120.0	46.5
66.5	8.8	103.9	3.7
26.9	53.9	47.3	32.6
67.5	60.2	75.4	76.3
71.1	41.4	72.8	1.7
67.8	52.4	107.7	53.6
68.2	70.6	85.6	88.5
64.5	36.3	92.9	56.8
7.1	46.7	32.9	48.2
48.9	59.4	68.7	32.7
37.5	14.5	58.8	18.9
91.2	81.2	119.2	84.8
93.3	26.1	112.6	51.2
59.5	8.4	71.2	-10.8
0.7	75.0	18.6	49.8
82.8	77.0	99.3	50.2
82.3	3.5	100.1	-6.2
58.8	38.4	97.3	44.6
73.2	28.0	91.5	35.9
89.4	39.7	102.7	47.7
88.1	8.7	96.3	-18.9
93.9	20.4	116.8	15.5
29.2	23.6	41.0	4.1
25.6	7.8	43.2	-4.1
24.5	19.4	35.4	-0.7
23.0	67.8	27.9	44.7
81.9	11.1	100.4	-0.1
8.3	61.4	19.9	31.7
62.6	85.3	87.5	84.0
66.3	39.4	80.0	14.9
54.1	18.1	68.2	29.8
51.8	76.8	86.0	88.9
48.0	47.8	48.1	18.4
12.6	29.3	18.4	55.3
98.8	42.7	111.4	74.4
82.0	87.2	108.4	97.6
83.8	19.7	106.2	28.1
