50.0	50.0
91.4	63.1	94.3	48.0
72.8	5.7	91.0	1.7
65.1	75.1	88.6	85.5
44.2	24.4	51.4	-13.2
84.0	8.7	93.9	21.8
75.7	7.6	99.8	9.8
49.4	45.9	76.0	45.8
44.6	99.3	47.7	73.1
55.8	54.9	67.8	36.5
11.8	27.3	41.5	17.2
57.6	50.8	68.6	34.9
48.7	78.6	75.4	54.2
12.7	13.8	49.9	24.0
37.8	63.2	52.5	67.6
48.5	83.0	59.4	45.8
94.8	75.0	127.2	88.6
2.1	79.8	36.6	93.8
31.5	69.8	54.5	93.1
0.0	29.6	29.6	42.3
21.1	93.1	34.8	103.7
13.3	60.8	46.0	59.3
66.3	79.5	68.9	110.2
21.7	66.9	53.5	66.7
75.8	92.5	85.1	120.0
28.9	1.1	33.9	28.8
45.2	43.4	76.8	55.9
62.7	16.5	97.6	29.5
23.7	99.4	48.3	108.6
45.9	91.3	54.8	113.1
98.0	59.5	115.3	60.1
