50.0	50.0
92.2	43.6	101.2	75.9
51.7	32.4	68.4	27.8
52.6	31.0	61.9	-4.9
56.9	32.3	79.3	44.7
74.8	20.0	89.9	24.5
80.1	23.2	94.0	46.3
60.2	96.8	71.5	73.5
40.7	62.1	70.2	81.9
74.4	48.1	78.0	22.8
33.5	25.4	46.1	43.5
32.0	15.6	51.4	21.5
60.8	4.6	74.3	-23.8
40.1	62.4	52.1	91.9
70.1	21.4	96.4	34.7
35.3	17.5	47.3	-6.7
86.6	17.3	91.7	47.9
24.3	7.0	55.1	11.6
12.5	6.6	26.1	30.3
96.6	71.9	120.6	63.9
38.7	20.8	46.8	-11.1
75.4	55.8	82.9	19.0
98.8	45.4	115.3	38.8
55.5	72.3	62.9	57.5
34.8	25.0	36.2	49.5
7.5	5.7	24.0	12.7
76.7	56.6	100.2	71.9
58.2	74.4	82.5	88.9
55.8	95.5	84.8	83.3
54.5	59.0	60.8	81.5
36.9	70.2	62.2	54.4
87.4	20.0	104.8	21.4
57.7	92.8	68.2	78.9
50.5	13.2	55.3	-22.5
62.8	31.2	78.4	11.0
32.4	99.5	50.2	117.6
29.9	83.2	54.6	52.0
10.0	86.1	22.0	118.1
78.7	66.2	97.0	69.7
77.6	96.8	89.4	109.9
61.3	44.8	79.1	23.4
14.4	41.3	36.0	23.6
15.6	41.1	34.0	25.3
92.9	18.0	132.1	24.9
49.7	65.7	85.7	67.8
42.3	4.9	58.5	17.0
86.9	80.8	94.9	67.7
11.9	15.4	13.5	35.0
34.1	67.3	51.3	94.9
3.4	23.5	11.1	42.3
4.7	9.5	33.3	20.3
