50.0	50.0
13.9	65.5	31.6	40.2
40.2	56.0	66.8	26.6
9.3	2.2	12.5	18.3
2.3	0.4	5.7	-22.3
96.5	23.1	128.3	23.1
53.7	70.3	61.9	57.0
10.1	86.4	17.2	108.4
25.9	82.1	35.2	94.3
25.4	74.7	55.6	88.3
56.7	76.3	88.0	83.8
8.3	76.8	12.6	96.9
87.3	76.8	106.5	80.4
97.7	72.9	109.0	90.0
55.1	75.4	66.9	51.3
57.6	31.2	59.7	15.1
59.8	19.7	94.3	26.4
76.8	60.5	91.8	52.4
36.9	6.4	65.0	3.1
55.9	39.9	76.4	54.7
8.0	84.1	30.7	115.2
19.9	51.6	28.5	36.5
28.7	66.5	56.2	49.6
45.5	7.9	55.6	-27.0
44.5	78.8	46.3	111.3
41.4	98.0	55.6	92.0
83.1	36.7	100.7	22.2
5.0	18.4	7.7	-2.4
54.1	94.6	70.7	112.8
84.1	54.7	108.1	35.0
70.2	29.8	78.8	45.7
